  3.402595E-01 5.490E+00
  4.515250E-01 4.132E+00
  5.477483E-01 3.190E+00
  6.392588E-01 2.526E+00
  7.263593E-01 2.065E+00
  8.493452E-01 1.592E+00
  9.638827E-01 1.269E+00
  1.070728E+00 1.043E+00
  1.202377E+00 8.415E-01
  1.351498E+00 6.765E-01
  1.510810E+00 5.439E-01
  1.673724E+00 4.439E-01
  1.853226E+00 3.668E-01
  2.094267E+00 2.950E-01
  2.313842E+00 2.509E-01
  2.480494E+00 2.348E-01
  2.590477E+00 2.391E-01
  2.658392E+00 2.568E-01
  2.696976E+00 2.803E-01
  2.727535E+00 3.161E-01
  2.746732E+00 3.559E-01
  2.760554E+00 4.016E-01
  2.773905E+00 4.728E-01
  2.782556E+00 5.460E-01
  2.786809E+00 5.956E-01
  2.791014E+00 6.580E-01
  2.795172E+00 7.388E-01
  2.799284E+00 8.464E-01
  2.803350E+00 9.957E-01
  2.807372E+00 1.214E+00
  2.811349E+00 1.555E+00
  2.815283E+00 2.147E+00
  2.819174E+00 3.340E+00
  2.823022E+00 6.492E+00
  2.826829E+00 2.180E+01
  2.830595E+00 1.930E+03
  2.834320E+00 1.694E+01
  2.838005E+00 3.462E+00
  2.841651E+00 1.243E+00
  2.845259E+00 5.528E-01
  2.848828E+00 2.718E-01
  2.852359E+00 1.396E-01
  2.855853E+00 7.200E-02
  2.859311E+00 3.591E-02
  2.862732E+00 1.646E-02
  2.866118E+00 6.305E-03
  2.869468E+00 1.559E-03
  2.872784E+00 3.943E-05
  2.876066E+00 4.737E-04
  2.879314E+00 2.093E-03
  2.882528E+00 4.422E-03
  2.885710E+00 7.160E-03
  2.895064E+00 1.622E-02
  2.910037E+00 3.042E-02
  2.927049E+00 4.397E-02
  2.948240E+00 5.709E-02
  2.977162E+00 7.005E-02
  3.022655E+00 8.361E-02
  3.126085E+00 1.060E-01
  3.149537E+00 1.164E-01
  3.161556E+00 1.281E-01
  3.167946E+00 1.411E-01
  3.171776E+00 1.559E-01
  3.174016E+00 1.709E-01
  3.175486E+00 1.866E-01
  3.176938E+00 2.117E-01
  3.177658E+00 2.313E-01
  3.178372E+00 2.602E-01
  3.179083E+00 3.070E-01
  3.179788E+00 3.963E-01
  3.180490E+00 6.286E-01
  3.181187E+00 2.041E+00
  3.181880E+00 2.209E+00
  3.182569E+00 2.040E-02
  3.183253E+00 6.740E-03
  3.183934E+00 3.131E-02
  3.184610E+00 5.368E-02
  3.185282E+00 7.265E-02
  3.187273E+00 1.231E-01
  3.187929E+00 1.426E-01
  3.188581E+00 1.670E-01
  3.189229E+00 2.010E-01
  3.189873E+00 2.543E-01
  3.190514E+00 3.542E-01
  3.191150E+00 6.070E-01
  3.191783E+00 1.928E+00
  3.192412E+00 3.428E+01
  3.193037E+00 2.959E-01
  3.193658E+00 2.598E-02
  3.194276E+00 3.931E-04
  3.194890E+00 2.952E-03
  3.195501E+00 1.006E-02
  3.196107E+00 1.736E-02
  3.196711E+00 2.396E-02
  3.197311E+00 2.973E-02
  3.198500E+00 3.913E-02
  3.200258E+00 4.942E-02
  3.202554E+00 5.888E-02
  3.206448E+00 6.947E-02
  3.213283E+00 8.067E-02
  3.229017E+00 9.564E-02
  3.244631E+00 1.107E-01
  3.250233E+00 1.216E-01
  3.251796E+00 1.287E-01
  3.252411E+00 1.351E-01
  3.252716E+00 1.416E-01
  3.253020E+00 1.579E-01
  3.253323E+00 3.208E-01
  3.253624E+00 7.608E-02
  3.253923E+00 1.040E-01
  3.254222E+00 1.129E-01
  3.254814E+00 1.209E-01
  3.258811E+00 1.486E-01
  3.260448E+00 1.675E-01
  3.261515E+00 1.881E-01
  3.262303E+00 2.130E-01
  3.262822E+00 2.386E-01
  3.263337E+00 2.785E-01
  3.263592E+00 3.083E-01
  3.263847E+00 3.496E-01
  3.264100E+00 4.107E-01
  3.264352E+00 5.092E-01
  3.264604E+00 6.910E-01
  3.264854E+00 1.114E+00
  3.265103E+00 2.733E+00
  3.265351E+00 4.527E+01
  3.265597E+00 2.136E+00
  3.265843E+00 2.325E-01
  3.266088E+00 3.448E-02
  3.266332E+00 1.753E-03
  3.266574E+00 1.918E-03
  3.266816E+00 1.026E-02
  3.267534E+00 4.072E-02
  3.268711E+00 8.734E-02
  3.269174E+00 1.097E-01
  3.269405E+00 1.238E-01
  3.269634E+00 1.415E-01
  3.269863E+00 1.651E-01
  3.270090E+00 1.993E-01
  3.270316E+00 2.545E-01
  3.270542E+00 3.596E-01
  3.270767E+00 6.260E-01
  3.270990E+00 1.969E+00
  3.271213E+00 9.082E+01
  3.271435E+00 4.616E-01
  3.271655E+00 5.446E-02
  3.271875E+00 5.360E-03
  3.272094E+00 9.754E-05
  3.272312E+00 3.734E-03
  3.272746E+00 1.479E-02
  3.272961E+00 1.994E-02
  3.273175E+00 2.458E-02
  3.273601E+00 3.243E-02
  3.274234E+00 4.151E-02
  3.275066E+00 5.033E-02
  3.276488E+00 6.080E-02
  3.278835E+00 7.191E-02
  3.283204E+00 8.468E-02
  3.290089E+00 9.794E-02
  3.290965E+00 9.606E-02
  3.291109E+00 9.423E-02
  3.291252E+00 9.032E-02
  3.291395E+00 7.875E-02
  3.291538E+00 5.766E-01
  3.291680E+00 1.361E-01
  3.291821E+00 1.200E-01
  3.291962E+00 1.153E-01
  3.292382E+00 1.116E-01
  3.294017E+00 1.138E-01
  3.296593E+00 1.257E-01
  3.298173E+00 1.400E-01
  3.299111E+00 1.556E-01
  3.299684E+00 1.724E-01
  3.300023E+00 1.900E-01
  3.300248E+00 2.113E-01
  3.300360E+00 2.305E-01
  3.300471E+00 2.682E-01
  3.300582E+00 3.980E-01
  3.300692E+00 2.220E-01
  3.300802E+00 8.551E-02
  3.300912E+00 1.366E-01
  3.301022E+00 1.628E-01
  3.301348E+00 2.134E-01
  3.301563E+00 2.484E-01
  3.301777E+00 2.952E-01
  3.301884E+00 3.269E-01
  3.301990E+00 3.676E-01
  3.302096E+00 4.221E-01
  3.302201E+00 4.987E-01
  3.302307E+00 6.136E-01
  3.302411E+00 8.020E-01
  3.302516E+00 1.154E+00
  3.302620E+00 1.976E+00
  3.302724E+00 4.982E+00
  3.302827E+00 6.332E+01
  3.302930E+00 1.262E+01
  3.303033E+00 1.533E+00
  3.303136E+00 4.337E-01
  3.303238E+00 1.559E-01
  3.303340E+00 5.951E-02
  3.303441E+00 2.137E-02
  3.303542E+00 6.024E-03
  3.303643E+00 7.204E-04
  3.303743E+00 1.512E-04
  3.303844E+00 1.884E-03
  3.303943E+00 4.726E-03
  3.304043E+00 8.063E-03
  3.304339E+00 1.849E-02
  3.304633E+00 2.780E-02
  3.305020E+00 3.798E-02
  3.305592E+00 4.945E-02
  3.306338E+00 6.024E-02
  3.307598E+00 7.261E-02
  3.309800E+00 8.643E-02
  3.311148E+00 9.110E-02
  3.311456E+00 8.883E-02
  3.311532E+00 8.666E-02
  3.311608E+00 8.198E-02
  3.311684E+00 6.794E-02
  3.311760E+00 2.950E+01
  3.311835E+00 1.339E-01
  3.311911E+00 1.163E-01
  3.311985E+00 1.110E-01
  3.312209E+00 1.067E-01
  3.313012E+00 1.082E-01
  3.314545E+00 1.204E-01
  3.315536E+00 1.352E-01
  3.316174E+00 1.529E-01
  3.316548E+00 1.722E-01
  3.316733E+00 1.887E-01
  3.316855E+00 2.067E-01
  3.316916E+00 2.207E-01
  3.316977E+00 2.423E-01
  3.317038E+00 2.839E-01
  3.317098E+00 4.151E-01
  3.317159E+00 2.044E+00
  3.317219E+00 5.896E-02
  3.317279E+00 1.233E-01
  3.317339E+00 1.552E-01
  3.317398E+00 1.770E-01
  3.317635E+00 2.502E-01
  3.317753E+00 2.992E-01
  3.317811E+00 3.319E-01
  3.317869E+00 3.736E-01
  3.317928E+00 4.288E-01
  3.317986E+00 5.055E-01
  3.318044E+00 6.187E-01
  3.318101E+00 8.000E-01
  3.318159E+00 1.127E+00
  3.318216E+00 1.839E+00
  3.318274E+00 4.071E+00
  3.318331E+00 2.375E+01
  3.318388E+00 4.257E+01
  3.318445E+00 2.759E+00
  3.318501E+00 7.108E-01
  3.318558E+00 2.558E-01
  3.318614E+00 1.034E-01
  3.318670E+00 4.215E-02
  3.318726E+00 1.569E-02
  3.318782E+00 4.451E-03
  3.318838E+00 4.846E-04
  3.318894E+00 1.758E-04
  3.318949E+00 1.749E-03
  3.319004E+00 4.282E-03
  3.319060E+00 7.276E-03
  3.319279E+00 1.986E-02
  3.319496E+00 3.070E-02
  3.319710E+00 3.946E-02
  3.320028E+00 4.962E-02
  3.320496E+00 6.055E-02
  3.321251E+00 7.263E-02
  3.322401E+00 8.454E-02
  3.322860E+00 8.602E-02
  3.322996E+00 8.334E-02
  3.323041E+00 8.059E-02
  3.323086E+00 7.449E-02
  3.323130E+00 5.416E-02
  3.323175E+00 3.570E-01
  3.323220E+00 1.272E-01
  3.323264E+00 1.123E-01
  3.323308E+00 1.073E-01
  3.323440E+00 1.030E-01
  3.323874E+00 1.040E-01
  3.324833E+00 1.158E-01
  3.325508E+00 1.311E-01
  3.325893E+00 1.470E-01
  3.326157E+00 1.669E-01
  3.326306E+00 1.877E-01
  3.326380E+00 2.056E-01
  3.326417E+00 2.192E-01
  3.326454E+00 2.394E-01
  3.326490E+00 2.753E-01
  3.326527E+00 3.645E-01
  3.326563E+00 1.079E+00
  3.326600E+00 3.319E-03
  3.326636E+00 8.922E-02
  3.326672E+00 1.323E-01
  3.326709E+00 1.587E-01
  3.326888E+00 2.542E-01
  3.326960E+00 3.072E-01
  3.326995E+00 3.433E-01
  3.327030E+00 3.898E-01
  3.327066E+00 4.525E-01
  3.327101E+00 5.414E-01
  3.327136E+00 6.765E-01
  3.327171E+00 9.017E-01
  3.327206E+00 1.334E+00
  3.327241E+00 2.385E+00
  3.327276E+00 6.619E+00
  3.327311E+00 1.667E+02
  3.327346E+00 1.038E+01
  3.327380E+00 1.567E+00
  3.327415E+00 4.826E-01
  3.327450E+00 1.863E-01
  3.327484E+00 7.743E-02
  3.327518E+00 3.158E-02
  3.327552E+00 1.138E-02
  3.327587E+00 2.889E-03
  3.327621E+00 1.631E-04
  3.327655E+00 3.966E-04
  3.327689E+00 2.173E-03
  3.327723E+00 4.740E-03
  3.327891E+00 1.986E-02
  3.328024E+00 3.034E-02
  3.328189E+00 4.071E-02
  3.328416E+00 5.151E-02
  3.328767E+00 6.326E-02
  3.329323E+00 7.562E-02
  3.329887E+00 8.342E-02
  3.330060E+00 8.279E-02
  3.330118E+00 8.007E-02
  3.330146E+00 7.664E-02
  3.330175E+00 6.848E-02
  3.330203E+00 3.448E-02
  3.330232E+00 1.862E-01
  3.330260E+00 1.193E-01
  3.330288E+00 1.085E-01
  3.330344E+00 1.023E-01
  3.330512E+00 1.002E-01
  3.331108E+00 1.089E-01
  3.331628E+00 1.233E-01
  3.331954E+00 1.398E-01
  3.332150E+00 1.582E-01
  3.332272E+00 1.791E-01
  3.332344E+00 2.026E-01
  3.332368E+00 2.154E-01
  3.332392E+00 2.341E-01
  3.332415E+00 2.657E-01
  3.332439E+00 3.361E-01
  3.332463E+00 6.794E-01
  3.332487E+00 4.815E-02
  3.332510E+00 6.647E-02
  3.332534E+00 1.181E-01
  3.332558E+00 1.476E-01
  3.332581E+00 1.690E-01
  3.332675E+00 2.425E-01
  3.332721E+00 2.914E-01
  3.332744E+00 3.239E-01
  3.332768E+00 3.652E-01
  3.332791E+00 4.197E-01
  3.332814E+00 4.952E-01
  3.332837E+00 6.063E-01
  3.332860E+00 7.833E-01
  3.332883E+00 1.100E+00
  3.332906E+00 1.783E+00
  3.332928E+00 3.866E+00
  3.332951E+00 2.041E+01
  3.332974E+00 5.806E+01
  3.332997E+00 3.089E+00
  3.333019E+00 7.780E-01
  3.333042E+00 2.801E-01
  3.333064E+00 1.145E-01
  3.333087E+00 4.785E-02
  3.333109E+00 1.867E-02
  3.333132E+00 5.891E-03
  3.333154E+00 9.672E-04
  3.333177E+00 2.378E-05
  3.333199E+00 1.155E-03
  3.333221E+00 3.367E-03
  3.333266E+00 9.116E-03
  3.333354E+00 2.102E-02
  3.333441E+00 3.112E-02
  3.333571E+00 4.284E-02
  3.333721E+00 5.285E-02
  3.333953E+00 6.390E-02
  3.334341E+00 7.621E-02
  3.334677E+00 8.224E-02
  3.334755E+00 8.111E-02
  3.334793E+00 7.787E-02
  3.334812E+00 7.360E-02
  3.334832E+00 6.242E-02
  3.334851E+00 1.958E-03
  3.334870E+00 1.465E-01
  3.334889E+00 1.136E-01
  3.334908E+00 1.057E-01
  3.334946E+00 1.006E-01
  3.335059E+00 9.881E-02
  3.335463E+00 1.075E-01
  3.335834E+00 1.223E-01
  3.336056E+00 1.386E-01
  3.336191E+00 1.566E-01
  3.336274E+00 1.770E-01
  3.336323E+00 1.995E-01
  3.336340E+00 2.116E-01
  3.336356E+00 2.289E-01
  3.336372E+00 2.571E-01
  3.336389E+00 3.158E-01
  3.336405E+00 5.403E-01
  3.336421E+00 5.915E-01
  3.336438E+00 4.940E-02
  3.336454E+00 1.085E-01
  3.336470E+00 1.405E-01
  3.336486E+00 1.628E-01
  3.336551E+00 2.350E-01
  3.336583E+00 2.810E-01
  3.336599E+00 3.112E-01
  3.336615E+00 3.490E-01
  3.336631E+00 3.983E-01
  3.336647E+00 4.655E-01
  3.336662E+00 5.622E-01
  3.336678E+00 7.118E-01
  3.336694E+00 9.682E-01
  3.336710E+00 1.482E+00
  3.336726E+00 2.836E+00
  3.336741E+00 9.575E+00
  3.336757E+00 3.223E+03
  3.336773E+00 5.897E+00
  3.336788E+00 1.159E+00
  3.336804E+00 3.854E-01
  3.336820E+00 1.534E-01
  3.336835E+00 6.438E-02
  3.336851E+00 2.607E-02
  3.336866E+00 9.096E-03
  3.336882E+00 2.084E-03
  3.336897E+00 4.709E-05
  3.336913E+00 5.888E-04
  3.336928E+00 2.482E-03
  3.336943E+00 5.067E-03
  3.336959E+00 7.978E-03
  3.336989E+00 1.404E-02
  3.337050E+00 2.524E-02
  3.337126E+00 3.648E-02
  3.337216E+00 4.669E-02
  3.337349E+00 5.770E-02
  3.337552E+00 6.919E-02
  3.337847E+00 7.991E-02
  3.337971E+00 8.094E-02
  3.338011E+00 7.759E-02
  3.338025E+00 7.402E-02
  3.338038E+00 6.538E-02
  3.338052E+00 2.756E-02
  3.338065E+00 1.730E-01
  3.338079E+00 1.161E-01
  3.338092E+00 1.059E-01
  3.338119E+00 9.996E-02
  3.338186E+00 9.778E-02
  3.338447E+00 1.048E-01
  3.338724E+00 1.189E-01
  3.338896E+00 1.345E-01
  3.339004E+00 1.526E-01
  3.339063E+00 1.702E-01
  3.339099E+00 1.881E-01
  3.339122E+00 2.083E-01
  3.339134E+00 2.245E-01
  3.339146E+00 2.502E-01
  3.339157E+00 3.010E-01
  3.339169E+00 4.689E-01
  3.339181E+00 3.328E+00
  3.339192E+00 3.545E-02
  3.339204E+00 1.012E-01
  3.339216E+00 1.355E-01
  3.339227E+00 1.586E-01
  3.339273E+00 2.298E-01
  3.339285E+00 2.502E-01
  3.339308E+00 3.023E-01
  3.339319E+00 3.378E-01
  3.339331E+00 3.836E-01
  3.339342E+00 4.452E-01
  3.339354E+00 5.326E-01
  3.339365E+00 6.650E-01
  3.339376E+00 8.851E-01
  3.339388E+00 1.305E+00
  3.339399E+00 2.319E+00
  3.339410E+00 6.312E+00
  3.339422E+00 1.303E+02
  3.339433E+00 1.125E+01
  3.339444E+00 1.634E+00
  3.339455E+00 4.997E-01
  3.339467E+00 1.931E-01
  3.339478E+00 8.070E-02
  3.339489E+00 3.332E-02
  3.339500E+00 1.230E-02
  3.339511E+00 3.321E-03
  3.339522E+00 2.695E-04
  3.339533E+00 2.703E-04
  3.339545E+00 1.872E-03
  3.339556E+00 4.302E-03
  3.339567E+00 7.137E-03
  3.339611E+00 1.902E-02
  3.339644E+00 2.694E-02
  3.339687E+00 3.579E-02
  3.339752E+00 4.610E-02
  3.339848E+00 5.720E-02
  3.339996E+00 6.876E-02
  3.340200E+00 7.911E-02
  3.340259E+00 8.064E-02
  3.343619E+00 7.890E-01
  3.346949E+00 1.430E+00
  3.350250E+00 1.133E+00
  3.350259E+00 2.666E+00
  3.385732E+00 2.513E+00
  3.473919E+00 2.333E+00
  3.539230E+00 2.239E+00
  3.597730E+00 2.300E+00
  3.618812E+00 2.442E+00
  3.629279E+00 2.654E+00
  3.635005E+00 2.918E+00
  3.639184E+00 3.305E+00
  3.641916E+00 3.777E+00
  3.643267E+00 4.137E+00
  3.644607E+00 4.628E+00
  3.645936E+00 5.289E+00
  3.647256E+00 6.087E+00
  3.648566E+00 6.659E+00
  3.649866E+00 6.151E+00
  3.651156E+00 4.498E+00
  3.652436E+00 2.969E+00
  3.653706E+00 2.095E+00
  3.654967E+00 1.676E+00
  3.656219E+00 1.489E+00
  3.657461E+00 1.412E+00
  3.659918E+00 1.390E+00
  3.675035E+00 1.612E+00
  3.695706E+00 1.743E+00
  3.735288E+00 1.837E+00
  3.736687E+00 1.803E+00
  3.738070E+00 1.675E+00
  3.738755E+00 1.583E+00
  3.739436E+00 1.561E+00
  3.742117E+00 1.741E+00
  3.746657E+00 1.822E+00
  3.773737E+00 1.993E+00
  3.781970E+00 2.151E+00
  3.786216E+00 2.362E+00
  3.788660E+00 2.629E+00
  3.790247E+00 2.962E+00
  3.791417E+00 3.384E+00
  3.792569E+00 4.029E+00
  3.792949E+00 4.351E+00
  3.793327E+00 6.983E+00
  3.793703E+00 4.010E+00
  3.794078E+00 3.288E+00
  3.794821E+00 2.124E+00
  3.795190E+00 1.699E+00
  3.795557E+00 1.422E+00
  3.795922E+00 1.260E+00
  3.796286E+00 1.174E+00
  3.796647E+00 1.135E+00
  3.797365E+00 1.129E+00
  3.802197E+00 1.391E+00
  3.807334E+00 1.540E+00
  3.819135E+00 1.693E+00
  3.830612E+00 1.772E+00
  3.831431E+00 1.709E+00
  3.831835E+00 1.588E+00
  3.832035E+00 1.575E+00
  3.832435E+00 1.802E+00
  3.832831E+00 1.874E+00
  3.833807E+00 1.950E+00
  3.833999E+00 1.987E+00
  3.834191E+00 2.068E+00
  3.834383E+00 2.393E+00
  3.834573E+00 3.451E+00
  3.834763E+00 1.741E+00
  3.835515E+00 1.839E+00
  3.841120E+00 2.075E+00
  3.843207E+00 2.275E+00
  3.844593E+00 2.550E+00
  3.845788E+00 2.914E+00
  3.846081E+00 2.855E+00
  3.846226E+00 2.812E+00
  3.846372E+00 3.454E+00
  3.846516E+00 5.045E+00
  3.846660E+00 5.572E+00
  3.846804E+00 5.523E+00
  3.846947E+00 5.269E+00
  3.847090E+00 4.814E+00
  3.847232E+00 4.165E+00
  3.847514E+00 2.688E+00
  3.847655E+00 2.091E+00
  3.847795E+00 1.651E+00
  3.847934E+00 1.352E+00
  3.848073E+00 1.161E+00
  3.848212E+00 1.045E+00
  3.848350E+00 9.797E-01
  3.848487E+00 9.480E-01
  3.848761E+00 9.410E-01
  3.849570E+00 1.055E+00
  3.851009E+00 1.252E+00
  3.852639E+00 1.379E+00
  3.852884E+00 1.382E+00
  3.853005E+00 1.359E+00
  3.853126E+00 1.586E+00
  3.853247E+00 1.461E+00
  3.854432E+00 1.487E+00
  3.858070E+00 1.578E+00
  3.858995E+00 1.548E+00
  3.859398E+00 1.500E+00
  3.859498E+00 1.650E+00
  3.859597E+00 2.484E+00
  3.859697E+00 2.448E+00
  3.859795E+00 2.132E+00
  3.859894E+00 1.982E+00
  3.860090E+00 1.861E+00
  3.860575E+00 1.784E+00
  3.862259E+00 1.787E+00
  3.862440E+00 1.688E+00
  3.862977E+00 1.787E+00
  3.865355E+00 1.972E+00
  3.866393E+00 2.167E+00
  3.867012E+00 2.418E+00
  3.867391E+00 2.640E+00
  3.867541E+00 2.611E+00
  3.867616E+00 2.487E+00
  3.867765E+00 2.043E+00
  3.867839E+00 1.933E+00
  3.867913E+00 1.994E+00
  3.867987E+00 2.185E+00
  3.868060E+00 2.461E+00
  3.868133E+00 2.808E+00
  3.868206E+00 3.244E+00
  3.868279E+00 3.807E+00
  3.868352E+00 4.552E+00
  3.868496E+00 6.319E+00
  3.868568E+00 6.028E+00
  3.868712E+00 2.342E+00
  3.868783E+00 1.354E+00
  3.868854E+00 9.286E-01
  3.868925E+00 7.693E-01
  3.868996E+00 7.269E-01
  3.869067E+00 7.356E-01
  3.869624E+00 1.027E+00
  3.870101E+00 1.190E+00
  3.870569E+00 1.275E+00
  3.870635E+00 1.255E+00
  3.870701E+00 1.424E+00
  3.870766E+00 1.357E+00
  3.872895E+00 1.520E+00
  3.874058E+00 1.534E+00
  3.874395E+00 1.469E+00
  3.874450E+00 1.485E+00
  3.874506E+00 1.766E+00
  3.874561E+00 2.609E+00
  3.874671E+00 2.060E+00
  3.874726E+00 1.931E+00
  3.874836E+00 1.822E+00
  3.875106E+00 1.750E+00
  3.876053E+00 1.753E+00
  3.876104E+00 1.725E+00
  3.876155E+00 1.654E+00
  3.876206E+00 1.636E+00
  3.876409E+00 1.730E+00
  3.878005E+00 1.938E+00
  3.878553E+00 2.108E+00
  3.878910E+00 2.345E+00
  3.879129E+00 2.548E+00
  3.879172E+00 2.534E+00
  3.879216E+00 2.447E+00
  3.879259E+00 2.260E+00
  3.879302E+00 2.019E+00
  3.879345E+00 1.844E+00
  3.879388E+00 1.807E+00
  3.879431E+00 1.879E+00
  3.879517E+00 2.184E+00
  3.879602E+00 2.617E+00
  3.879644E+00 2.901E+00
  3.879687E+00 3.265E+00
  3.879729E+00 3.750E+00
  3.879771E+00 4.419E+00
  3.879855E+00 6.261E+00
  3.879897E+00 6.139E+00
  3.879938E+00 4.078E+00
  3.879980E+00 2.051E+00
  3.880021E+00 1.085E+00
  3.880063E+00 7.370E-01
  3.880104E+00 6.423E-01
  3.880145E+00 6.448E-01
  3.880227E+00 7.337E-01
  3.880390E+00 9.256E-01
  3.880511E+00 1.028E+00
  3.880551E+00 1.046E+00
  3.880592E+00 1.132E+00
  3.880671E+00 1.149E+00
  3.881065E+00 1.305E+00
  3.881752E+00 1.443E+00
  3.882764E+00 1.526E+00
  3.883076E+00 1.491E+00
  3.883178E+00 1.447E+00
  3.883212E+00 1.492E+00
  3.883246E+00 1.989E+00
  3.883280E+00 2.659E+00
  3.883314E+00 2.243E+00
  3.883347E+00 2.010E+00
  3.883381E+00 1.899E+00
  3.883448E+00 1.801E+00
  3.883647E+00 1.730E+00
  3.884166E+00 1.736E+00
  3.884198E+00 1.707E+00
  3.884230E+00 1.637E+00
  3.884261E+00 1.613E+00
  3.884387E+00 1.707E+00
  3.885444E+00 1.916E+00
  3.885817E+00 2.094E+00
  3.886014E+00 2.295E+00
  3.886152E+00 2.493E+00
  3.886180E+00 2.488E+00
  3.886207E+00 2.415E+00
  3.886235E+00 2.244E+00
  3.886262E+00 2.007E+00
  3.886289E+00 1.823E+00
  3.886317E+00 1.770E+00
  3.886344E+00 1.823E+00
  3.886398E+00 2.073E+00
  3.886452E+00 2.411E+00
  3.886506E+00 2.873E+00
  3.886533E+00 3.196E+00
  3.886559E+00 3.624E+00
  3.886586E+00 4.214E+00
  3.886613E+00 5.026E+00
  3.886639E+00 5.986E+00
  3.886666E+00 6.317E+00
  3.886692E+00 4.671E+00
  3.886719E+00 2.388E+00
  3.886745E+00 1.171E+00
  3.886771E+00 7.274E-01
  3.886798E+00 6.065E-01
  3.886824E+00 6.069E-01
  3.886980E+00 9.095E-01
  3.887108E+00 1.084E+00
  3.887286E+00 1.230E+00
  3.887634E+00 1.382E+00
  3.888255E+00 1.502E+00
  3.888599E+00 1.500E+00
  3.888734E+00 1.442E+00
  3.888756E+00 1.631E+00
  3.888779E+00 2.603E+00
  3.888801E+00 2.450E+00
  3.888823E+00 2.096E+00
  3.888845E+00 1.936E+00
  3.888889E+00 1.808E+00
  3.888999E+00 1.728E+00
  3.889363E+00 1.724E+00
  3.889385E+00 1.697E+00
  3.889406E+00 1.630E+00
  3.889427E+00 1.603E+00
  3.889510E+00 1.695E+00
  3.890235E+00 1.902E+00
  3.890484E+00 2.071E+00
  3.890635E+00 2.295E+00
  3.890728E+00 2.465E+00
  3.890747E+00 2.425E+00
  3.890765E+00 2.295E+00
  3.890802E+00 1.862E+00
  3.890820E+00 1.761E+00
  3.890839E+00 1.781E+00
  3.890875E+00 1.992E+00
  3.890912E+00 2.287E+00
  3.890948E+00 2.666E+00
  3.890966E+00 2.916E+00
  3.890984E+00 3.235E+00
  3.891002E+00 3.659E+00
  3.891020E+00 4.242E+00
  3.891038E+00 5.037E+00
  3.891056E+00 5.946E+00
  3.891074E+00 6.122E+00
  3.891092E+00 4.125E+00
  3.891110E+00 3.464E+00
  3.891128E+00 1.233E+00
  3.891145E+00 7.250E-01
  3.891163E+00 5.928E-01
  3.891181E+00 5.905E-01
  3.891199E+00 6.335E-01
  3.891269E+00 8.558E-01
  3.891339E+00 1.018E+00
  3.891443E+00 1.173E+00
  3.891631E+00 1.327E+00
  3.891963E+00 1.457E+00
  3.892314E+00 1.504E+00
  3.892423E+00 1.454E+00
  3.892454E+00 1.427E+00
  3.892470E+00 1.512E+00
  3.892485E+00 2.261E+00
  3.892501E+00 2.632E+00
  3.892516E+00 2.182E+00
  3.892531E+00 1.973E+00
  3.892547E+00 1.872E+00
  3.892577E+00 1.781E+00
  3.892668E+00 1.714E+00
  3.892891E+00 1.717E+00
  3.892906E+00 1.693E+00
  3.892935E+00 1.598E+00
  3.892993E+00 1.687E+00
  3.893514E+00 1.896E+00
  3.893690E+00 2.063E+00
  3.893796E+00 2.282E+00
  3.893848E+00 2.437E+00
  3.893861E+00 2.445E+00
  3.893874E+00 2.401E+00
  3.893887E+00 2.266E+00
  3.893913E+00 1.841E+00
  3.893926E+00 1.753E+00
  3.893939E+00 1.779E+00
  3.893965E+00 1.990E+00
  3.894004E+00 2.439E+00
  3.894017E+00 2.631E+00
  3.894042E+00 3.154E+00
  3.894055E+00 3.535E+00
  3.894081E+00 4.568E+00
  3.894093E+00 5.936E+00
  3.894106E+00 6.493E+00
  3.894119E+00 5.403E+00
  3.894131E+00 2.981E+00
  3.894144E+00 1.405E+00
  3.894156E+00 7.834E-01
  3.894169E+00 5.961E-01
  3.894182E+00 5.730E-01
  3.894194E+00 6.092E-01
  3.894256E+00 8.834E-01
  3.894306E+00 1.036E+00
  3.894380E+00 1.182E+00
  3.894501E+00 1.320E+00
  3.894726E+00 1.449E+00
  3.894979E+00 1.498E+00
  3.895057E+00 1.452E+00
  3.895080E+00 1.421E+00
  3.895091E+00 1.465E+00
  3.895102E+00 1.982E+00
  3.895113E+00 2.749E+00
  3.895124E+00 2.263E+00
  3.895135E+00 2.006E+00
  3.895146E+00 1.887E+00
  3.895168E+00 1.784E+00
  3.895223E+00 1.715E+00
  3.895395E+00 1.712E+00
  3.895406E+00 1.691E+00
  3.895427E+00 1.595E+00
  3.895480E+00 1.691E+00
  3.895815E+00 1.861E+00
  3.905805E+00 3.065E+00
  3.905815E+00 1.755E+00
  4.230078E+00 1.392E+00
  4.604228E+00 1.112E+00
  4.928491E+00 9.225E-01
  5.427357E+00 7.083E-01
  5.851393E+00 5.768E-01
  6.350259E+00 4.582E-01
  6.478544E+00 4.315E-01
  6.609416E+00 4.064E-01
  6.742934E+00 3.827E-01
  6.879154E+00 3.604E-01
  7.018123E+00 3.394E-01
  7.159896E+00 3.197E-01
  7.304533E+00 3.011E-01
  7.452095E+00 2.835E-01
  7.602637E+00 2.670E-01
  7.756226E+00 2.515E-01
  7.912909E+00 2.368E-01
  8.072759E+00 2.230E-01
  8.235843E+00 2.100E-01
  8.402215E+00 1.978E-01
  8.571949E+00 1.863E-01
  8.745116E+00 1.754E-01
  8.921779E+00 1.652E-01
  9.102014E+00 1.556E-01
  9.285882E+00 1.465E-01
  9.473475E+00 1.380E-01
  9.664847E+00 1.300E-01
  9.860089E+00 1.224E-01
  1.005928E+01 1.153E-01
  1.026249E+01 1.086E-01
  1.046980E+01 1.022E-01
  1.068131E+01 9.628E-02
  1.089709E+01 9.068E-02
  1.111722E+01 8.540E-02
  1.134181E+01 8.042E-02
  1.157093E+01 7.574E-02
  1.180467E+01 7.133E-02
  1.204314E+01 6.718E-02
  1.228643E+01 6.326E-02
  1.253464E+01 5.958E-02
  1.278785E+01 5.611E-02
  1.304618E+01 5.284E-02
  1.330973E+01 4.976E-02
  1.357861E+01 4.687E-02
  1.385291E+01 4.414E-02
  1.413276E+01 4.157E-02
  1.441826E+01 3.915E-02
  1.470953E+01 3.687E-02
  1.500668E+01 3.472E-02
  1.530983E+01 3.270E-02
  1.561912E+01 3.079E-02
  1.593464E+01 2.900E-02
  1.625653E+01 2.731E-02
  1.658495E+01 2.572E-02
  1.691998E+01 2.422E-02
  1.726178E+01 2.281E-02
  1.761049E+01 2.148E-02
  1.796625E+01 2.023E-02
  1.832919E+01 1.905E-02
  1.869946E+01 1.794E-02
  1.907721E+01 1.690E-02
  1.946260E+01 1.592E-02
  1.985577E+01 1.499E-02
  2.025690E+01 1.412E-02
  2.066609E+01 1.329E-02
  2.108359E+01 1.252E-02
  2.150949E+01 1.179E-02
  2.194403E+01 1.110E-02
  2.238731E+01 1.046E-02
  2.283958E+01 9.848E-03
  2.330095E+01 9.275E-03
  2.377168E+01 8.735E-03