  2.224984E-02 1.952E+01
  7.353455E-02 2.675E+00
  1.235153E-01 1.068E+00
  1.722360E-01 5.893E-01
  2.197387E-01 3.815E-01
  2.660635E-01 2.707E-01
  3.112492E-01 2.031E-01
  3.553327E-01 1.582E-01
  3.983496E-01 1.267E-01
  4.403341E-01 1.041E-01
  4.813189E-01 8.742E-02
  5.213355E-01 7.497E-02
  5.604142E-01 6.544E-02
  5.985841E-01 5.795E-02
  6.723080E-01 4.679E-02
  7.427186E-01 3.863E-02
  8.425458E-01 2.968E-02
  9.359562E-01 2.357E-02
  1.023488E+00 1.955E-02
  1.131881E+00 1.618E-02
  1.301449E+00 1.252E-02
  1.487906E+00 9.235E-03
  1.612747E+00 7.629E-03
  1.737630E+00 6.594E-03
  1.975202E+00 5.446E-03
  2.275539E+00 4.105E-03
  2.368966E+00 3.909E-03
  2.418723E+00 4.005E-03
  2.445896E+00 4.257E-03
  2.463004E+00 4.661E-03
  2.471274E+00 5.047E-03
  2.475340E+00 5.335E-03
  2.479362E+00 5.735E-03
  2.483339E+00 6.323E-03
  2.487273E+00 7.260E-03
  2.491164E+00 8.966E-03
  2.495012E+00 1.290E-02
  2.498819E+00 2.862E-02
  2.502585E+00 1.356E+00
  2.506310E+00 3.838E-03
  2.509996E+00 6.126E-06
  2.513642E+00 2.941E-04
  2.517249E+00 7.239E-04
  2.520818E+00 1.072E-03
  2.524349E+00 1.340E-03
  2.527843E+00 1.550E-03
  2.534722E+00 1.851E-03
  2.544774E+00 2.136E-03
  2.560850E+00 2.402E-03
  2.590659E+00 2.656E-03
  2.685067E+00 3.021E-03
  2.758479E+00 3.363E-03
  2.793769E+00 3.718E-03
  2.813184E+00 4.126E-03
  2.825076E+00 4.625E-03
  2.831897E+00 5.155E-03
  2.836782E+00 5.815E-03
  2.839936E+00 6.519E-03
  2.842249E+00 7.322E-03
  2.844518E+00 8.581E-03
  2.846007E+00 9.908E-03
  2.846744E+00 1.083E-02
  2.847477E+00 1.202E-02
  2.848205E+00 1.360E-02
  2.848929E+00 1.581E-02
  2.849648E+00 1.908E-02
  2.850363E+00 2.427E-02
  2.851073E+00 3.354E-02
  2.851779E+00 5.344E-02
  2.852480E+00 1.136E-01
  2.853178E+00 5.741E-01
  2.853870E+00 1.333E+00
  2.854559E+00 8.200E-02
  2.855244E+00 2.025E-02
  2.855924E+00 7.035E-03
  2.856600E+00 2.741E-03
  2.857272E+00 1.072E-03
  2.857940E+00 3.797E-04
  2.858604E+00 1.008E-04
  2.859264E+00 9.749E-06
  2.859920E+00 3.872E-06
  2.860572E+00 3.125E-05
  2.861220E+00 6.164E-05
  2.861864E+00 7.316E-05
  2.862504E+00 4.720E-05
  2.863140E+00 2.716E-08
  2.863773E+00 9.041E-04
  2.864402E+00 1.264E-01
  2.865027E+00 5.805E-03
  2.865649E+00 3.316E-03
  2.866266E+00 2.663E-03
  2.866880E+00 2.405E-03
  2.867491E+00 2.290E-03
  2.868701E+00 2.224E-03
  2.871665E+00 2.324E-03
  2.893037E+00 3.477E-03
  2.905918E+00 4.263E-03
  2.913822E+00 5.011E-03
  2.918984E+00 5.801E-03
  2.922224E+00 6.605E-03
  2.923787E+00 7.243E-03
  2.924401E+00 7.677E-03
  2.924707E+00 8.049E-03
  2.925011E+00 8.851E-03
  2.925313E+00 1.577E-02
  2.925614E+00 5.307E-03
  2.925914E+00 6.721E-03
  2.926212E+00 7.232E-03
  2.927683E+00 8.520E-03
  2.929403E+00 1.010E-02
  2.930802E+00 1.202E-02
  2.931898E+00 1.434E-02
  2.932707E+00 1.693E-02
  2.933240E+00 1.936E-02
  2.933769E+00 2.269E-02
  2.934293E+00 2.750E-02
  2.934553E+00 3.079E-02
  2.934812E+00 3.496E-02
  2.935070E+00 4.040E-02
  2.935327E+00 4.771E-02
  2.935583E+00 5.794E-02
  2.935837E+00 7.301E-02
  2.936091E+00 9.678E-02
  2.936343E+00 1.381E-01
  2.936594E+00 2.210E-01
  2.936844E+00 4.344E-01
  2.937093E+00 1.359E+00
  2.937341E+00 3.063E+01
  2.937588E+00 2.173E+00
  2.937834E+00 4.226E-01
  2.938078E+00 1.612E-01
  2.938322E+00 7.957E-02
  2.938564E+00 4.497E-02
  2.938806E+00 2.759E-02
  2.939046E+00 1.788E-02
  2.939286E+00 1.203E-02
  2.939524E+00 8.322E-03
  2.939762E+00 5.878E-03
  2.939998E+00 4.221E-03
  2.940233E+00 3.074E-03
  2.940468E+00 2.270E-03
  2.940701E+00 1.701E-03
  2.940933E+00 1.301E-03
  2.941165E+00 1.023E-03
  2.941395E+00 8.390E-04
  2.941624E+00 7.338E-04
  2.941853E+00 7.056E-04
  2.942080E+00 7.764E-04
  2.942307E+00 1.027E-03
  2.942532E+00 1.737E-03
  2.942757E+00 4.217E-03
  2.942980E+00 2.150E-02
  2.943203E+00 1.871E+00
  2.943425E+00 2.152E-02
  2.943646E+00 7.639E-03
  2.943866E+00 4.553E-03
  2.944084E+00 3.372E-03
  2.944303E+00 2.802E-03
  2.944520E+00 2.494E-03
  2.944736E+00 2.318E-03
  2.944951E+00 2.217E-03
  2.945379E+00 2.137E-03
  2.946014E+00 2.161E-03
  2.947467E+00 2.435E-03
  2.953061E+00 3.930E-03
  2.957395E+00 5.324E-03
  2.962227E+00 7.322E-03
  2.962810E+00 7.234E-03
  2.962955E+00 7.060E-03
  2.963099E+00 6.709E-03
  2.963243E+00 5.940E-03
  2.963386E+00 3.803E-03
  2.963528E+00 5.689E-01
  2.963670E+00 1.728E-02
  2.963812E+00 1.300E-02
  2.963953E+00 1.186E-02
  2.964093E+00 1.139E-02
  2.964512E+00 1.110E-02
  2.965335E+00 1.174E-02
  2.966406E+00 1.341E-02
  2.967446E+00 1.596E-02
  2.968208E+00 1.876E-02
  2.968831E+00 2.208E-02
  2.969321E+00 2.578E-02
  2.969805E+00 3.106E-02
  2.970163E+00 3.671E-02
  2.970518E+00 4.483E-02
  2.970752E+00 5.247E-02
  2.970985E+00 6.301E-02
  2.971101E+00 6.988E-02
  2.971216E+00 7.825E-02
  2.971332E+00 8.864E-02
  2.971446E+00 1.018E-01
  2.971560E+00 1.188E-01
  2.971674E+00 1.414E-01
  2.971788E+00 1.726E-01
  2.971901E+00 2.176E-01
  2.972014E+00 2.862E-01
  2.972126E+00 3.991E-01
  2.972238E+00 6.071E-01
  2.972350E+00 1.062E+00
  2.972461E+00 2.418E+00
  2.972572E+00 1.098E+01
  2.972683E+00 1.640E+02
  2.972793E+00 5.142E+00
  2.972902E+00 1.437E+00
  2.973012E+00 6.438E-01
  2.973121E+00 3.556E-01
  2.973230E+00 2.213E-01
  2.973338E+00 1.489E-01
  2.973446E+00 1.059E-01
  2.973554E+00 7.869E-02
  2.973661E+00 6.059E-02
  2.973768E+00 4.816E-02
  2.973874E+00 3.946E-02
  2.973980E+00 3.337E-02
  2.974086E+00 2.924E-02
  2.974192E+00 2.674E-02
  2.974297E+00 2.587E-02
  2.974402E+00 2.706E-02
  2.974506E+00 3.189E-02
  2.974610E+00 4.602E-02
  2.974714E+00 1.017E-01
  2.974818E+00 1.193E+00
  2.974921E+00 2.345E-01
  2.975024E+00 3.061E-02
  2.975126E+00 1.034E-02
  2.975228E+00 5.048E-03
  2.975330E+00 3.070E-03
  2.975431E+00 2.177E-03
  2.975532E+00 1.730E-03
  2.975633E+00 1.497E-03
  2.975734E+00 1.378E-03
  2.975834E+00 1.327E-03
  2.975934E+00 1.319E-03
  2.976132E+00 1.384E-03
  2.976428E+00 1.595E-03
  2.976914E+00 2.096E-03
  2.977771E+00 3.196E-03
  2.979145E+00 5.260E-03
  2.980627E+00 7.898E-03
  2.982828E+00 1.264E-02
  2.983139E+00 1.283E-02
  2.983293E+00 1.247E-02
  2.983370E+00 1.203E-02
  2.983446E+00 1.123E-02
  2.983523E+00 9.782E-03
  2.983599E+00 6.953E-03
  2.983675E+00 1.135E-03
  2.983750E+00 1.012E+02
  2.983826E+00 5.666E-02
  2.983901E+00 3.608E-02
  2.983976E+00 3.056E-02
  2.984051E+00 2.824E-02
  2.984125E+00 2.710E-02
  2.984274E+00 2.629E-02
  2.984568E+00 2.685E-02
  2.985075E+00 3.030E-02
  2.985571E+00 3.571E-02
  2.986058E+00 4.346E-02
  2.986467E+00 5.293E-02
  2.986803E+00 6.401E-02
  2.987069E+00 7.617E-02
  2.987331E+00 9.301E-02
  2.987526E+00 1.104E-01
  2.987719E+00 1.343E-01
  2.987911E+00 1.686E-01
  2.988038E+00 2.008E-01
  2.988164E+00 2.449E-01
  2.988227E+00 2.734E-01
  2.988290E+00 3.079E-01
  2.988352E+00 3.502E-01
  2.988414E+00 4.030E-01
  2.988477E+00 4.703E-01
  2.988539E+00 5.578E-01
  2.988600E+00 6.751E-01
  2.988662E+00 8.375E-01
  2.988723E+00 1.072E+00
  2.988785E+00 1.432E+00
  2.988846E+00 2.023E+00
  2.988907E+00 3.105E+00
  2.988968E+00 5.434E+00
  2.989028E+00 1.209E+01
  2.989089E+00 4.846E+01
  2.989149E+00 2.453E+03
  2.989209E+00 4.062E+01
  2.989269E+00 1.045E+01
  2.989329E+00 4.630E+00
  2.989388E+00 2.583E+00
  2.989448E+00 1.639E+00
  2.989507E+00 1.130E+00
  2.989566E+00 8.267E-01
  2.989625E+00 6.329E-01
  2.989684E+00 5.029E-01
  2.989743E+00 4.128E-01
  2.989801E+00 3.493E-01
  2.989860E+00 3.045E-01
  2.989918E+00 2.742E-01
  2.989976E+00 2.564E-01
  2.990034E+00 2.511E-01
  2.990092E+00 2.619E-01
  2.990149E+00 2.999E-01
  2.990207E+00 4.013E-01
  2.990264E+00 7.351E-01
  2.990321E+00 3.591E+00
  2.990378E+00 5.472E+00
  2.990435E+00 3.084E-01
  2.990492E+00 7.143E-02
  2.990548E+00 2.429E-02
  2.990604E+00 1.002E-02
  2.990661E+00 4.716E-03
  2.990717E+00 2.487E-03
  2.990773E+00 1.471E-03
  2.990828E+00 9.824E-04
  2.990884E+00 7.443E-04
  2.990939E+00 6.358E-04
  2.990995E+00 6.020E-04
  2.991050E+00 6.174E-04
  2.991105E+00 6.694E-04
  2.991160E+00 7.519E-04
  2.991215E+00 8.619E-04
  2.991269E+00 9.973E-04
  2.991324E+00 1.157E-03
  2.991432E+00 1.546E-03
  2.991540E+00 2.024E-03
  2.991701E+00 2.892E-03
  2.991913E+00 4.309E-03
  2.992123E+00 5.994E-03
  2.992383E+00 8.452E-03
  2.992741E+00 1.253E-02
  2.993093E+00 1.741E-02
  2.993487E+00 2.406E-02
  2.993921E+00 3.309E-02
  2.994577E+00 4.866E-02
  2.994714E+00 5.036E-02
  2.994805E+00 4.980E-02
  2.994851E+00 4.853E-02
  2.994896E+00 4.617E-02
  2.994941E+00 4.210E-02
  2.994986E+00 3.527E-02
  2.995031E+00 2.384E-02
  2.995076E+00 6.084E-03
  2.995121E+00 4.139E-02
  2.995165E+00 5.543E+00
  2.995210E+00 4.442E-01
  2.995254E+00 2.673E-01
  2.995299E+00 2.160E-01
  2.995343E+00 1.939E-01
  2.995387E+00 1.831E-01
  2.995475E+00 1.758E-01
  2.995606E+00 1.796E-01
  2.995822E+00 2.025E-01
  2.996035E+00 2.393E-01
  2.996246E+00 2.904E-01
  2.996454E+00 3.603E-01
  2.996619E+00 4.350E-01
  2.996783E+00 5.332E-01
  2.996944E+00 6.649E-01
  2.997065E+00 7.949E-01
  2.997184E+00 9.628E-01
  2.997303E+00 1.184E+00
  2.997421E+00 1.482E+00
  2.997538E+00 1.896E+00
  2.997615E+00 2.267E+00
  2.997692E+00 2.747E+00
  2.997769E+00 3.382E+00
  2.997845E+00 4.244E+00
  2.997883E+00 4.794E+00
  2.997921E+00 5.450E+00
  2.997959E+00 6.240E+00
  2.997997E+00 7.201E+00
  2.998035E+00 8.387E+00
  2.998072E+00 9.868E+00
  2.998110E+00 1.175E+01
  2.998147E+00 1.418E+01
  2.998185E+00 1.741E+01
  2.998222E+00 2.178E+01
  2.998259E+00 2.790E+01
  2.998296E+00 3.683E+01
  2.998333E+00 5.052E+01
  2.998370E+00 7.292E+01
  2.998407E+00 1.131E+02
  2.998444E+00 1.956E+02
  2.998481E+00 4.074E+02
  2.998517E+00 1.255E+03
  2.998554E+00 1.633E+04
  2.998590E+00 5.976E+03
  2.998627E+00 9.723E+02
  2.998663E+00 3.917E+02
  2.998699E+00 2.155E+02
  2.998735E+00 1.391E+02
  2.998771E+00 9.922E+01
  2.998807E+00 7.582E+01
  2.998843E+00 6.103E+01
  2.998879E+00 5.123E+01
  2.998914E+00 4.457E+01
  2.998950E+00 4.006E+01
  2.998985E+00 3.716E+01
  2.999021E+00 3.560E+01
  2.999056E+00 3.533E+01
  2.999091E+00 3.657E+01
  2.999127E+00 3.989E+01
  2.999162E+00 4.681E+01
  2.999197E+00 6.138E+01
  2.999232E+00 9.788E+01
  2.999267E+00 2.434E+02
  2.999301E+00 5.513E+03
  2.999336E+00 3.096E+02
  2.999371E+00 4.222E+01
  2.999405E+00 1.174E+01
  2.999440E+00 4.075E+00
  2.999474E+00 1.508E+00
  2.999509E+00 5.354E-01
  2.999543E+00 1.583E-01
  2.999577E+00 2.633E-02
  2.999611E+00 9.431E-05
  2.999645E+00 1.918E-02
  2.999679E+00 5.605E-02
  2.999747E+00 1.387E-01
  2.999780E+00 1.760E-01
  2.999814E+00 2.087E-01
  2.999881E+00 2.605E-01
  2.999948E+00 2.964E-01
  3.000047E+00 3.280E-01
  3.000179E+00 3.439E-01
  3.000375E+00 3.395E-01
  3.001702E+00 1.969E-01
  3.001848E+00 1.728E-01
  3.001935E+00 1.508E-01
  3.001993E+00 1.292E-01
  3.002022E+00 1.148E-01
  3.002051E+00 9.670E-02
  3.002079E+00 7.348E-02
  3.002108E+00 4.362E-02
  3.002137E+00 9.541E-03
  3.002165E+00 2.528E-02
  3.002193E+00 1.949E+00
  3.002222E+00 6.521E+00
  3.002250E+00 1.334E+00
  3.002278E+00 7.842E-01
  3.002307E+00 5.948E-01
  3.002335E+00 5.015E-01
  3.002363E+00 4.466E-01
  3.002391E+00 4.107E-01
  3.002447E+00 3.671E-01
  3.002530E+00 3.336E-01
  3.002668E+00 3.102E-01
  3.002858E+00 3.037E-01
  3.003099E+00 3.191E-01
  3.003309E+00 3.541E-01
  3.003490E+00 4.089E-01
  3.003618E+00 4.708E-01
  3.003719E+00 5.430E-01
  3.003820E+00 6.484E-01
  3.003895E+00 7.626E-01
  3.003969E+00 9.268E-01
  3.004018E+00 1.080E+00
  3.004067E+00 1.289E+00
  3.004092E+00 1.423E+00
  3.004141E+00 1.781E+00
  3.004165E+00 2.023E+00
  3.004189E+00 2.329E+00
  3.004214E+00 2.721E+00
  3.004238E+00 3.238E+00
  3.004262E+00 3.938E+00
  3.004286E+00 4.923E+00
  3.004310E+00 6.375E+00
  3.004334E+00 8.649E+00
  3.004358E+00 1.252E+01
  3.004382E+00 1.996E+01
  3.004406E+00 3.731E+01
  3.004430E+00 9.540E+01
  3.004453E+00 6.184E+02
  3.004477E+00 1.496E+03
  3.004501E+00 1.241E+02
  3.004524E+00 4.144E+01
  3.004548E+00 2.034E+01
  3.004571E+00 1.201E+01
  3.004595E+00 7.914E+00
  3.004618E+00 5.613E+00
  3.004642E+00 4.202E+00
  3.004665E+00 3.282E+00
  3.004688E+00 2.655E+00
  3.004712E+00 2.215E+00
  3.004735E+00 1.903E+00
  3.004758E+00 1.683E+00
  3.004781E+00 1.535E+00
  3.004804E+00 1.450E+00
  3.004827E+00 1.432E+00
  3.004850E+00 1.499E+00
  3.004873E+00 1.710E+00
  3.004896E+00 2.253E+00
  3.004919E+00 3.967E+00
  3.004941E+00 1.693E+01
  3.004964E+00 3.859E+01
  3.004987E+00 1.621E+00
  3.005010E+00 3.149E-01
  3.005032E+00 8.383E-02
  3.005055E+00 2.345E-02
  3.005077E+00 5.644E-03
  3.005100E+00 7.405E-04
  3.005122E+00 1.158E-05
  3.005145E+00 5.442E-04
  3.005167E+00 1.317E-03
  3.005189E+00 1.985E-03
  3.005211E+00 2.455E-03
  3.005234E+00 2.727E-03
  3.005256E+00 2.832E-03
  3.005278E+00 2.808E-03
  3.005300E+00 2.691E-03
  3.005344E+00 2.286E-03
  3.005453E+00 1.075E-03
  3.005475E+00 8.682E-04
  3.005497E+00 6.830E-04
  3.005519E+00 5.200E-04
  3.005540E+00 3.799E-04
  3.005562E+00 2.627E-04
  3.005583E+00 1.682E-04
  3.005605E+00 9.552E-05
  3.005626E+00 4.398E-05
  3.005648E+00 1.257E-05
  3.005669E+00 2.692E-07
  3.005690E+00 5.988E-06
  3.005712E+00 2.863E-05
  3.005733E+00 6.711E-05
  3.005754E+00 1.204E-04
  3.005775E+00 1.873E-04
  3.005796E+00 2.670E-04
  3.005817E+00 3.585E-04
  3.005838E+00 4.609E-04
  3.005880E+00 6.947E-04
  3.005943E+00 1.107E-03
  3.006005E+00 1.576E-03
  3.006129E+00 2.623E-03
  3.006372E+00 4.775E-03
  3.006491E+00 5.589E-03
  3.006570E+00 5.807E-03
  3.006629E+00 5.600E-03
  3.006668E+00 5.135E-03
  3.006687E+00 4.749E-03
  3.006706E+00 4.221E-03
  3.006726E+00 3.510E-03
  3.006745E+00 2.573E-03
  3.006764E+00 1.402E-03
  3.006784E+00 2.246E-04
  3.006803E+00 8.376E-04
  3.006822E+00 2.138E-02
  3.006841E+00 1.558E+00
  3.006860E+00 3.133E-01
  3.006879E+00 9.816E-02
  3.006898E+00 6.089E-02
  3.006917E+00 4.687E-02
  3.006936E+00 3.987E-02
  3.006955E+00 3.583E-02
  3.006974E+00 3.330E-02
  3.007012E+00 3.054E-02
  3.007068E+00 2.905E-02
  3.007161E+00 2.939E-02
  3.007290E+00 3.246E-02
  3.007417E+00 3.762E-02
  3.007543E+00 4.519E-02
  3.007649E+00 5.449E-02
  3.007737E+00 6.534E-02
  3.007807E+00 7.718E-02
  3.007876E+00 9.337E-02
  3.007945E+00 1.165E-01
  3.007996E+00 1.411E-01
  3.008047E+00 1.761E-01
  3.008080E+00 2.083E-01
  3.008114E+00 2.515E-01
  3.008148E+00 3.115E-01
  3.008181E+00 3.987E-01
  3.008198E+00 4.580E-01
  3.008214E+00 5.327E-01
  3.008231E+00 6.287E-01
  3.008248E+00 7.550E-01
  3.008264E+00 9.261E-01
  3.008281E+00 1.166E+00
  3.008297E+00 1.518E+00
  3.008314E+00 2.066E+00
  3.008330E+00 2.987E+00
  3.008346E+00 4.719E+00
  3.008363E+00 8.602E+00
  3.008379E+00 2.053E+01
  3.008396E+00 9.978E+01
  3.008412E+00 1.286E+03
  3.008428E+00 4.675E+01
  3.008444E+00 1.389E+01
  3.008460E+00 6.562E+00
  3.008477E+00 3.818E+00
  3.008493E+00 2.504E+00
  3.008509E+00 1.777E+00
  3.008525E+00 1.335E+00
  3.008541E+00 1.049E+00
  3.008557E+00 8.535E-01
  3.008573E+00 7.169E-01
  3.008589E+00 6.199E-01
  3.008605E+00 5.513E-01
  3.008621E+00 5.051E-01
  3.008637E+00 4.783E-01
  3.008653E+00 4.713E-01
  3.008669E+00 4.893E-01
  3.008684E+00 5.471E-01
  3.008700E+00 6.885E-01
  3.008716E+00 1.081E+00
  3.008732E+00 2.978E+00
  3.008747E+00 8.091E+02
  3.008763E+00 1.174E+00
  3.008779E+00 1.778E-01
  3.008794E+00 4.330E-02
  3.008810E+00 1.147E-02
  3.008825E+00 2.583E-03
  3.008841E+00 2.739E-04
  3.008856E+00 2.943E-05
  3.008872E+00 3.970E-04
  3.008887E+00 8.765E-04
  3.008903E+00 1.299E-03
  3.008918E+00 1.619E-03
  3.008934E+00 1.834E-03
  3.008949E+00 1.958E-03
  3.008964E+00 2.008E-03
  3.008980E+00 2.002E-03
  3.009010E+00 1.874E-03
  3.009056E+00 1.535E-03
  3.009131E+00 9.186E-04
  3.009161E+00 7.059E-04
  3.009191E+00 5.219E-04
  3.009221E+00 3.680E-04
  3.009236E+00 3.021E-04
  3.009265E+00 1.919E-04
  3.009280E+00 1.471E-04
  3.009295E+00 1.087E-04
  3.009310E+00 7.669E-05
  3.009324E+00 5.062E-05
  3.009339E+00 3.025E-05
  3.009354E+00 1.532E-05
  3.009368E+00 5.549E-06
  3.009383E+00 6.814E-07
  3.009397E+00 4.581E-07
  3.009412E+00 4.629E-06
  3.009427E+00 1.295E-05
  3.009441E+00 2.520E-05
  3.009456E+00 4.113E-05
  3.009470E+00 6.054E-05
  3.009499E+00 1.089E-04
  3.009528E+00 1.688E-04
  3.009556E+00 2.384E-04
  3.009599E+00 3.581E-04
  3.009670E+00 5.846E-04
  3.009768E+00 9.043E-04
  3.009824E+00 1.037E-03
  3.009865E+00 1.070E-03
  3.009893E+00 1.032E-03
  3.009906E+00 9.869E-04
  3.009920E+00 9.178E-04
  3.009934E+00 8.195E-04
  3.009947E+00 6.861E-04
  3.009961E+00 5.124E-04
  3.009975E+00 3.007E-04
  3.009988E+00 8.344E-05
  3.010002E+00 2.023E-05
  3.010015E+00 9.097E-04
  3.010029E+00 8.549E-03
  3.010042E+00 1.820E-01
  3.010056E+00 2.486E-01
  3.010069E+00 4.756E-02
  3.010083E+00 2.563E-02
  3.010096E+00 1.840E-02
  3.010109E+00 1.502E-02
  3.010123E+00 1.315E-02
  3.010136E+00 1.201E-02
  3.010149E+00 1.129E-02
  3.010176E+00 1.051E-02
  3.010216E+00 1.017E-02
  3.010268E+00 1.043E-02
  3.010347E+00 1.162E-02
  3.010437E+00 1.389E-02
  3.010514E+00 1.667E-02
  3.010590E+00 2.052E-02
  3.010665E+00 2.603E-02
  3.010714E+00 3.114E-02
  3.010764E+00 3.805E-02
  3.010813E+00 4.774E-02
  3.010849E+00 5.788E-02
  3.010874E+00 6.668E-02
  3.010910E+00 8.452E-02
  3.010934E+00 1.010E-01
  3.010958E+00 1.232E-01
  3.010982E+00 1.541E-01
  3.010994E+00 1.743E-01
  3.011006E+00 1.990E-01
  3.011018E+00 2.296E-01
  3.011030E+00 2.681E-01
  3.011042E+00 3.176E-01
  3.011054E+00 3.826E-01
  3.011065E+00 4.705E-01
  3.011077E+00 5.935E-01
  3.011089E+00 7.731E-01
  3.011101E+00 1.050E+00
  3.011113E+00 1.512E+00
  3.011124E+00 2.364E+00
  3.011136E+00 4.219E+00
  3.011148E+00 9.581E+00
  3.011159E+00 3.924E+01
  3.011171E+00 2.127E+03
  3.011183E+00 3.434E+01
  3.011194E+00 9.029E+00
  3.011206E+00 4.097E+00
  3.011218E+00 2.341E+00
  3.011229E+00 1.522E+00
  3.011241E+00 1.076E+00
  3.011252E+00 8.073E-01
  3.011264E+00 6.339E-01
  3.011275E+00 5.164E-01
  3.011287E+00 4.343E-01
  3.011298E+00 3.760E-01
  3.011310E+00 3.348E-01
  3.011321E+00 3.067E-01
  3.011333E+00 2.900E-01
  3.011344E+00 2.847E-01
  3.011355E+00 2.932E-01
  3.011367E+00 3.227E-01
  3.011378E+00 3.937E-01
  3.011389E+00 5.772E-01
  3.011401E+00 1.289E+00
  3.011412E+00 2.158E+01
  3.011423E+00 1.485E+00
  3.011434E+00 1.666E-01
  3.011446E+00 3.737E-02
  3.011457E+00 9.597E-03
  3.011468E+00 2.143E-03
  3.011479E+00 2.317E-04
  3.011490E+00 2.141E-05
  3.011502E+00 3.157E-04
  3.011513E+00 7.095E-04
  3.011524E+00 1.066E-03
  3.011535E+00 1.346E-03
  3.011546E+00 1.546E-03
  3.011557E+00 1.675E-03
  3.011568E+00 1.747E-03
  3.011579E+00 1.772E-03
  3.011601E+00 1.724E-03
  3.011634E+00 1.514E-03
  3.011710E+00 8.921E-04
  3.011753E+00 5.925E-04
  3.011786E+00 4.119E-04
  3.011796E+00 3.601E-04
  3.011828E+00 2.287E-04
  3.011849E+00 1.600E-04
  3.011860E+00 1.309E-04
  3.011881E+00 8.240E-05
  3.011902E+00 4.614E-05
  3.011913E+00 3.224E-05
  3.011923E+00 2.100E-05
  3.011934E+00 1.230E-05
  3.011944E+00 5.997E-06
  3.011955E+00 1.987E-06
  3.011965E+00 1.517E-07
  3.011976E+00 3.747E-07
  3.011986E+00 2.544E-06
  3.011996E+00 6.546E-06
  3.012007E+00 1.227E-05
  3.012017E+00 1.961E-05
  3.012038E+00 3.866E-05
  3.012048E+00 5.014E-05
  3.018940E+00 1.834E+00
  3.022240E+00 1.318E+00
  3.022250E+00 1.472E+00
  3.026368E+00 1.033E+00
  3.030440E+00 7.651E-01
  3.034467E+00 5.893E-01
  3.038450E+00 4.679E-01
  3.042389E+00 3.808E-01
  3.046285E+00 3.162E-01
  3.050139E+00 2.670E-01
  3.053951E+00 2.287E-01
  3.057722E+00 1.984E-01
  3.061452E+00 1.739E-01
  3.065143E+00 1.540E-01
  3.072406E+00 1.237E-01
  3.079515E+00 1.023E-01
  3.086476E+00 8.652E-02
  3.096647E+00 6.977E-02
  3.106505E+00 5.825E-02
  3.119185E+00 4.772E-02
  3.134328E+00 3.907E-02
  3.151530E+00 3.235E-02
  3.172952E+00 2.668E-02
  3.197532E+00 2.233E-02
  3.226277E+00 1.898E-02
  3.253734E+00 1.707E-02
  3.271423E+00 1.678E-02
  3.282957E+00 1.748E-02
  3.290802E+00 1.895E-02
  3.295360E+00 2.058E-02
  3.299809E+00 2.330E-02
  3.302718E+00 2.616E-02
  3.305581E+00 3.049E-02
  3.306995E+00 3.352E-02
  3.308399E+00 3.741E-02
  3.309792E+00 4.251E-02
  3.311174E+00 4.936E-02
  3.312546E+00 5.881E-02
  3.313906E+00 7.227E-02
  3.315257E+00 9.211E-02
  3.316597E+00 1.224E-01
  3.317927E+00 1.698E-01
  3.319247E+00 2.415E-01
  3.320556E+00 3.297E-01
  3.321856E+00 3.759E-01
  3.323146E+00 3.240E-01
  3.324426E+00 2.304E-01
  3.325697E+00 1.560E-01
  3.326958E+00 1.082E-01
  3.328209E+00 7.842E-02
  3.329452E+00 5.943E-02
  3.330685E+00 4.686E-02
  3.331909E+00 3.822E-02
  3.333123E+00 3.208E-02
  3.334329E+00 2.758E-02
  3.335526E+00 2.421E-02
  3.336714E+00 2.161E-02
  3.339064E+00 1.795E-02
  3.341380E+00 1.557E-02
  3.344792E+00 1.329E-02
  3.348130E+00 1.187E-02
  3.353536E+00 1.045E-02
  3.361796E+00 9.273E-03
  3.374279E+00 8.383E-03
  3.396975E+00 7.659E-03
  3.405146E+00 7.294E-03
  3.407278E+00 6.932E-03
  3.408678E+00 6.400E-03
  3.410060E+00 5.642E-03
  3.410745E+00 5.798E-03
  3.412102E+00 7.505E-03
  3.412775E+00 7.995E-03
  3.414108E+00 8.351E-03
  3.425408E+00 9.049E-03
  3.432304E+00 1.009E-02
  3.437699E+00 1.160E-02
  3.441802E+00 1.353E-02
  3.445246E+00 1.611E-02
  3.447626E+00 1.880E-02
  3.449943E+00 2.259E-02
  3.451753E+00 2.687E-02
  3.453524E+00 3.290E-02
  3.454828E+00 3.917E-02
  3.456111E+00 4.777E-02
  3.457375E+00 5.998E-02
  3.458206E+00 7.118E-02
  3.459029E+00 8.607E-02
  3.459844E+00 1.064E-01
  3.460248E+00 1.195E-01
  3.460650E+00 1.352E-01
  3.461050E+00 1.542E-01
  3.461448E+00 1.775E-01
  3.461844E+00 2.065E-01
  3.462238E+00 2.428E-01
  3.462629E+00 2.892E-01
  3.463019E+00 3.493E-01
  3.463407E+00 4.284E-01
  3.463793E+00 5.342E-01
  3.464177E+00 6.785E-01
  3.464559E+00 8.823E-01
  3.464939E+00 1.215E+00
  3.465318E+00 2.944E+00
  3.465694E+00 1.097E+00
  3.466068E+00 1.199E+00
  3.466441E+00 1.174E+00
  3.466812E+00 1.038E+00
  3.467547E+00 6.969E-01
  3.467913E+00 5.590E-01
  3.468276E+00 4.504E-01
  3.468638E+00 3.665E-01
  3.468997E+00 3.018E-01
  3.469355E+00 2.516E-01
  3.469712E+00 2.122E-01
  3.470066E+00 1.810E-01
  3.470419E+00 1.559E-01
  3.470770E+00 1.355E-01
  3.471119E+00 1.188E-01
  3.471813E+00 9.335E-02
  3.472499E+00 7.519E-02
  3.473180E+00 6.184E-02
  3.473853E+00 5.176E-02
  3.474851E+00 4.073E-02
  3.475835E+00 3.293E-02
  3.476805E+00 2.722E-02
  3.478077E+00 2.172E-02
  3.479325E+00 1.780E-02
  3.480852E+00 1.430E-02
  3.482344E+00 1.181E-02
  3.484089E+00 9.676E-03
  3.486066E+00 7.948E-03
  3.488249E+00 6.616E-03
  3.490613E+00 5.657E-03
  3.493131E+00 5.062E-03
  3.495543E+00 4.860E-03
  3.497852E+00 5.023E-03
  3.499849E+00 5.498E-03
  3.503014E+00 6.772E-03
  3.503623E+00 6.788E-03
  3.503825E+00 7.090E-03
  3.504026E+00 8.390E-03
  3.504226E+00 9.911E-03
  3.504425E+00 1.042E-02
  3.505409E+00 1.098E-02
  3.505797E+00 1.153E-02
  3.505990E+00 1.217E-02
  3.506182E+00 1.436E-02
  3.506373E+00 3.188E-02
  3.506564E+00 3.865E-01
  3.506753E+00 4.011E-02
  3.506942E+00 2.500E-02
  3.507131E+00 2.144E-02
  3.507318E+00 2.025E-02
  3.507691E+00 1.992E-02
  3.508245E+00 2.111E-02
  3.509153E+00 2.486E-02
  3.510043E+00 3.035E-02
  3.510917E+00 3.796E-02
  3.511603E+00 4.614E-02
  3.512280E+00 5.699E-02
  3.512945E+00 7.164E-02
  3.513438E+00 8.624E-02
  3.513925E+00 1.053E-01
  3.514407E+00 1.306E-01
  3.514883E+00 1.653E-01
  3.515197E+00 1.961E-01
  3.515510E+00 2.357E-01
  3.515819E+00 2.876E-01
  3.516127E+00 3.576E-01
  3.516280E+00 4.021E-01
  3.516432E+00 4.551E-01
  3.516584E+00 5.189E-01
  3.516735E+00 5.968E-01
  3.516886E+00 6.931E-01
  3.517036E+00 8.142E-01
  3.517185E+00 9.698E-01
  3.517334E+00 1.175E+00
  3.517483E+00 1.453E+00
  3.517631E+00 1.846E+00
  3.517778E+00 2.431E+00
  3.517925E+00 3.360E+00
  3.518071E+00 4.946E+00
  3.518217E+00 7.654E+00
  3.518362E+00 9.693E+00
  3.518507E+00 4.949E+00
  3.518651E+00 1.260E+00
  3.518794E+00 4.970E-01
  3.518937E+00 6.887E-01
  3.519222E+00 1.550E+00
  3.519363E+00 1.815E+00
  3.519505E+00 1.892E+00
  3.519645E+00 1.820E+00
  3.519925E+00 1.482E+00
  3.520202E+00 1.134E+00
  3.520340E+00 9.886E-01
  3.520478E+00 8.645E-01
  3.520615E+00 7.592E-01
  3.520887E+00 5.944E-01
  3.521158E+00 4.750E-01
  3.521426E+00 3.868E-01
  3.521693E+00 3.202E-01
  3.521958E+00 2.689E-01
  3.522352E+00 2.116E-01
  3.522742E+00 1.701E-01
  3.523127E+00 1.391E-01
  3.523635E+00 1.084E-01
  3.524136E+00 8.525E-02
  3.524752E+00 6.019E-02
  3.524874E+00 5.431E-02
  3.524996E+00 5.994E-02
  3.525117E+00 3.375E-01
  3.525237E+00 9.114E-02
  3.525358E+00 7.111E-02
  3.525478E+00 6.286E-02
  3.525597E+00 5.769E-02
  3.525835E+00 5.062E-02
  3.526189E+00 4.315E-02
  3.526770E+00 3.410E-02
  3.527455E+00 2.612E-02
  3.528126E+00 2.005E-02
  3.528784E+00 1.530E-02
  3.529428E+00 1.155E-02
  3.530060E+00 8.608E-03
  3.530578E+00 6.694E-03
  3.531087E+00 5.230E-03
  3.531488E+00 4.379E-03
  3.531588E+00 4.451E-03
  3.531687E+00 4.388E-03
  3.531884E+00 4.060E-03
  3.532178E+00 3.855E-03
  3.532469E+00 3.893E-03
  3.532757E+00 4.179E-03
  3.533043E+00 4.762E-03
  3.533232E+00 5.365E-03
  3.533419E+00 6.222E-03
  3.533513E+00 6.793E-03
  3.533606E+00 7.510E-03
  3.533698E+00 8.446E-03
  3.533791E+00 9.734E-03
  3.533883E+00 1.164E-02
  3.533975E+00 1.470E-02
  3.534067E+00 2.022E-02
  3.534158E+00 3.160E-02
  3.534249E+00 5.893E-02
  3.534340E+00 1.291E-01
  3.534430E+00 2.159E-01
  3.534520E+00 1.629E-01
  3.534610E+00 1.011E-01
  3.534700E+00 7.145E-02
  3.534789E+00 5.722E-02
  3.534878E+00 4.996E-02
  3.534967E+00 4.620E-02
  3.535056E+00 4.442E-02
  3.535232E+00 4.415E-02
  3.535407E+00 4.648E-02
  3.535668E+00 5.308E-02
  3.535926E+00 6.287E-02
  3.536182E+00 7.603E-02
  3.536435E+00 9.327E-02
  3.536687E+00 1.158E-01
  3.536936E+00 1.454E-01
  3.537183E+00 1.847E-01
  3.537427E+00 2.381E-01
  3.537589E+00 2.845E-01
  3.537750E+00 3.430E-01
  3.537909E+00 4.176E-01
  3.538068E+00 5.145E-01
  3.538226E+00 6.430E-01
  3.538305E+00 7.233E-01
  3.538383E+00 8.174E-01
  3.538461E+00 9.286E-01
  3.538539E+00 1.061E+00
  3.538617E+00 1.220E+00
  3.538695E+00 1.413E+00
  3.538772E+00 1.651E+00
  3.538849E+00 1.946E+00
  3.538926E+00 2.317E+00
  3.539002E+00 2.793E+00
  3.539078E+00 3.411E+00
  3.539155E+00 4.231E+00
  3.539230E+00 5.335E+00
  3.539306E+00 6.851E+00
  3.539381E+00 8.952E+00
  3.539457E+00 1.185E+01
  3.539532E+00 1.569E+01
  3.539606E+00 2.014E+01
  3.539681E+00 2.383E+01
  3.539755E+00 2.462E+01
  3.539829E+00 2.188E+01
  3.539977E+00 1.308E+01
  3.540050E+00 9.636E+00
  3.540124E+00 7.053E+00
  3.540197E+00 5.119E+00
  3.540270E+00 3.622E+00
  3.540342E+00 2.406E+00
  3.540415E+00 1.402E+00
  3.540487E+00 7.289E-01
  3.540559E+00 7.756E-01
  3.540631E+00 1.463E+00
  3.540702E+00 1.962E+00
  3.540773E+00 2.060E+00
  3.540845E+00 1.961E+00
  3.541057E+00 1.486E+00
  3.541197E+00 1.231E+00
  3.541337E+00 1.034E+00
  3.541545E+00 8.181E-01
  3.541751E+00 6.646E-01
  3.541956E+00 5.516E-01
  3.542226E+00 4.423E-01
  3.542426E+00 3.858E-01
  3.542493E+00 3.772E-01
  3.542559E+00 3.965E-01
  3.542625E+00 7.779E-01
  3.542691E+00 1.530E+00
  3.542757E+00 4.194E-01
  3.542822E+00 3.357E-01
  3.542887E+00 3.038E-01
  3.543018E+00 2.687E-01
  3.543276E+00 2.245E-01
  3.543657E+00 1.782E-01
  3.544095E+00 1.389E-01
  3.544585E+00 1.058E-01
  3.545064E+00 8.113E-02
  3.545475E+00 6.542E-02
  3.545763E+00 5.830E-02
  3.545935E+00 5.690E-02
  3.546048E+00 5.835E-02
  3.546105E+00 6.035E-02
  3.546161E+00 6.375E-02
  3.546217E+00 6.935E-02
  3.546273E+00 7.876E-02
  3.546329E+00 9.544E-02
  3.546385E+00 1.282E-01
  3.546441E+00 2.042E-01
  3.546496E+00 4.011E-01
  3.546551E+00 4.277E-01
  3.546607E+00 1.209E-01
  3.546662E+00 3.656E-02
  3.546717E+00 1.467E-02
  3.546771E+00 7.700E-03
  3.546826E+00 5.252E-03
  3.546880E+00 4.445E-03
  3.546935E+00 4.321E-03
  3.546989E+00 4.524E-03
  3.547043E+00 4.918E-03
  3.547097E+00 5.454E-03
  3.547150E+00 6.124E-03
  3.547204E+00 6.940E-03
  3.547258E+00 7.928E-03
  3.547311E+00 9.123E-03
  3.547364E+00 1.057E-02
  3.547417E+00 1.235E-02
  3.547470E+00 1.453E-02
  3.547523E+00 1.724E-02
  3.547575E+00 2.066E-02
  3.547628E+00 2.506E-02
  3.547680E+00 3.086E-02
  3.547732E+00 3.876E-02
  3.547784E+00 4.994E-02
  3.547836E+00 6.663E-02
  3.547888E+00 9.322E-02
  3.547940E+00 1.393E-01
  3.547991E+00 2.278E-01
  3.548043E+00 4.199E-01
  3.548094E+00 8.620E-01
  3.548145E+00 1.470E+00
  3.548196E+00 1.212E+00
  3.548247E+00 7.072E-01
  3.548298E+00 4.466E-01
  3.548349E+00 3.215E-01
  3.548399E+00 2.570E-01
  3.548449E+00 2.219E-01
  3.548500E+00 2.028E-01
  3.548550E+00 1.931E-01
  3.548600E+00 1.897E-01
  3.548699E+00 1.950E-01
  3.548798E+00 2.115E-01
  3.548946E+00 2.527E-01
  3.549092E+00 3.132E-01
  3.549238E+00 3.961E-01
  3.549382E+00 5.078E-01
  3.549525E+00 6.580E-01
  3.549620E+00 7.866E-01
  3.549715E+00 9.449E-01
  3.549809E+00 1.141E+00
  3.549949E+00 1.532E+00
  3.550041E+00 1.882E+00
  3.550134E+00 2.331E+00
  3.550225E+00 2.917E+00
  3.550317E+00 3.695E+00
  3.550408E+00 4.748E+00
  3.550453E+00 5.417E+00
  3.550498E+00 6.210E+00
  3.550543E+00 7.157E+00
  3.550588E+00 8.297E+00
  3.550633E+00 9.684E+00
  3.550678E+00 1.139E+01
  3.550722E+00 1.350E+01
  3.550767E+00 1.616E+01
  3.550811E+00 1.956E+01
  3.550856E+00 2.397E+01
  3.550900E+00 2.978E+01
  3.550944E+00 3.759E+01
  3.550988E+00 4.831E+01
  3.551032E+00 6.331E+01
  3.551076E+00 8.463E+01
  3.551119E+00 1.150E+02
  3.551163E+00 1.571E+02
  3.551249E+00 2.595E+02
  3.551293E+00 2.805E+02
  3.551336E+00 2.593E+02
  3.551422E+00 1.662E+02
  3.551465E+00 1.279E+02
  3.551507E+00 9.935E+01
  3.551550E+00 7.844E+01
  3.551592E+00 6.297E+01
  3.551635E+00 5.124E+01
  3.551677E+00 4.203E+01
  3.551719E+00 3.439E+01
  3.551803E+00 2.067E+01
  3.551845E+00 1.331E+01
  3.551887E+00 7.483E+00
  3.551929E+00 7.682E+00
  3.551970E+00 1.100E+01
  3.552012E+00 1.301E+01
  3.552053E+00 1.362E+01
  3.552094E+00 1.351E+01
  3.552340E+00 1.064E+01
  3.552421E+00 1.013E+01
  3.552461E+00 1.024E+01
  3.552502E+00 1.145E+01
  3.552542E+00 2.738E+01
  3.552582E+00 2.030E+01
  3.552622E+00 8.336E+00
  3.552662E+00 7.414E+00
  3.552741E+00 6.836E+00
  3.552978E+00 5.929E+00
  3.553249E+00 5.318E+00
  3.553554E+00 5.003E+00
  3.553854E+00 5.038E+00
  3.554111E+00 5.415E+00
  3.554292E+00 5.998E+00
  3.554436E+00 6.796E+00
  3.554543E+00 7.730E+00
  3.554649E+00 9.169E+00
  3.554719E+00 1.060E+01
  3.554789E+00 1.268E+01
  3.554824E+00 1.410E+01
  3.554859E+00 1.588E+01
  3.554893E+00 1.817E+01
  3.554928E+00 2.118E+01
  3.554963E+00 2.526E+01
  3.554997E+00 3.100E+01
  3.555032E+00 3.944E+01
  3.555066E+00 5.260E+01
  3.555100E+00 7.482E+01
  3.555134E+00 1.167E+02
  3.555168E+00 2.092E+02
  3.555202E+00 4.672E+02
  3.555236E+00 1.266E+03
  3.555270E+00 1.187E+03
  3.555304E+00 4.205E+02
  3.555338E+00 1.840E+02
  3.555371E+00 1.000E+02
  3.555405E+00 6.251E+01
  3.555438E+00 4.293E+01
  3.555472E+00 3.155E+01
  3.555505E+00 2.442E+01
  3.555538E+00 1.970E+01
  3.555572E+00 1.645E+01
  3.555605E+00 1.414E+01
  3.555638E+00 1.246E+01
  3.555671E+00 1.124E+01
  3.555704E+00 1.035E+01
  3.555736E+00 9.716E+00
  3.555802E+00 9.039E+00
  3.555867E+00 9.042E+00
  3.555899E+00 9.314E+00
  3.555932E+00 9.812E+00
  3.555964E+00 1.061E+01
  3.555996E+00 1.184E+01
  3.556029E+00 1.374E+01
  3.556061E+00 1.677E+01
  3.556093E+00 2.188E+01
  3.556125E+00 3.119E+01
  3.556157E+00 4.976E+01
  3.556188E+00 8.723E+01
  3.556220E+00 1.279E+02
  3.556252E+00 9.615E+01
  3.556283E+00 5.111E+01
  3.556315E+00 2.890E+01
  3.556346E+00 1.856E+01
  3.556378E+00 1.328E+01
  3.556409E+00 1.032E+01
  3.556440E+00 8.544E+00
  3.556472E+00 7.415E+00
  3.556503E+00 6.672E+00
  3.556534E+00 6.171E+00
  3.556596E+00 5.599E+00
  3.556688E+00 5.307E+00
  3.556810E+00 5.419E+00
  3.556962E+00 6.006E+00
  3.557111E+00 7.021E+00
  3.557230E+00 8.211E+00
  3.557347E+00 9.888E+00
  3.557435E+00 1.162E+01
  3.557522E+00 1.395E+01
  3.557608E+00 1.720E+01
  3.557665E+00 2.014E+01
  3.557722E+00 2.399E+01
  3.557779E+00 2.918E+01
  3.557808E+00 3.247E+01
  3.557836E+00 3.639E+01
  3.557864E+00 4.110E+01
  3.557892E+00 4.683E+01
  3.557920E+00 5.388E+01
  3.557948E+00 6.270E+01
  3.557976E+00 7.388E+01
  3.558004E+00 8.834E+01
  3.558032E+00 1.074E+02
  3.558060E+00 1.330E+02
  3.558087E+00 1.681E+02
  3.558115E+00 2.171E+02
  3.558143E+00 2.858E+02
  3.558170E+00 3.795E+02
  3.558225E+00 6.011E+02
  3.558252E+00 6.371E+02
  3.558280E+00 5.728E+02
  3.558334E+00 3.410E+02
  3.558361E+00 2.529E+02
  3.558388E+00 1.898E+02
  3.558415E+00 1.454E+02
  3.558442E+00 1.138E+02
  3.558469E+00 9.084E+01
  3.558496E+00 7.383E+01
  3.558523E+00 6.086E+01
  3.558550E+00 5.063E+01
  3.558576E+00 4.211E+01
  3.558603E+00 3.425E+01
  3.558630E+00 2.570E+01
  3.558656E+00 1.576E+01
  3.558683E+00 8.664E+00
  3.558709E+00 8.213E+00
  3.558735E+00 9.876E+00
  3.558762E+00 1.108E+01
  3.558788E+00 1.199E+01
  3.558814E+00 1.395E+01
  3.558840E+00 3.213E+01
  3.558866E+00 1.648E+01
  3.558892E+00 6.694E+00
  3.558918E+00 6.177E+00
  3.559073E+00 4.289E+00
  3.559175E+00 3.312E+00
  3.559277E+00 2.587E+00
  3.559377E+00 2.047E+00
  3.559477E+00 1.640E+00
  3.559576E+00 1.330E+00
  3.559698E+00 1.039E+00
  3.559819E+00 8.252E-01
  3.559939E+00 6.664E-01
  3.560058E+00 5.489E-01
  3.560176E+00 4.645E-01
  3.560292E+00 4.097E-01
  3.560385E+00 3.893E-01
  3.560453E+00 3.933E-01
  3.560499E+00 4.106E-01
  3.560544E+00 4.477E-01
  3.560567E+00 4.782E-01
  3.560590E+00 5.213E-01
  3.560612E+00 5.835E-01
  3.560635E+00 6.762E-01
  3.560657E+00 8.221E-01
  3.560680E+00 1.071E+00
  3.560702E+00 1.548E+00
  3.560724E+00 2.651E+00
  3.560747E+00 5.833E+00
  3.560769E+00 9.827E+00
  3.560791E+00 3.411E+00
  3.560813E+00 1.040E+00
  3.560835E+00 4.014E-01
  3.560858E+00 1.792E-01
  3.560880E+00 8.657E-02
  3.560902E+00 4.356E-02
  3.560923E+00 2.241E-02
  3.560945E+00 1.186E-02
  3.560967E+00 6.853E-03
  3.560989E+00 4.910E-03
  3.561011E+00 4.754E-03
  3.561033E+00 5.700E-03
  3.561054E+00 7.382E-03
  3.561076E+00 9.615E-03
  3.561098E+00 1.232E-02
  3.561119E+00 1.550E-02
  3.561141E+00 1.923E-02
  3.561162E+00 2.365E-02
  3.561184E+00 2.900E-02
  3.561205E+00 3.565E-02
  3.561226E+00 4.426E-02
  3.561248E+00 5.590E-02
  3.561269E+00 7.253E-02
  3.561290E+00 9.792E-02
  3.561311E+00 1.400E-01
  3.561333E+00 2.167E-01
  3.561354E+00 3.722E-01
  3.561375E+00 6.974E-01
  3.561396E+00 1.109E+00
  3.561417E+00 9.421E-01
  3.561438E+00 5.588E-01
  3.561459E+00 3.470E-01
  3.561480E+00 2.433E-01
  3.561500E+00 1.894E-01
  3.561521E+00 1.597E-01
  3.561542E+00 1.427E-01
  3.561563E+00 1.332E-01
  3.561583E+00 1.283E-01
  3.561625E+00 1.270E-01
  3.561686E+00 1.374E-01
  3.561747E+00 1.572E-01
  3.561808E+00 1.849E-01
  3.561869E+00 2.208E-01
  3.561929E+00 2.663E-01
  3.561989E+00 3.239E-01
  3.562048E+00 3.972E-01
  3.562108E+00 4.918E-01
  3.562166E+00 6.156E-01
  3.562225E+00 7.813E-01
  3.562264E+00 9.245E-01
  3.562322E+00 1.211E+00
  3.562360E+00 1.470E+00
  3.562398E+00 1.811E+00
  3.562418E+00 2.022E+00
  3.562456E+00 2.558E+00
  3.562475E+00 2.901E+00
  3.562494E+00 3.311E+00
  3.562513E+00 3.808E+00
  3.562531E+00 4.414E+00
  3.562550E+00 5.165E+00
  3.562569E+00 6.107E+00
  3.562588E+00 7.308E+00
  3.562607E+00 8.867E+00
  3.562625E+00 1.093E+01
  3.562644E+00 1.371E+01
  3.562663E+00 1.756E+01
  3.562681E+00 2.298E+01
  3.562700E+00 3.071E+01
  3.562718E+00 4.166E+01
  3.562737E+00 5.627E+01
  3.562755E+00 7.243E+01
  3.562774E+00 8.306E+01
  3.562792E+00 8.065E+01
  3.562811E+00 6.749E+01
  3.562829E+00 5.205E+01
  3.562847E+00 3.920E+01
  3.562866E+00 2.975E+01
  3.562884E+00 2.303E+01
  3.562902E+00 1.825E+01
  3.562920E+00 1.478E+01
  3.562938E+00 1.223E+01
  3.562957E+00 1.030E+01
  3.562975E+00 8.811E+00
  3.562993E+00 7.620E+00
  3.563029E+00 5.585E+00
  3.563047E+00 4.297E+00
  3.563065E+00 2.621E+00
  3.563082E+00 3.820E+00
  3.563100E+00 3.008E+01
  3.563118E+00 1.493E+00
  3.563136E+00 9.998E-01
  3.563171E+00 1.056E+00
  3.563189E+00 1.064E+00
  3.563224E+00 1.021E+00
  3.563364E+00 7.009E-01
  3.563450E+00 5.470E-01
  3.563536E+00 4.337E-01
  3.563621E+00 3.499E-01
  3.563705E+00 2.871E-01
  3.563805E+00 2.312E-01
  3.563904E+00 1.909E-01
  3.564002E+00 1.626E-01
  3.564098E+00 1.448E-01
  3.564178E+00 1.390E-01
  3.564242E+00 1.434E-01
  3.564289E+00 1.566E-01
  3.564320E+00 1.744E-01
  3.564336E+00 1.880E-01
  3.564352E+00 2.067E-01
  3.564367E+00 2.328E-01
  3.564383E+00 2.708E-01
  3.564398E+00 3.291E-01
  3.564414E+00 4.254E-01
  3.564429E+00 6.028E-01
  3.564445E+00 9.887E-01
  3.564460E+00 2.052E+00
  3.564476E+00 4.702E+00
  3.564491E+00 2.575E+00
  3.564506E+00 7.500E-01
  3.564522E+00 2.812E-01
  3.564537E+00 1.272E-01
  3.564552E+00 6.446E-02
  3.564567E+00 3.523E-02
  3.564583E+00 2.043E-02
  3.564598E+00 1.257E-02
  3.564613E+00 8.337E-03
  3.564628E+00 6.119E-03
  3.564643E+00 5.075E-03
  3.564658E+00 4.750E-03
  3.564673E+00 4.884E-03
  3.564688E+00 5.333E-03
  3.564703E+00 6.015E-03
  3.564718E+00 6.895E-03
  3.564733E+00 7.965E-03
  3.564748E+00 9.247E-03
  3.564763E+00 1.079E-02
  3.564778E+00 1.269E-02
  3.564793E+00 1.510E-02
  3.564808E+00 1.830E-02
  3.564823E+00 2.279E-02
  3.564837E+00 2.950E-02
  3.564852E+00 4.042E-02
  3.564867E+00 6.001E-02
  3.564882E+00 9.906E-02
  3.564896E+00 1.805E-01
  3.564911E+00 2.940E-01
  3.564926E+00 2.703E-01
  3.564940E+00 1.678E-01
  3.564955E+00 1.071E-01
  3.564969E+00 7.711E-02
  3.564984E+00 6.167E-02
  3.564998E+00 5.331E-02
  3.565013E+00 4.871E-02
  3.565027E+00 4.630E-02
  3.565056E+00 4.520E-02
  3.565085E+00 4.693E-02
  3.565128E+00 5.271E-02
  3.565185E+00 6.497E-02
  3.565241E+00 8.252E-02
  3.565283E+00 9.994E-02
  3.565325E+00 1.221E-01
  3.565367E+00 1.503E-01
  3.565409E+00 1.869E-01
  3.565450E+00 2.350E-01
  3.565477E+00 2.757E-01
  3.565505E+00 3.257E-01
  3.565532E+00 3.878E-01
  3.565559E+00 4.661E-01
  3.565586E+00 5.665E-01
  3.565600E+00 6.274E-01
  3.565626E+00 7.783E-01
  3.565640E+00 8.723E-01
  3.565667E+00 1.112E+00
  3.565680E+00 1.267E+00
  3.565707E+00 1.677E+00
  3.565720E+00 1.952E+00
  3.565733E+00 2.295E+00
  3.565746E+00 2.727E+00
  3.565760E+00 3.280E+00
  3.565773E+00 4.000E+00
  3.565786E+00 4.958E+00
  3.565799E+00 6.259E+00
  3.565812E+00 8.065E+00
  3.565826E+00 1.063E+01
  3.565839E+00 1.431E+01
  3.565852E+00 1.955E+01
  3.565865E+00 2.656E+01
  3.565878E+00 3.427E+01
  3.565891E+00 3.918E+01
  3.565904E+00 3.780E+01
  3.565917E+00 3.148E+01
  3.565930E+00 2.428E+01
  3.565943E+00 1.835E+01
  3.565956E+00 1.401E+01
  3.565968E+00 1.092E+01
  3.565981E+00 8.723E+00
  3.565994E+00 7.129E+00
  3.566007E+00 5.950E+00
  3.566020E+00 5.057E+00
  3.566045E+00 3.772E+00
  3.566058E+00 3.198E+00
  3.566071E+00 5.145E+00
  3.566084E+00 7.422E+00
  3.566096E+00 4.160E+00
  3.566109E+00 2.410E+00
  3.566122E+00 1.090E+00
  3.566134E+00 5.939E-01
  3.566147E+00 4.867E-01
  3.566159E+00 4.788E-01
  3.566184E+00 4.862E-01
  3.566209E+00 4.703E-01
  3.566333E+00 3.105E-01
  3.566394E+00 2.502E-01
  3.566467E+00 1.971E-01
  3.566539E+00 1.591E-01
  3.566611E+00 1.316E-01
  3.566693E+00 1.091E-01
  3.566775E+00 9.469E-02
  3.566844E+00 8.882E-02
  3.566890E+00 8.934E-02
  3.566924E+00 9.350E-02
  3.566958E+00 1.035E-01
  3.566980E+00 1.161E-01
  3.566992E+00 1.256E-01
  3.567003E+00 1.383E-01
  3.567014E+00 1.560E-01
  3.567025E+00 1.813E-01
  3.567036E+00 2.195E-01
  3.567048E+00 2.814E-01
  3.567059E+00 3.924E-01
  3.567070E+00 6.245E-01
  3.567081E+00 1.233E+00
  3.567092E+00 3.035E+00
  3.567103E+00 2.573E+00
  3.567114E+00 7.451E-01
  3.567125E+00 2.688E-01
  3.567136E+00 1.204E-01
  3.567147E+00 6.175E-02
  3.567158E+00 3.469E-02
  3.567169E+00 2.092E-02
  3.567180E+00 1.348E-02
  3.567191E+00 9.324E-03
  3.567202E+00 6.980E-03
  3.567213E+00 5.696E-03
  3.567224E+00 5.056E-03
  3.567235E+00 4.824E-03
  3.567246E+00 4.862E-03
  3.567257E+00 5.088E-03
  3.567278E+00 5.947E-03
  3.567300E+00 7.290E-03
  3.567321E+00 9.313E-03
  3.567332E+00 1.077E-02
  3.567343E+00 1.277E-02
  3.567353E+00 1.570E-02
  3.567364E+00 2.035E-02
  3.567375E+00 2.853E-02
  3.567385E+00 4.454E-02
  3.567396E+00 7.787E-02
  3.567407E+00 1.291E-01
  3.567417E+00 1.293E-01
  3.567428E+00 8.458E-02
  3.567438E+00 5.562E-02
  3.567449E+00 4.122E-02
  3.567459E+00 3.388E-02
  3.567470E+00 2.999E-02
  3.567480E+00 2.795E-02
  3.567491E+00 2.697E-02
  3.567512E+00 2.683E-02
  3.567543E+00 2.912E-02
  3.567574E+00 3.325E-02
  3.567605E+00 3.896E-02
  3.567636E+00 4.635E-02
  3.567677E+00 5.941E-02
  3.567718E+00 7.740E-02
  3.567748E+00 9.540E-02
  3.567778E+00 1.188E-01
  3.567805E+00 1.466E-01
  3.577795E+00 1.562E+00
  3.577805E+00 5.064E-01
  3.602749E+00 1.238E-01
  3.627692E+00 6.872E-02
  3.652635E+00 5.304E-02
  3.677579E+00 4.583E-02
  3.702522E+00 4.066E-02
  3.727465E+00 3.691E-02
  3.777352E+00 3.205E-02
  3.852182E+00 2.617E-02
  3.902068E+00 2.368E-02
  4.001842E+00 2.141E-02
  4.151502E+00 1.874E-02
  4.400935E+00 1.554E-02
  4.750141E+00 1.287E-02
  5.224064E+00 9.960E-03
  5.598214E+00 8.069E-03
  5.872590E+00 7.066E-03
  6.022250E+00 6.684E-03
  6.143909E+00 6.295E-03
  6.268022E+00 5.928E-03
  6.394643E+00 5.583E-03
  6.523827E+00 5.258E-03
  6.655617E+00 4.952E-03
  6.790067E+00 4.663E-03
  6.927234E+00 4.392E-03
  7.067174E+00 4.136E-03
  7.209940E+00 3.895E-03
  7.355595E+00 3.668E-03
  7.504185E+00 3.455E-03
  7.655778E+00 3.253E-03
  7.810438E+00 3.064E-03
  7.968217E+00 2.886E-03
  8.129184E+00 2.718E-03
  8.293406E+00 2.559E-03
  8.460943E+00 2.410E-03
  8.631869E+00 2.270E-03
  8.806240E+00 2.138E-03
  8.984143E+00 2.013E-03
  9.165630E+00 1.896E-03
  9.350788E+00 1.786E-03
  9.539690E+00 1.682E-03
  9.732405E+00 1.584E-03
  9.929008E+00 1.491E-03
  1.012959E+01 1.405E-03
  1.033422E+01 1.323E-03
  1.054299E+01 1.246E-03
  1.075597E+01 1.173E-03
  1.097325E+01 1.105E-03
  1.119493E+01 1.041E-03
  1.142108E+01 9.799E-04
  1.165180E+01 9.229E-04
  1.188719E+01 8.691E-04
  1.212732E+01 8.185E-04
  1.237231E+01 7.708E-04
  1.262225E+01 7.259E-04
  1.287723E+01 6.837E-04
  1.313737E+01 6.439E-04
  1.340277E+01 6.064E-04
  1.367351E+01 5.710E-04
  1.394974E+01 5.378E-04
  1.423154E+01 5.065E-04
  1.451904E+01 4.770E-04
  1.481235E+01 4.492E-04
  1.511158E+01 4.230E-04
  1.541685E+01 3.984E-04
  1.572829E+01 3.752E-04
  1.604602E+01 3.534E-04
  1.637016E+01 3.328E-04
  1.670085E+01 3.134E-04
  1.703824E+01 2.951E-04
  1.738243E+01 2.780E-04
  1.773358E+01 2.618E-04
  1.809183E+01 2.465E-04
  1.845731E+01 2.322E-04
  1.883015E+01 2.187E-04
  1.921057E+01 2.059E-04
  1.959863E+01 1.939E-04
  1.999457E+01 1.826E-04
  2.039847E+01 1.720E-04
  2.081056E+01 1.620E-04
  2.123094E+01 1.525E-04
  2.165985E+01 1.437E-04
  2.209740E+01 1.353E-04
  2.254381E+01 1.274E-04