  5.256399E-02 5.757E+01
  6.256402E-02 3.572E+01
  1.138487E-01 6.041E+00
  1.638295E-01 1.858E+00
  2.125502E-01 7.657E-01
  2.600528E-01 3.740E-01
  3.063777E-01 2.036E-01
  3.515633E-01 1.200E-01
  3.956469E-01 7.547E-02
  4.386638E-01 5.029E-02
  4.806483E-01 3.522E-02
  5.216331E-01 2.565E-02
  5.616497E-01 1.922E-02
  6.007284E-01 1.468E-02
  6.388982E-01 1.135E-02
  6.761872E-01 8.845E-03
  7.126222E-01 6.951E-03
  7.482290E-01 5.515E-03
  7.830327E-01 4.430E-03
  8.170572E-01 3.612E-03
  8.503255E-01 2.997E-03
  8.828599E-01 2.531E-03
  9.146819E-01 2.175E-03
  9.458121E-01 1.898E-03
  9.762703E-01 1.677E-03
  1.035247E+00 1.339E-03
  1.119132E+00 9.637E-04
  1.197916E+00 6.738E-04
  1.247806E+00 5.217E-04
  1.295721E+00 4.022E-04
  1.341763E+00 3.125E-04
  1.386029E+00 2.478E-04
  1.428608E+00 2.025E-04
  1.469585E+00 1.715E-04
  1.509040E+00 1.505E-04
  1.565530E+00 1.309E-04
  1.733133E+00 9.384E-05
  1.820528E+00 6.778E-05
  1.912018E+00 3.836E-05
  1.948160E+00 2.834E-05
  1.982625E+00 2.029E-05
  2.004722E+00 1.599E-05
  2.026147E+00 1.247E-05
  2.046927E+00 9.641E-06
  2.067089E+00 7.415E-06
  2.086656E+00 5.701E-06
  2.105653E+00 4.414E-06
  2.124099E+00 3.480E-06
  2.142018E+00 2.832E-06
  2.159428E+00 2.419E-06
  2.176349E+00 2.196E-06
  2.192799E+00 2.130E-06
  2.208794E+00 2.194E-06
  2.224353E+00 2.370E-06
  2.246906E+00 2.810E-06
  2.268560E+00 3.437E-06
  2.289364E+00 4.229E-06
  2.315853E+00 5.531E-06
  2.341005E+00 7.114E-06
  2.370696E+00 9.513E-06
  2.398592E+00 1.245E-05
  2.424834E+00 1.608E-05
  2.449551E+00 2.063E-05
  2.472858E+00 2.645E-05
  2.490560E+00 3.239E-05
  2.507476E+00 3.990E-05
  2.523653E+00 4.960E-05
  2.539133E+00 6.236E-05
  2.550310E+00 7.473E-05
  2.561132E+00 9.042E-05
  2.571615E+00 1.106E-04
  2.581773E+00 1.371E-04
  2.591618E+00 1.726E-04
  2.601164E+00 2.214E-04
  2.607368E+00 2.647E-04
  2.613448E+00 3.201E-04
  2.619406E+00 3.924E-04
  2.625247E+00 4.888E-04
  2.628124E+00 5.494E-04
  2.630973E+00 6.209E-04
  2.633794E+00 7.058E-04
  2.636587E+00 8.076E-04
  2.639353E+00 9.310E-04
  2.642093E+00 1.082E-03
  2.644806E+00 1.270E-03
  2.647492E+00 1.507E-03
  2.650153E+00 1.811E-03
  2.652788E+00 2.209E-03
  2.655398E+00 2.743E-03
  2.657984E+00 3.482E-03
  2.660544E+00 4.541E-03
  2.663081E+00 6.131E-03
  2.665593E+00 8.664E-03
  2.668082E+00 1.304E-02
  2.670548E+00 2.152E-02
  2.672990E+00 4.117E-02
  2.675410E+00 1.026E-01
  2.677807E+00 4.151E-01
  2.680182E+00 5.390E-01
  2.682536E+00 1.302E-01
  2.684867E+00 5.130E-02
  2.687177E+00 2.710E-02
  2.689466E+00 1.680E-02
  2.691734E+00 1.150E-02
  2.693982E+00 8.407E-03
  2.696209E+00 6.450E-03
  2.698416E+00 5.130E-03
  2.700603E+00 4.196E-03
  2.702771E+00 3.511E-03
  2.704919E+00 2.993E-03
  2.707048E+00 2.591E-03
  2.709157E+00 2.272E-03
  2.711249E+00 2.015E-03
  2.715376E+00 1.631E-03
  2.719431E+00 1.361E-03
  2.723415E+00 1.163E-03
  2.729262E+00 9.537E-04
  2.734960E+00 8.094E-04
  2.742332E+00 6.781E-04
  2.751202E+00 5.722E-04
  2.761369E+00 4.938E-04
  2.774167E+00 4.349E-04
  2.789050E+00 4.014E-04
  2.805437E+00 3.945E-04
  2.822760E+00 4.170E-04
  2.836252E+00 4.609E-04
  2.845637E+00 5.164E-04
  2.852539E+00 5.887E-04
  2.856336E+00 6.580E-04
  2.859116E+00 7.428E-04
  2.860939E+00 8.339E-04
  2.861841E+00 8.995E-04
  2.862737E+00 9.882E-04
  2.863627E+00 1.115E-03
  2.864512E+00 1.312E-03
  2.865390E+00 1.655E-03
  2.866262E+00 2.378E-03
  2.867129E+00 4.587E-03
  2.867990E+00 2.559E-02
  2.868845E+00 2.140E-02
  2.869695E+00 1.462E-03
  2.870539E+00 4.340E-04
  2.871378E+00 2.661E-04
  2.872211E+00 2.429E-04
  2.873038E+00 2.549E-04
  2.877097E+00 3.601E-04
  2.881797E+00 4.491E-04
  2.893492E+00 6.068E-04
  2.915987E+00 8.777E-04
  2.922495E+00 9.096E-04
  2.927593E+00 9.102E-04
  2.928579E+00 9.409E-04
  2.929068E+00 9.728E-04
  2.929554E+00 1.024E-03
  2.930038E+00 1.104E-03
  2.930519E+00 1.229E-03
  2.930997E+00 1.426E-03
  2.931473E+00 1.743E-03
  2.931947E+00 2.260E-03
  2.932417E+00 3.140E-03
  2.932885E+00 4.712E-03
  2.933351E+00 7.742E-03
  2.933814E+00 1.426E-02
  2.934275E+00 3.097E-02
  2.934733E+00 8.818E-02
  2.935189E+00 3.611E-01
  2.935642E+00 3.725E-01
  2.936093E+00 1.241E-01
  2.936541E+00 5.997E-02
  2.936988E+00 3.704E-02
  2.937431E+00 2.632E-02
  2.937873E+00 2.042E-02
  2.938312E+00 1.680E-02
  2.938748E+00 1.441E-02
  2.939183E+00 1.275E-02
  2.939615E+00 1.156E-02
  2.940045E+00 1.068E-02
  2.940898E+00 9.525E-03
  2.941742E+00 8.893E-03
  2.942578E+00 8.636E-03
  2.943404E+00 8.753E-03
  2.943815E+00 9.008E-03
  2.944223E+00 9.482E-03
  2.944629E+00 1.035E-02
  2.945033E+00 1.209E-02
  2.945434E+00 1.644E-02
  2.945834E+00 3.537E-02
  2.946232E+00 7.387E+00
  2.946628E+00 1.789E-02
  2.947021E+00 6.314E-03
  2.947413E+00 5.079E-03
  2.947803E+00 4.929E-03
  2.954492E+00 6.869E-03
  2.957619E+00 8.167E-03
  2.960286E+00 9.810E-03
  2.962221E+00 1.158E-02
  2.963791E+00 1.372E-02
  2.965021E+00 1.625E-02
  2.965928E+00 1.909E-02
  2.966526E+00 2.182E-02
  2.967119E+00 2.577E-02
  2.967413E+00 2.851E-02
  2.967706E+00 3.208E-02
  2.967997E+00 3.693E-02
  2.968287E+00 4.393E-02
  2.968576E+00 5.520E-02
  2.968863E+00 1.884E+00
  2.969149E+00 9.937E-02
  2.969434E+00 1.822E-01
  2.969718E+00 5.438E-01
  2.970000E+00 5.964E+01
  2.970281E+00 4.891E-01
  2.970560E+00 8.536E-02
  2.970839E+00 2.857E-02
  2.971116E+00 1.294E-02
  2.971392E+00 7.489E-03
  2.971666E+00 5.500E-03
  2.971940E+00 4.909E-03
  2.972212E+00 4.948E-03
  2.972483E+00 5.290E-03
  2.973021E+00 6.349E-03
  2.975897E+00 1.328E-02
  2.977902E+00 1.886E-02
  2.979600E+00 2.480E-02
  2.981015E+00 3.124E-02
  2.982394E+00 3.957E-02
  2.983517E+00 4.864E-02
  2.984617E+00 6.053E-02
  2.985693E+00 7.663E-02
  2.986539E+00 9.404E-02
  2.987370E+00 1.175E-01
  2.987985E+00 1.410E-01
  2.988592E+00 1.720E-01
  2.989192E+00 2.139E-01
  2.989587E+00 2.509E-01
  2.989980E+00 2.981E-01
  2.990370E+00 3.601E-01
  2.990756E+00 4.436E-01
  2.990948E+00 4.968E-01
  2.991139E+00 5.602E-01
  2.991330E+00 6.368E-01
  2.991519E+00 7.305E-01
  2.991708E+00 8.469E-01
  2.991896E+00 9.939E-01
  2.992084E+00 1.184E+00
  2.992271E+00 1.434E+00
  2.992457E+00 1.776E+00
  2.992642E+00 2.257E+00
  2.992826E+00 2.967E+00
  2.993010E+00 4.078E+00
  2.993193E+00 5.956E+00
  2.993375E+00 9.495E+00
  2.993557E+00 1.734E+01
  2.993738E+00 3.976E+01
  2.993918E+00 1.269E+02
  2.994098E+00 1.714E+02
  2.994276E+00 5.316E+01
  2.994454E+00 2.158E+01
  2.994632E+00 1.142E+01
  2.994808E+00 7.086E+00
  2.994984E+00 4.877E+00
  2.995160E+00 3.615E+00
  2.995334E+00 2.838E+00
  2.995508E+00 2.336E+00
  2.995682E+00 2.005E+00
  2.995854E+00 1.788E+00
  2.996026E+00 1.653E+00
  2.996197E+00 1.584E+00
  2.996368E+00 1.572E+00
  2.996538E+00 1.616E+00
  2.996707E+00 1.722E+00
  2.996876E+00 1.906E+00
  2.997044E+00 2.196E+00
  2.997211E+00 2.641E+00
  2.997378E+00 3.339E+00
  2.997544E+00 4.481E+00
  2.997709E+00 6.499E+00
  2.997874E+00 1.053E+01
  2.998038E+00 2.045E+01
  2.998202E+00 5.733E+01
  2.998365E+00 5.802E+02
  2.998527E+00 3.869E+02
  2.998689E+00 4.800E+01
  2.998850E+00 1.732E+01
  2.999011E+00 8.633E+00
  2.999170E+00 4.962E+00
  2.999330E+00 2.999E+00
  2.999488E+00 1.694E+00
  2.999647E+00 5.175E-01
  2.999804E+00 9.535E+01
  2.999961E+00 4.759E+00
  3.000117E+00 2.450E+00
  3.000273E+00 1.736E+00
  3.000428E+00 1.359E+00
  3.000583E+00 1.116E+00
  3.000737E+00 9.434E-01
  3.000890E+00 8.134E-01
  3.001043E+00 7.117E-01
  3.001195E+00 6.299E-01
  3.001498E+00 5.064E-01
  3.001799E+00 4.178E-01
  3.002097E+00 3.513E-01
  3.002541E+00 2.779E-01
  3.002979E+00 2.246E-01
  3.003413E+00 1.837E-01
  3.003984E+00 1.413E-01
  3.004547E+00 1.082E-01
  3.004826E+00 9.561E-02
  3.004964E+00 9.152E-02
  3.005102E+00 9.049E-02
  3.005240E+00 9.568E-02
  3.005377E+00 1.149E-01
  3.005513E+00 1.711E-01
  3.005649E+00 3.500E-01
  3.005785E+00 1.174E+00
  3.005920E+00 1.670E+01
  3.006054E+00 1.094E+01
  3.006188E+00 1.875E+00
  3.006322E+00 8.806E-01
  3.006455E+00 5.630E-01
  3.006588E+00 4.162E-01
  3.006720E+00 3.338E-01
  3.006852E+00 2.817E-01
  3.006983E+00 2.459E-01
  3.007114E+00 2.198E-01
  3.007244E+00 1.999E-01
  3.007503E+00 1.714E-01
  3.007889E+00 1.440E-01
  3.008396E+00 1.212E-01
  3.009021E+00 1.024E-01
  3.009635E+00 8.623E-02
  3.009757E+00 8.089E-02
  3.009878E+00 6.909E-02
  3.009998E+00 7.254E-01
  3.010119E+00 1.071E-01
  3.010239E+00 9.505E-02
  3.010358E+00 9.012E-02
  3.010714E+00 8.280E-02
  3.011531E+00 7.414E-02
  3.012775E+00 6.710E-02
  3.014082E+00 6.468E-02
  3.015132E+00 6.678E-02
  3.015947E+00 7.233E-02
  3.016545E+00 8.033E-02
  3.017035E+00 9.141E-02
  3.017421E+00 1.054E-01
  3.017707E+00 1.209E-01
  3.017991E+00 1.437E-01
  3.018178E+00 1.657E-01
  3.018365E+00 1.964E-01
  3.018458E+00 2.167E-01
  3.018550E+00 2.416E-01
  3.018642E+00 2.727E-01
  3.018734E+00 3.124E-01
  3.018826E+00 3.643E-01
  3.018917E+00 4.342E-01
  3.019008E+00 5.317E-01
  3.019099E+00 6.743E-01
  3.019189E+00 8.958E-01
  3.019279E+00 1.269E+00
  3.019369E+00 1.974E+00
  3.019459E+00 3.559E+00
  3.019548E+00 8.201E+00
  3.019637E+00 2.449E+01
  3.019726E+00 2.000E+01
  3.019815E+00 6.168E+00
  3.019903E+00 2.570E+00
  3.019991E+00 1.352E+00
  3.020079E+00 8.235E-01
  3.020166E+00 5.566E-01
  3.020253E+00 4.110E-01
  3.020340E+00 3.334E-01
  3.020427E+00 3.076E-01
  3.020513E+00 3.544E-01
  3.020599E+00 6.584E-01
  3.020685E+00 6.774E+00
  3.020770E+00 1.801E+00
  3.020856E+00 2.757E-01
  3.020941E+00 1.154E-01
  3.021026E+00 6.743E-02
  3.021110E+00 4.597E-02
  3.021194E+00 3.401E-02
  3.021278E+00 2.641E-02
  3.021362E+00 2.116E-02
  3.021446E+00 1.731E-02
  3.021529E+00 1.439E-02
  3.021612E+00 1.210E-02
  3.021695E+00 1.028E-02
  3.021777E+00 8.798E-03
  3.021859E+00 7.580E-03
  3.021941E+00 6.563E-03
  3.022104E+00 4.956E-03
  3.022267E+00 3.679E-03
  3.022347E+00 3.129E-03
  3.022428E+00 5.674E-03
  3.022508E+00 1.401E-02
  3.022588E+00 5.247E-03
  3.022668E+00 3.968E-03
  3.022748E+00 3.389E-03
  3.022827E+00 3.022E-03
  3.022985E+00 2.533E-03
  3.023220E+00 2.036E-03
  3.023607E+00 1.305E-03
  3.023761E+00 9.392E-04
  3.023913E+00 5.032E-04
  3.023989E+00 3.021E-04
  3.024064E+00 2.629E-04
  3.024140E+00 9.865E-04
  3.024215E+00 6.126E-03
  3.024290E+00 7.477E-02
  3.024365E+00 5.461E-01
  3.024439E+00 5.058E-02
  3.024514E+00 2.361E-02
  3.024588E+00 1.584E-02
  3.024662E+00 1.246E-02
  3.024735E+00 1.073E-02
  3.024809E+00 9.852E-03
  3.024882E+00 9.573E-03
  3.024955E+00 9.875E-03
  3.025028E+00 1.097E-02
  3.025100E+00 1.346E-02
  3.025173E+00 1.898E-02
  3.025245E+00 3.277E-02
  3.025317E+00 7.860E-02
  3.025389E+00 3.995E-01
  3.025460E+00 1.403E+01
  3.025532E+00 2.802E-01
  3.025603E+00 9.407E-02
  3.025674E+00 5.171E-02
  3.025744E+00 3.515E-02
  3.025815E+00 2.684E-02
  3.025885E+00 2.201E-02
  3.025955E+00 1.892E-02
  3.026025E+00 1.681E-02
  3.026095E+00 1.529E-02
  3.026234E+00 1.329E-02
  3.026372E+00 1.205E-02
  3.026578E+00 1.091E-02
  3.026917E+00 9.905E-03
  3.027515E+00 8.855E-03
  3.027645E+00 8.388E-03
  3.027711E+00 7.932E-03
  3.027776E+00 7.012E-03
  3.027840E+00 4.463E-03
  3.027905E+00 3.130E-02
  3.027969E+00 1.400E-02
  3.028034E+00 1.208E-02
  3.028098E+00 1.137E-02
  3.028225E+00 1.082E-02
  3.028541E+00 1.055E-02
  3.029221E+00 1.106E-02
  3.029940E+00 1.241E-02
  3.030463E+00 1.413E-02
  3.030919E+00 1.656E-02
  3.031254E+00 1.938E-02
  3.031529E+00 2.292E-02
  3.031746E+00 2.709E-02
  3.031908E+00 3.153E-02
  3.032068E+00 3.782E-02
  3.032174E+00 4.363E-02
  3.032280E+00 5.145E-02
  3.032385E+00 6.243E-02
  3.032438E+00 6.968E-02
  3.032490E+00 7.862E-02
  3.032542E+00 8.981E-02
  3.032594E+00 1.041E-01
  3.032646E+00 1.229E-01
  3.032697E+00 1.484E-01
  3.032749E+00 1.840E-01
  3.032800E+00 2.364E-01
  3.032851E+00 3.182E-01
  3.032903E+00 4.570E-01
  3.032954E+00 7.211E-01
  3.033005E+00 1.319E+00
  3.033055E+00 3.076E+00
  3.033106E+00 9.027E+00
  3.033156E+00 7.176E+00
  3.033207E+00 2.305E+00
  3.033257E+00 9.872E-01
  3.033307E+00 5.305E-01
  3.033357E+00 3.294E-01
  3.033407E+00 2.269E-01
  3.033457E+00 1.707E-01
  3.033506E+00 1.407E-01
  3.033556E+00 1.303E-01
  3.033605E+00 1.442E-01
  3.033654E+00 2.178E-01
  3.033703E+00 6.496E-01
  3.033752E+00 2.088E+03
  3.033801E+00 5.492E-01
  3.033850E+00 1.397E-01
  3.033898E+00 6.591E-02
  3.033947E+00 3.992E-02
  3.033995E+00 2.753E-02
  3.034043E+00 2.049E-02
  3.034091E+00 1.601E-02
  3.034139E+00 1.293E-02
  3.034187E+00 1.069E-02
  3.034235E+00 9.013E-03
  3.034283E+00 7.712E-03
  3.034330E+00 6.687E-03
  3.034377E+00 5.871E-03
  3.034425E+00 5.222E-03
  3.034472E+00 4.716E-03
  3.034519E+00 4.343E-03
  3.034566E+00 4.117E-03
  3.034613E+00 4.086E-03
  3.034659E+00 4.393E-03
  3.034706E+00 5.478E-03
  3.034752E+00 9.143E-03
  3.034799E+00 2.979E-02
  3.034845E+00 1.944E+01
  3.034891E+00 3.415E-02
  3.034937E+00 9.653E-03
  3.034983E+00 5.058E-03
  3.035028E+00 3.364E-03
  3.035074E+00 2.515E-03
  3.035120E+00 2.004E-03
  3.035165E+00 1.657E-03
  3.035210E+00 1.400E-03
  3.035255E+00 1.197E-03
  3.035300E+00 1.031E-03
  3.035345E+00 8.931E-04
  3.035390E+00 7.815E-04
  3.035435E+00 7.017E-04
  3.035480E+00 6.715E-04
  3.035524E+00 7.341E-04
  3.035568E+00 9.944E-04
  3.035613E+00 1.735E-03
  3.035657E+00 3.865E-03
  3.035701E+00 1.139E-02
  3.035745E+00 5.883E-02
  3.035789E+00 7.005E+01
  3.035833E+00 1.158E-01
  3.035876E+00 3.597E-02
  3.035920E+00 2.016E-02
  3.035963E+00 1.436E-02
  3.036007E+00 1.175E-02
  3.036050E+00 1.064E-02
  3.036093E+00 1.055E-02
  3.036136E+00 1.153E-02
  3.036179E+00 1.419E-02
  3.036222E+00 2.038E-02
  3.036264E+00 3.675E-02
  3.036307E+00 9.899E-02
  3.036349E+00 8.824E-01
  3.036392E+00 1.054E+00
  3.036434E+00 1.242E-01
  3.036476E+00 4.976E-02
  3.036518E+00 2.868E-02
  3.036560E+00 1.973E-02
  3.036602E+00 1.504E-02
  3.036644E+00 1.225E-02
  3.036686E+00 1.044E-02
  3.036727E+00 9.186E-03
  3.036769E+00 8.281E-03
  3.036810E+00 7.602E-03
  3.036892E+00 6.662E-03
  3.037015E+00 5.826E-03
  3.037178E+00 5.217E-03
  3.037459E+00 4.693E-03
  3.037735E+00 4.266E-03
  3.037813E+00 3.978E-03
  3.037852E+00 3.706E-03
  3.037890E+00 3.209E-03
  3.037929E+00 2.266E-03
  3.037968E+00 7.781E-02
  3.038006E+00 9.301E-03
  3.038045E+00 7.062E-03
  3.038083E+00 6.361E-03
  3.038121E+00 6.032E-03
  3.038198E+00 5.740E-03
  3.038387E+00 5.600E-03
  3.038758E+00 5.918E-03
  3.039157E+00 6.705E-03
  3.039476E+00 7.771E-03
  3.039720E+00 9.042E-03
  3.039925E+00 1.067E-02
  3.040095E+00 1.269E-02
  3.040229E+00 1.504E-02
  3.040328E+00 1.752E-02
  3.040428E+00 2.099E-02
  3.040526E+00 2.611E-02
  3.040591E+00 3.103E-02
  3.040624E+00 3.419E-02
  3.040689E+00 4.258E-02
  3.040721E+00 4.828E-02
  3.040753E+00 5.544E-02
  3.040785E+00 6.465E-02
  3.040818E+00 7.679E-02
  3.040850E+00 9.330E-02
  3.040881E+00 1.166E-01
  3.040913E+00 1.512E-01
  3.040945E+00 2.058E-01
  3.040977E+00 2.996E-01
  3.041009E+00 4.819E-01
  3.041040E+00 9.062E-01
  3.041072E+00 2.200E+00
  3.041103E+00 6.188E+00
  3.041135E+00 3.881E+00
  3.041166E+00 1.295E+00
  3.041197E+00 5.792E-01
  3.041228E+00 3.203E-01
  3.041260E+00 2.032E-01
  3.041291E+00 1.425E-01
  3.041322E+00 1.090E-01
  3.041352E+00 9.129E-02
  3.041383E+00 8.566E-02
  3.041414E+00 9.498E-02
  3.041445E+00 1.387E-01
  3.041476E+00 3.487E-01
  3.041506E+00 7.853E+00
  3.041537E+00 7.672E-01
  3.041567E+00 1.445E-01
  3.041597E+00 6.175E-02
  3.041628E+00 3.557E-02
  3.041658E+00 2.383E-02
  3.041688E+00 1.745E-02
  3.041718E+00 1.351E-02
  3.041748E+00 1.088E-02
  3.041778E+00 9.017E-03
  3.041808E+00 7.639E-03
  3.041838E+00 6.591E-03
  3.041868E+00 5.779E-03
  3.041898E+00 5.146E-03
  3.041927E+00 4.656E-03
  3.041957E+00 4.289E-03
  3.041987E+00 4.040E-03
  3.042016E+00 3.921E-03
  3.042045E+00 3.973E-03
  3.042075E+00 4.300E-03
  3.042104E+00 5.185E-03
  3.042133E+00 7.550E-03
  3.042162E+00 1.599E-02
  3.042192E+00 1.003E-01
  3.042221E+00 1.876E-01
  3.042250E+00 1.643E-02
  3.042279E+00 6.071E-03
  3.042307E+00 3.378E-03
  3.042336E+00 2.278E-03
  3.042365E+00 1.708E-03
  3.042394E+00 1.366E-03
  3.042422E+00 1.141E-03
  3.042451E+00 9.847E-04
  3.042479E+00 8.772E-04
  3.042508E+00 8.121E-04
  3.042536E+00 7.940E-04
  3.042564E+00 8.412E-04
  3.042593E+00 9.963E-04
  3.042621E+00 1.354E-03
  3.042649E+00 2.144E-03
  3.042677E+00 4.000E-03
  3.042705E+00 9.155E-03
  3.042733E+00 2.967E-02
  3.042761E+00 2.712E-01
  3.042789E+00 6.230E-01
  3.042816E+00 6.770E-02
  3.042844E+00 2.886E-02
  3.042872E+00 1.805E-02
  3.042899E+00 1.372E-02
  3.042927E+00 1.192E-02
  3.042954E+00 1.162E-02
  3.042982E+00 1.274E-02
  3.043009E+00 1.604E-02
  3.043037E+00 2.424E-02
  3.043064E+00 4.829E-02
  3.043091E+00 1.677E-01
  3.043118E+00 1.353E+01
  3.043145E+00 3.018E-01
  3.043172E+00 7.137E-02
  3.043199E+00 3.355E-02
  3.043226E+00 2.062E-02
  3.043253E+00 1.462E-02
  3.043280E+00 1.131E-02
  3.043307E+00 9.281E-03
  3.043333E+00 7.930E-03
  3.043360E+00 6.980E-03
  3.043386E+00 6.284E-03
  3.043439E+00 5.342E-03
  3.043492E+00 4.746E-03
  3.043571E+00 4.187E-03
  3.043675E+00 3.756E-03
  3.043856E+00 3.363E-03
  3.044033E+00 3.047E-03
  3.044084E+00 2.868E-03
  3.044109E+00 2.719E-03
  3.044134E+00 2.485E-03
  3.044159E+00 2.079E-03
  3.044184E+00 1.828E-03
  3.044209E+00 3.638E-02
  3.044234E+00 7.242E-03
  3.044258E+00 5.410E-03
  3.044283E+00 4.807E-03
  3.044308E+00 4.519E-03
  3.044357E+00 4.256E-03
  3.044455E+00 4.117E-03
  3.044648E+00 4.233E-03
  3.044886E+00 4.677E-03
  3.045118E+00 5.449E-03
  3.045301E+00 6.447E-03
  3.045436E+00 7.588E-03
  3.045548E+00 8.991E-03
  3.045636E+00 1.061E-02
  3.045702E+00 1.230E-02
  3.045768E+00 1.464E-02
  3.045833E+00 1.803E-02
  3.045876E+00 2.123E-02
  3.045919E+00 2.567E-02
  3.045962E+00 3.209E-02
  3.045983E+00 3.646E-02
  3.046005E+00 4.196E-02
  3.046026E+00 4.906E-02
  3.046047E+00 5.843E-02
  3.046068E+00 7.123E-02
  3.046089E+00 8.937E-02
  3.046111E+00 1.164E-01
  3.046132E+00 1.593E-01
  3.046153E+00 2.337E-01
  3.046174E+00 3.798E-01
  3.046195E+00 7.255E-01
  3.046216E+00 1.801E+00
  3.046236E+00 4.865E+00
  3.046257E+00 2.710E+00
  3.046278E+00 9.256E-01
  3.046299E+00 4.237E-01
  3.046320E+00 2.380E-01
  3.046340E+00 1.528E-01
  3.046361E+00 1.084E-01
  3.046381E+00 8.383E-02
  3.046402E+00 7.109E-02
  3.046423E+00 6.766E-02
  3.046443E+00 7.611E-02
  3.046463E+00 1.121E-01
  3.046484E+00 2.770E-01
  3.046504E+00 4.646E+00
  3.046525E+00 7.740E-01
  3.046545E+00 1.339E-01
  3.046565E+00 5.578E-02
  3.046585E+00 3.169E-02
  3.046605E+00 2.106E-02
  3.046626E+00 1.534E-02
  3.046646E+00 1.186E-02
  3.046666E+00 9.550E-03
  3.046686E+00 7.926E-03
  3.046706E+00 6.736E-03
  3.046726E+00 5.838E-03
  3.046746E+00 5.149E-03
  3.046766E+00 4.617E-03
  3.046785E+00 4.213E-03
  3.046805E+00 3.918E-03
  3.046825E+00 3.730E-03
  3.046845E+00 3.661E-03
  3.046864E+00 3.749E-03
  3.046884E+00 4.090E-03
  3.046904E+00 4.934E-03
  3.046923E+00 7.070E-03
  3.046943E+00 1.418E-02
  3.046962E+00 7.238E-02
  3.046982E+00 2.836E-01
  3.047001E+00 1.650E-02
  3.047021E+00 5.539E-03
  3.047040E+00 2.934E-03
  3.047059E+00 1.930E-03
  3.047078E+00 1.437E-03
  3.047098E+00 1.157E-03
  3.047117E+00 9.847E-04
  3.047136E+00 8.786E-04
  3.047155E+00 8.217E-04
  3.047174E+00 8.119E-04
  3.047193E+00 8.593E-04
  3.047212E+00 9.908E-04
  3.047231E+00 1.264E-03
  3.047250E+00 1.806E-03
  3.047269E+00 2.921E-03
  3.047288E+00 5.469E-03
  3.047307E+00 1.259E-02
  3.047326E+00 4.284E-02
  3.047345E+00 5.779E-01
  3.047363E+00 3.665E-01
  3.047382E+00 5.943E-02
  3.047401E+00 2.721E-02
  3.047420E+00 1.759E-02
  3.047438E+00 1.378E-02
  3.047457E+00 1.245E-02
  3.047475E+00 1.283E-02
  3.047494E+00 1.526E-02
  3.047512E+00 2.172E-02
  3.047531E+00 3.997E-02
  3.047549E+00 1.182E-01
  3.047568E+00 2.079E+00
  3.047586E+00 4.521E-01
  3.047604E+00 8.045E-02
  3.047622E+00 3.469E-02
  3.047641E+00 2.039E-02
  3.047659E+00 1.405E-02
  3.047677E+00 1.065E-02
  3.047695E+00 8.598E-03
  3.047713E+00 7.254E-03
  3.047731E+00 6.319E-03
  3.047749E+00 5.638E-03
  3.047767E+00 5.124E-03
  3.047803E+00 4.407E-03
  3.047839E+00 3.938E-03
  3.047893E+00 3.485E-03
  3.047963E+00 3.126E-03
  3.048086E+00 2.787E-03
  3.048207E+00 2.520E-03
  3.048242E+00 2.384E-03
  3.048259E+00 2.280E-03
  3.048276E+00 2.127E-03
  3.048293E+00 1.884E-03
  3.048310E+00 1.508E-03
  3.048327E+00 6.792E-03
  3.048344E+00 1.229E-02
  3.048361E+00 5.569E-03
  3.048378E+00 4.443E-03
  3.048395E+00 4.005E-03
  3.048411E+00 3.780E-03
  3.048445E+00 3.565E-03
  3.048512E+00 3.444E-03
  3.048644E+00 3.537E-03
  3.048807E+00 3.913E-03
  3.048951E+00 4.496E-03
  3.049062E+00 5.195E-03
  3.049155E+00 6.080E-03
  3.049232E+00 7.160E-03
  3.049294E+00 8.396E-03
  3.049355E+00 1.019E-02
  3.049400E+00 1.214E-02
  3.049445E+00 1.496E-02
  3.049475E+00 1.764E-02
  3.049505E+00 2.136E-02
  3.049520E+00 2.378E-02
  3.049535E+00 2.674E-02
  3.049550E+00 3.040E-02
  3.049565E+00 3.503E-02
  3.049579E+00 4.099E-02
  3.049594E+00 4.888E-02
  3.049609E+00 5.966E-02
  3.049624E+00 7.497E-02
  3.049638E+00 9.782E-02
  3.049653E+00 1.342E-01
  3.049668E+00 1.975E-01
  3.049682E+00 3.223E-01
  3.049697E+00 6.197E-01
  3.049712E+00 1.551E+00
  3.049726E+00 4.106E+00
  3.049741E+00 2.190E+00
  3.049755E+00 7.566E-01
  3.049770E+00 3.497E-01
  3.049784E+00 1.978E-01
  3.049799E+00 1.278E-01
  3.049813E+00 9.119E-02
  3.049827E+00 7.106E-02
  3.049842E+00 6.081E-02
  3.049856E+00 5.858E-02
  3.049870E+00 6.689E-02
  3.049885E+00 1.003E-01
  3.049899E+00 2.528E-01
  3.049913E+00 4.497E+00
  3.049927E+00 6.877E-01
  3.049942E+00 1.209E-01
  3.049956E+00 5.049E-02
  3.049970E+00 2.869E-02
  3.049984E+00 1.905E-02
  3.049998E+00 1.388E-02
  3.050012E+00 1.073E-02
  3.050026E+00 8.651E-03
  3.050040E+00 7.192E-03
  3.050054E+00 6.126E-03
  3.050068E+00 5.324E-03
  3.050082E+00 4.712E-03
  3.050096E+00 4.243E-03
  3.050110E+00 3.889E-03
  3.050124E+00 3.637E-03
  3.050138E+00 3.483E-03
  3.050152E+00 3.440E-03
  3.050165E+00 3.546E-03
  3.050179E+00 3.892E-03
  3.050193E+00 4.716E-03
  3.050207E+00 6.770E-03
  3.050220E+00 1.356E-02
  3.050234E+00 6.979E-02
  3.050248E+00 2.387E-01
  3.050261E+00 1.441E-02
  3.050275E+00 4.796E-03
  3.050289E+00 2.527E-03
  3.050302E+00 1.666E-03
  3.050316E+00 1.252E-03
  3.050329E+00 1.024E-03
  3.050343E+00 8.929E-04
  3.050356E+00 8.214E-04
  3.050370E+00 7.973E-04
  3.050383E+00 8.215E-04
  3.050397E+00 9.073E-04
  3.050410E+00 1.086E-03
  3.050424E+00 1.421E-03
  3.050437E+00 2.053E-03
  3.050450E+00 3.316E-03
  3.050464E+00 6.148E-03
  3.050477E+00 1.398E-02
  3.050490E+00 4.735E-02
  3.050503E+00 6.815E-01
  3.050517E+00 3.496E-01
  3.050530E+00 5.901E-02
  3.050543E+00 2.718E-02
  3.050556E+00 1.769E-02
  3.050569E+00 1.403E-02
  3.050582E+00 1.298E-02
  3.050596E+00 1.391E-02
  3.050609E+00 1.762E-02
  3.050622E+00 2.768E-02
  3.050635E+00 6.099E-02
  3.050648E+00 2.936E-01
  3.050661E+00 5.830E+00
  3.050674E+00 1.497E-01
  3.050687E+00 4.755E-02
  3.050700E+00 2.454E-02
  3.050713E+00 1.573E-02
  3.050725E+00 1.138E-02
  3.050738E+00 8.900E-03
  3.050751E+00 7.334E-03
  3.050764E+00 6.273E-03
  3.050777E+00 5.517E-03
  3.050802E+00 4.526E-03
  3.050828E+00 3.915E-03
  3.050853E+00 3.509E-03
  3.050891E+00 3.109E-03
  3.050941E+00 2.786E-03
  3.051029E+00 2.476E-03
  3.051127E+00 2.186E-03
  3.051151E+00 2.040E-03
  3.051164E+00 1.923E-03
  3.051176E+00 1.747E-03
  3.051188E+00 1.473E-03
  3.051200E+00 1.477E-03
  3.051212E+00 9.837E-02
  3.051224E+00 6.601E-03
  3.051236E+00 4.434E-03
  3.051248E+00 3.793E-03
  3.051260E+00 3.498E-03
  3.051284E+00 3.232E-03
  3.051320E+00 3.096E-03
  3.051391E+00 3.086E-03
  3.051509E+00 3.335E-03
  3.051624E+00 3.828E-03
  3.051715E+00 4.471E-03
  3.051782E+00 5.200E-03
  3.051838E+00 6.082E-03
  3.051893E+00 7.390E-03
  3.051937E+00 8.968E-03
  3.051970E+00 1.068E-02
  3.052003E+00 1.318E-02
  3.052014E+00 1.427E-02
  3.052035E+00 1.704E-02
  3.052057E+00 2.096E-02
  3.052078E+00 2.681E-02
  3.052089E+00 3.089E-02
  3.052100E+00 3.616E-02
  3.052110E+00 4.314E-02
  3.052121E+00 5.267E-02
  3.052132E+00 6.620E-02
  3.052142E+00 8.642E-02
  3.052153E+00 1.186E-01
  3.052164E+00 1.746E-01
  3.052174E+00 2.853E-01
  3.052185E+00 5.490E-01
  3.052195E+00 1.375E+00
  3.052206E+00 3.625E+00
  3.052216E+00 1.927E+00
  3.052227E+00 6.678E-01
  3.052237E+00 3.094E-01
  3.052248E+00 1.754E-01
  3.052258E+00 1.136E-01
  3.052269E+00 8.135E-02
  3.052279E+00 6.368E-02
  3.052290E+00 5.485E-02
  3.052300E+00 5.331E-02
  3.052310E+00 6.164E-02
  3.052321E+00 9.395E-02
  3.052331E+00 2.431E-01
  3.052342E+00 4.993E+00
  3.052352E+00 6.032E-01
  3.052362E+00 1.103E-01
  3.052372E+00 4.649E-02
  3.052383E+00 2.651E-02
  3.052393E+00 1.764E-02
  3.052403E+00 1.286E-02
  3.052413E+00 9.953E-03
  3.052424E+00 8.032E-03
  3.052434E+00 6.685E-03
  3.052444E+00 5.703E-03
  3.052454E+00 4.966E-03
  3.052464E+00 4.404E-03
  3.052485E+00 3.655E-03
  3.052495E+00 3.428E-03
  3.052505E+00 3.294E-03
  3.052515E+00 3.266E-03
  3.052525E+00 3.380E-03
  3.052535E+00 3.724E-03
  3.052545E+00 4.528E-03
  3.052564E+00 1.181E-02
  3.055924E+00 5.268E-01
  3.059254E+00 4.014E-01
  3.062554E+00 3.614E-01
  3.062564E+00 8.897E-01
  3.070754E+00 7.064E-01
  3.078764E+00 5.744E-01
  3.086599E+00 4.764E-01
  3.094265E+00 4.016E-01
  3.105457E+00 3.189E-01
  3.116294E+00 2.594E-01
  3.126790E+00 2.152E-01
  3.140281E+00 1.722E-01
  3.153224E+00 1.415E-01
  3.168677E+00 1.145E-01
  3.186223E+00 9.291E-02
  3.205426E+00 7.671E-02
  3.228290E+00 6.387E-02
  3.255934E+00 5.394E-02
  3.286541E+00 4.727E-02
  3.315101E+00 4.431E-02
  3.335674E+00 4.486E-02
  3.350106E+00 4.809E-02
  3.359561E+00 5.323E-02
  3.366011E+00 5.984E-02
  3.370999E+00 6.851E-02
  3.374643E+00 7.849E-02
  3.378208E+00 9.355E-02
  3.380541E+00 1.080E-01
  3.382840E+00 1.274E-01
  3.385106E+00 1.528E-01
  3.389540E+00 2.114E-01
  3.390629E+00 2.205E-01
  3.391710E+00 2.238E-01
  3.392784E+00 2.209E-01
  3.394908E+00 2.009E-01
  3.397002E+00 1.761E-01
  3.399067E+00 1.602E-01
  3.400089E+00 1.581E-01
  3.401103E+00 1.614E-01
  3.402111E+00 1.720E-01
  3.403111E+00 1.940E-01
  3.404105E+00 2.365E-01
  3.405091E+00 3.226E-01
  3.406071E+00 5.271E-01
  3.407044E+00 1.208E+00
  3.408010E+00 6.176E+00
  3.408970E+00 5.649E+00
  3.409923E+00 9.339E-01
  3.410870E+00 3.483E-01
  3.411810E+00 1.848E-01
  3.412744E+00 1.192E-01
  3.413672E+00 8.709E-02
  3.414593E+00 6.934E-02
  3.415508E+00 5.867E-02
  3.416417E+00 5.188E-02
  3.417320E+00 4.739E-02
  3.418216E+00 4.434E-02
  3.419992E+00 4.081E-02
  3.422611E+00 3.892E-02
  3.426024E+00 3.945E-02
  3.430165E+00 4.293E-02
  3.434174E+00 4.931E-02
  3.437289E+00 5.727E-02
  3.439574E+00 6.581E-02
  3.441816E+00 7.779E-02
  3.444016E+00 9.526E-02
  3.445460E+00 1.117E-01
  3.446886E+00 1.343E-01
  3.447592E+00 1.487E-01
  3.448294E+00 1.660E-01
  3.448992E+00 1.869E-01
  3.449685E+00 2.123E-01
  3.450374E+00 2.435E-01
  3.451059E+00 2.818E-01
  3.451740E+00 3.291E-01
  3.452417E+00 3.869E-01
  3.453089E+00 4.562E-01
  3.455082E+00 6.884E-01
  3.455738E+00 7.272E-01
  3.456391E+00 7.177E-01
  3.457039E+00 6.607E-01
  3.458961E+00 3.933E-01
  3.459594E+00 3.202E-01
  3.460223E+00 2.613E-01
  3.460849E+00 2.148E-01
  3.461471E+00 1.784E-01
  3.462089E+00 1.498E-01
  3.462703E+00 1.271E-01
  3.463314E+00 1.091E-01
  3.463922E+00 9.466E-02
  3.464525E+00 8.295E-02
  3.465125E+00 7.338E-02
  3.466315E+00 5.897E-02
  3.467491E+00 4.894E-02
  3.468654E+00 4.180E-02
  3.470372E+00 3.458E-02
  3.472061E+00 3.004E-02
  3.474269E+00 2.649E-02
  3.476958E+00 2.451E-02
  3.479573E+00 2.424E-02
  3.482616E+00 2.553E-02
  3.485560E+00 2.851E-02
  3.487469E+00 3.183E-02
  3.488875E+00 3.614E-02
  3.489338E+00 3.868E-02
  3.489799E+00 4.300E-02
  3.490257E+00 5.304E-02
  3.490713E+00 9.765E-02
  3.491167E+00 5.803E+00
  3.491618E+00 1.192E-01
  3.492067E+00 5.892E-02
  3.492513E+00 5.022E-02
  3.492957E+00 4.847E-02
  3.493838E+00 4.983E-02
  3.495142E+00 5.551E-02
  3.496849E+00 6.686E-02
  3.498106E+00 7.863E-02
  3.499344E+00 9.438E-02
  3.500562E+00 1.161E-01
  3.501364E+00 1.355E-01
  3.502158E+00 1.608E-01
  3.502944E+00 1.946E-01
  3.503721E+00 2.413E-01
  3.504107E+00 2.719E-01
  3.504491E+00 3.095E-01
  3.504873E+00 3.567E-01
  3.505253E+00 4.182E-01
  3.505632E+00 5.037E-01
  3.506008E+00 6.357E-01
  3.506382E+00 8.825E-01
  3.506755E+00 1.535E+00
  3.507126E+00 5.017E+00
  3.507495E+00 5.337E+01
  3.507862E+00 4.800E+00
  3.508227E+00 1.925E+00
  3.508590E+00 1.255E+00
  3.508952E+00 9.591E-01
  3.509311E+00 7.766E-01
  3.509669E+00 6.440E-01
  3.510026E+00 5.415E-01
  3.510380E+00 4.609E-01
  3.510733E+00 3.976E-01
  3.511084E+00 3.482E-01
  3.511433E+00 3.100E-01
  3.511781E+00 2.809E-01
  3.512127E+00 2.591E-01
  3.512471E+00 2.433E-01
  3.513155E+00 2.261E-01
  3.513831E+00 2.240E-01
  3.514502E+00 2.343E-01
  3.515166E+00 2.564E-01
  3.515823E+00 2.909E-01
  3.516474E+00 3.398E-01
  3.517119E+00 4.064E-01
  3.517758E+00 4.958E-01
  3.518391E+00 6.150E-01
  3.519018E+00 7.727E-01
  3.519639E+00 9.786E-01
  3.520254E+00 1.239E+00
  3.521767E+00 2.028E+00
  3.522362E+00 2.260E+00
  3.523537E+00 2.447E+00
  3.523827E+00 2.665E+00
  3.524116E+00 4.401E+00
  3.524403E+00 5.094E+00
  3.524690E+00 1.517E+00
  3.524974E+00 1.437E+00
  3.525540E+00 1.405E+00
  3.525821E+00 1.424E+00
  3.526101E+00 1.485E+00
  3.526380E+00 1.610E+00
  3.526657E+00 1.845E+00
  3.526933E+00 2.276E+00
  3.527208E+00 3.108E+00
  3.527481E+00 4.899E+00
  3.527753E+00 9.644E+00
  3.528024E+00 2.848E+01
  3.528294E+00 1.491E+02
  3.528563E+00 5.053E+01
  3.528830E+00 2.632E+01
  3.529096E+00 8.872E+00
  3.529361E+00 4.563E+00
  3.529625E+00 3.015E+00
  3.529888E+00 2.216E+00
  3.530149E+00 1.738E+00
  3.530410E+00 1.425E+00
  3.530669E+00 1.208E+00
  3.530927E+00 1.048E+00
  3.531184E+00 9.277E-01
  3.531440E+00 8.334E-01
  3.531948E+00 6.964E-01
  3.532451E+00 6.023E-01
  3.533199E+00 5.070E-01
  3.533936E+00 4.439E-01
  3.534905E+00 3.891E-01
  3.536092E+00 3.501E-01
  3.537254E+00 3.349E-01
  3.538392E+00 3.431E-01
  3.539285E+00 3.735E-01
  3.539945E+00 4.202E-01
  3.540380E+00 4.710E-01
  3.540812E+00 5.483E-01
  3.541026E+00 6.023E-01
  3.541240E+00 6.710E-01
  3.541452E+00 7.600E-01
  3.541664E+00 8.770E-01
  3.541875E+00 1.033E+00
  3.542085E+00 1.243E+00
  3.542294E+00 1.524E+00
  3.542710E+00 2.260E+00
  3.542917E+00 2.506E+00
  3.543123E+00 2.415E+00
  3.543328E+00 2.001E+00
  3.543532E+00 1.505E+00
  3.543735E+00 1.101E+00
  3.543938E+00 8.189E-01
  3.544139E+00 6.350E-01
  3.544340E+00 5.189E-01
  3.544540E+00 4.486E-01
  3.544739E+00 4.103E-01
  3.544938E+00 3.960E-01
  3.545135E+00 4.013E-01
  3.545332E+00 4.247E-01
  3.545528E+00 4.671E-01
  3.545723E+00 5.313E-01
  3.545917E+00 6.230E-01
  3.546111E+00 7.518E-01
  3.546304E+00 9.332E-01
  3.546496E+00 1.193E+00
  3.546687E+00 1.575E+00
  3.546878E+00 2.158E+00
  3.547068E+00 3.090E+00
  3.547257E+00 4.662E+00
  3.547445E+00 7.471E+00
  3.547632E+00 1.262E+01
  3.547819E+00 2.082E+01
  3.548005E+00 2.656E+01
  3.548190E+00 2.197E+01
  3.548375E+00 1.445E+01
  3.548559E+00 9.401E+00
  3.548742E+00 6.453E+00
  3.548924E+00 4.693E+00
  3.549106E+00 3.585E+00
  3.549287E+00 2.850E+00
  3.549467E+00 2.339E+00
  3.549647E+00 1.969E+00
  3.549825E+00 1.694E+00
  3.550003E+00 1.484E+00
  3.550181E+00 1.320E+00
  3.550358E+00 1.190E+00
  3.550709E+00 1.001E+00
  3.551058E+00 8.765E-01
  3.551404E+00 8.014E-01
  3.551576E+00 7.826E-01
  3.551747E+00 7.806E-01
  3.551918E+00 8.052E-01
  3.552088E+00 8.811E-01
  3.552257E+00 1.082E+00
  3.552426E+00 1.708E+00
  3.552594E+00 5.051E+00
  3.552761E+00 1.658E+02
  3.552928E+00 6.389E+00
  3.553094E+00 2.042E+00
  3.553260E+00 1.219E+00
  3.553424E+00 9.218E-01
  3.553589E+00 7.783E-01
  3.553752E+00 6.967E-01
  3.553915E+00 6.454E-01
  3.554239E+00 5.867E-01
  3.554721E+00 5.487E-01
  3.555197E+00 5.414E-01
  3.555668E+00 5.603E-01
  3.555979E+00 5.943E-01
  3.556288E+00 6.610E-01
  3.556441E+00 7.164E-01
  3.556594E+00 7.971E-01
  3.556746E+00 9.170E-01
  3.556898E+00 1.099E+00
  3.557049E+00 1.376E+00
  3.557200E+00 1.783E+00
  3.557499E+00 2.869E+00
  3.557648E+00 3.231E+00
  3.557797E+00 3.313E+00
  3.558239E+00 3.051E+00
  3.558385E+00 3.084E+00
  3.558531E+00 3.239E+00
  3.558676E+00 3.584E+00
  3.558821E+00 4.425E+00
  3.558965E+00 1.345E+01
  3.559108E+00 7.171E+00
  3.559251E+00 6.767E+00
  3.559394E+00 9.301E+00
  3.559536E+00 1.491E+01
  3.559678E+00 3.017E+01
  3.559819E+00 1.025E+02
  3.559959E+00 1.534E+03
  3.560099E+00 9.833E+01
  3.560239E+00 2.300E+01
  3.560378E+00 1.579E+01
  3.560516E+00 4.637E+01
  3.560654E+00 1.117E+01
  3.560792E+00 5.867E+00
  3.560929E+00 3.928E+00
  3.561065E+00 2.943E+00
  3.561201E+00 2.360E+00
  3.561337E+00 1.984E+00
  3.561472E+00 1.729E+00
  3.561606E+00 1.550E+00
  3.561741E+00 1.421E+00
  3.562007E+00 1.257E+00
  3.562272E+00 1.169E+00
  3.562666E+00 1.115E+00
  3.563823E+00 1.112E+00
  3.564450E+00 1.021E+00
  3.564574E+00 1.060E+00
  3.564698E+00 1.232E+00
  3.564821E+00 1.736E+00
  3.564944E+00 3.043E+00
  3.565066E+00 6.324E+00
  3.565188E+00 1.442E+01
  3.565310E+00 3.246E+01
  3.565431E+00 5.725E+01
  3.565552E+00 6.464E+01
  3.565672E+00 5.342E+01
  3.565792E+00 4.084E+01
  3.565911E+00 3.155E+01
  3.566030E+00 2.497E+01
  3.566149E+00 2.019E+01
  3.566267E+00 1.659E+01
  3.566385E+00 1.381E+01
  3.566503E+00 1.161E+01
  3.566620E+00 9.866E+00
  3.566736E+00 8.468E+00
  3.566853E+00 7.350E+00
  3.566969E+00 6.464E+00
  3.567084E+00 5.773E+00
  3.567199E+00 5.257E+00
  3.567314E+00 4.908E+00
  3.567428E+00 4.735E+00
  3.567542E+00 4.778E+00
  3.567656E+00 5.125E+00
  3.567769E+00 5.984E+00
  3.567882E+00 7.869E+00
  3.567994E+00 1.229E+01
  3.568106E+00 2.504E+01
  3.568218E+00 7.882E+01
  3.568329E+00 1.644E+02
  3.568440E+00 4.608E+01
  3.568550E+00 1.739E+01
  3.568661E+00 9.096E+00
  3.568770E+00 5.673E+00
  3.568880E+00 3.823E+00
  3.568989E+00 2.635E+00
  3.569098E+00 2.369E+00
  3.569206E+00 1.972E+00
  3.569314E+00 1.665E+00
  3.569422E+00 1.431E+00
  3.569529E+00 1.249E+00
  3.569636E+00 1.104E+00
  3.569742E+00 9.856E-01
  3.569955E+00 8.048E-01
  3.570165E+00 6.739E-01
  3.570479E+00 5.346E-01
  3.570789E+00 4.378E-01
  3.571097E+00 3.681E-01
  3.571502E+00 3.029E-01
  3.571902E+00 2.607E-01
  3.572198E+00 2.424E-01
  3.572492E+00 2.384E-01
  3.572687E+00 2.493E-01
  3.572783E+00 2.624E-01
  3.572880E+00 2.843E-01
  3.572976E+00 3.207E-01
  3.573071E+00 3.831E-01
  3.573167E+00 4.954E-01
  3.573262E+00 7.132E-01
  3.573357E+00 1.180E+00
  3.573451E+00 2.318E+00
  3.573546E+00 5.520E+00
  3.573640E+00 1.446E+01
  3.573733E+00 2.361E+01
  3.573827E+00 1.843E+01
  3.573920E+00 1.278E+01
  3.574013E+00 9.447E+00
  3.574105E+00 7.131E+00
  3.574197E+00 5.267E+00
  3.574289E+00 3.785E+00
  3.574381E+00 2.694E+00
  3.574472E+00 1.938E+00
  3.574563E+00 1.427E+00
  3.574654E+00 1.081E+00
  3.574744E+00 8.433E-01
  3.574835E+00 6.765E-01
  3.574924E+00 5.567E-01
  3.575014E+00 4.687E-01
  3.575103E+00 4.027E-01
  3.575192E+00 3.523E-01
  3.575281E+00 3.132E-01
  3.575370E+00 2.825E-01
  3.575546E+00 2.389E-01
  3.575721E+00 2.116E-01
  3.575895E+00 1.958E-01
  3.576068E+00 1.901E-01
  3.576240E+00 1.960E-01
  3.576326E+00 2.053E-01
  3.576411E+00 2.216E-01
  3.576496E+00 2.491E-01
  3.576581E+00 2.975E-01
  3.576665E+00 3.910E-01
  3.576750E+00 6.072E-01
  3.576834E+00 1.311E+00
  3.576917E+00 4.804E+00
  3.577001E+00 1.927E+00
  3.577084E+00 4.286E-01
  3.577167E+00 1.707E-01
  3.577250E+00 9.668E-02
  3.577332E+00 6.883E-02
  3.577415E+00 5.680E-02
  3.577497E+00 5.139E-02
  3.577578E+00 4.940E-02
  3.577660E+00 5.025E-02
  3.577741E+00 5.731E-02
  3.577822E+00 1.002E-01
  3.577903E+00 1.140E+00
  3.577983E+00 4.639E-01
  3.578064E+00 1.780E-01
  3.578144E+00 1.339E-01
  3.578224E+00 1.227E-01
  3.578303E+00 1.224E-01
  3.578383E+00 1.282E-01
  3.578462E+00 1.386E-01
  3.578540E+00 1.539E-01
  3.578619E+00 1.748E-01
  3.578697E+00 2.024E-01
  3.578776E+00 2.380E-01
  3.578854E+00 2.821E-01
  3.579009E+00 3.849E-01
  3.579086E+00 4.244E-01
  3.579163E+00 4.374E-01
  3.579240E+00 4.186E-01
  3.579316E+00 3.761E-01
  3.579469E+00 2.756E-01
  3.579545E+00 2.337E-01
  3.579620E+00 2.001E-01
  3.579696E+00 1.738E-01
  3.579771E+00 1.535E-01
  3.579846E+00 1.380E-01
  3.579921E+00 1.263E-01
  3.579995E+00 1.176E-01
  3.580069E+00 1.114E-01
  3.580217E+00 1.054E-01
  3.580365E+00 1.075E-01
  3.580438E+00 1.121E-01
  3.580511E+00 1.199E-01
  3.580584E+00 1.324E-01
  3.580656E+00 1.519E-01
  3.580729E+00 1.833E-01
  3.580801E+00 2.366E-01
  3.580873E+00 3.370E-01
  3.580945E+00 5.594E-01
  3.581016E+00 1.226E+00
  3.581088E+00 5.211E+00
  3.581159E+00 2.432E+01
  3.581230E+00 2.276E+00
  3.581300E+00 7.215E-01
  3.581371E+00 3.576E-01
  3.581441E+00 2.213E-01
  3.581512E+00 1.569E-01
  3.581581E+00 1.221E-01
  3.581651E+00 1.017E-01
  3.581721E+00 8.916E-02
  3.581790E+00 8.137E-02
  3.581859E+00 7.669E-02
  3.581928E+00 7.425E-02
  3.581997E+00 7.357E-02
  3.582065E+00 7.450E-02
  3.582134E+00 7.710E-02
  3.582202E+00 8.171E-02
  3.582270E+00 8.913E-02
  3.582338E+00 1.011E-01
  3.582405E+00 1.214E-01
  3.582473E+00 1.598E-01
  3.582540E+00 2.481E-01
  3.582607E+00 5.287E-01
  3.582674E+00 1.707E+00
  3.582807E+00 3.701E-01
  3.582873E+00 2.412E-01
  3.582939E+00 2.295E-01
  3.583005E+00 2.742E-01
  3.583071E+00 3.806E-01
  3.583136E+00 5.904E-01
  3.583202E+00 1.002E+00
  3.583267E+00 1.836E+00
  3.583332E+00 3.528E+00
  3.583397E+00 6.447E+00
  3.583461E+00 8.928E+00
  3.583526E+00 8.141E+00
  3.583590E+00 5.978E+00
  3.583654E+00 4.257E+00
  3.583718E+00 3.118E+00
  3.583782E+00 2.363E+00
  3.583845E+00 1.845E+00
  3.583908E+00 1.474E+00
  3.583972E+00 1.200E+00
  3.584035E+00 9.938E-01
  3.584097E+00 8.352E-01
  3.584160E+00 7.123E-01
  3.584223E+00 6.169E-01
  3.584285E+00 5.435E-01
  3.584347E+00 4.886E-01
  3.584409E+00 4.504E-01
  3.584471E+00 4.289E-01
  3.584533E+00 4.266E-01
  3.584594E+00 4.500E-01
  3.584655E+00 5.141E-01
  3.584716E+00 6.538E-01
  3.584777E+00 9.623E-01
  3.584838E+00 1.743E+00
  3.584899E+00 4.366E+00
  3.584959E+00 1.612E+01
  3.585020E+00 1.184E+01
  3.585080E+00 3.604E+00
  3.585140E+00 1.631E+00
  3.585200E+00 9.345E-01
  3.585259E+00 6.102E-01
  3.585319E+00 4.424E-01
  3.585378E+00 5.470E-01
  3.585437E+00 1.168E+00
  3.585496E+00 5.347E-01
  3.585555E+00 3.677E-01
  3.585614E+00 2.920E-01
  3.585672E+00 2.462E-01
  3.585731E+00 2.145E-01
  3.585789E+00 1.908E-01
  3.585847E+00 1.722E-01
  3.585962E+00 1.448E-01
  3.586077E+00 1.255E-01
  3.586249E+00 1.053E-01
  3.586419E+00 9.176E-02
  3.586643E+00 8.035E-02
  3.586866E+00 7.517E-02
  3.587031E+00 7.601E-02
  3.587140E+00 8.001E-02
  3.587249E+00 8.861E-02
  3.587303E+00 9.566E-02
  3.587357E+00 1.055E-01
  3.587411E+00 1.195E-01
  3.587465E+00 1.399E-01
  3.587518E+00 1.706E-01
  3.587572E+00 2.195E-01
  3.587625E+00 3.037E-01
  3.587678E+00 4.659E-01
  3.587731E+00 8.369E-01
  3.587784E+00 1.958E+00
  3.587837E+00 7.554E+00
  3.587889E+00 3.179E+01
  3.587942E+00 8.205E+00
  3.587994E+00 3.138E+00
  3.588047E+00 1.724E+00
  3.588099E+00 1.113E+00
  3.588151E+00 7.846E-01
  3.588202E+00 5.865E-01
  3.588254E+00 4.586E-01
  3.588306E+00 3.719E-01
  3.588357E+00 3.110E-01
  3.588408E+00 2.668E-01
  3.588459E+00 2.340E-01
  3.588510E+00 2.092E-01
  3.588561E+00 1.901E-01
  3.588663E+00 1.639E-01
  3.588764E+00 1.485E-01
  3.588864E+00 1.414E-01
  3.588964E+00 1.426E-01
  3.589013E+00 1.474E-01
  3.589063E+00 1.568E-01
  3.589113E+00 1.736E-01
  3.589162E+00 2.049E-01
  3.589211E+00 2.696E-01
  3.589260E+00 4.331E-01
  3.589309E+00 8.912E-01
  3.589358E+00 6.089E-01
  3.589407E+00 1.552E-01
  3.589455E+00 6.830E-02
  3.589504E+00 4.862E-02
  3.589552E+00 4.412E-02
  3.589600E+00 4.408E-02
  3.589696E+00 4.811E-02
  3.589744E+00 5.135E-02
  3.589792E+00 5.598E-02
  3.589840E+00 6.427E-02
  3.589887E+00 9.022E-02
  3.589934E+00 1.965E+00
  3.589982E+00 6.323E-02
  3.590029E+00 5.355E-02
  3.590076E+00 5.676E-02
  3.590170E+00 6.628E-02
  3.590263E+00 7.904E-02
  3.590356E+00 9.737E-02
  3.590402E+00 1.097E-01
  3.590448E+00 1.252E-01
  3.590494E+00 1.485E-01
  3.590540E+00 5.360E-01
  3.590585E+00 5.184E-01
  3.590631E+00 8.451E-01
  3.590677E+00 4.135E+00
  3.590722E+00 6.288E-01
  3.590767E+00 4.109E-01
  3.590812E+00 3.592E-01
  3.590947E+00 2.375E-01
  3.590992E+00 2.009E-01
  3.591037E+00 1.704E-01
  3.591081E+00 1.459E-01
  3.591126E+00 1.265E-01
  3.591170E+00 1.112E-01
  3.591214E+00 9.915E-02
  3.591258E+00 8.963E-02
  3.591346E+00 7.606E-02
  3.591433E+00 6.745E-02
  3.591520E+00 6.211E-02
  3.591650E+00 5.836E-02
  3.591779E+00 5.884E-02
  3.591864E+00 6.181E-02
  3.591949E+00 6.792E-02
  3.591991E+00 7.282E-02
  3.592033E+00 7.965E-02
  3.592075E+00 8.940E-02
  3.592117E+00 1.039E-01
  3.592159E+00 1.268E-01
  3.592201E+00 1.662E-01
  3.592243E+00 2.440E-01
  3.592284E+00 4.371E-01
  3.592326E+00 1.192E+00
  3.592367E+00 1.152E+01
  3.592408E+00 2.703E+00
  3.592450E+00 5.400E-01
  3.592491E+00 2.303E-01
  3.592532E+00 1.369E-01
  3.592573E+00 9.904E-02
  3.592613E+00 8.157E-02
  3.592654E+00 7.350E-02
  3.592695E+00 7.064E-02
  3.592735E+00 7.123E-02
  3.592775E+00 7.462E-02
  3.592816E+00 8.081E-02
  3.592856E+00 9.035E-02
  3.592896E+00 1.045E-01
  3.592936E+00 1.256E-01
  3.592976E+00 1.588E-01
  3.593016E+00 2.150E-01
  3.593056E+00 3.231E-01
  3.593095E+00 5.778E-01
  3.593135E+00 1.403E+00
  3.593174E+00 3.596E+00
  3.593214E+00 1.702E+00
  3.593253E+00 8.792E-01
  3.593292E+00 9.050E-01
  3.593331E+00 1.491E+00
  3.593370E+00 3.266E+00
  3.593409E+00 6.274E+00
  3.593448E+00 4.786E+00
  3.593486E+00 2.494E+00
  3.593525E+00 1.452E+00
  3.593564E+00 1.983E+00
  3.593602E+00 7.012E-01
  3.593640E+00 5.264E-01
  3.593679E+00 4.141E-01
  3.593717E+00 3.347E-01
  3.593755E+00 2.756E-01
  3.593793E+00 2.301E-01
  3.593831E+00 1.945E-01
  3.593868E+00 1.662E-01
  3.593906E+00 1.436E-01
  3.593944E+00 1.256E-01
  3.593981E+00 1.115E-01
  3.594019E+00 1.007E-01
  3.594056E+00 9.298E-02
  3.594093E+00 8.832E-02
  3.594131E+00 8.698E-02
  3.594168E+00 8.966E-02
  3.594205E+00 9.783E-02
  3.594242E+00 1.143E-01
  3.594279E+00 1.449E-01
  3.594315E+00 2.022E-01
  3.594352E+00 3.176E-01
  3.594389E+00 5.863E-01
  3.594425E+00 1.392E+00
  3.594462E+00 4.937E+00
  3.594498E+00 8.077E+00
  3.594534E+00 2.339E+00
  3.594570E+00 9.534E-01
  3.594606E+00 5.350E-01
  3.594642E+00 4.044E-01
  3.594678E+00 5.554E-01
  3.594714E+00 2.045E+00
  3.594750E+00 1.314E+00
  3.594786E+00 5.264E-01
  3.594821E+00 3.143E-01
  3.594857E+00 2.254E-01
  3.594892E+00 1.772E-01
  3.594928E+00 1.470E-01
  3.594963E+00 1.262E-01
  3.594998E+00 1.111E-01
  3.595033E+00 9.945E-02
  3.595103E+00 8.292E-02
  3.595173E+00 7.179E-02
  3.595277E+00 6.082E-02
  3.595380E+00 5.406E-02
  3.595483E+00 5.024E-02
  3.595584E+00 4.916E-02
  3.595686E+00 5.162E-02
  3.595753E+00 5.642E-02
  3.595786E+00 6.037E-02
  3.595819E+00 6.584E-02
  3.595853E+00 7.344E-02
  3.595886E+00 8.415E-02
  3.595919E+00 9.960E-02
  3.595952E+00 1.226E-01
  3.595985E+00 1.586E-01
  3.596018E+00 2.186E-01
  3.596051E+00 3.288E-01
  3.596083E+00 5.629E-01
  3.596116E+00 1.197E+00
  3.596149E+00 3.919E+00
  3.596181E+00 2.472E+01
  3.596214E+00 6.955E+00
  3.596246E+00 2.158E+00
  3.596278E+00 1.120E+00
  3.596311E+00 7.266E-01
  3.596343E+00 5.246E-01
  3.596375E+00 4.021E-01
  3.596407E+00 3.211E-01
  3.596439E+00 2.649E-01
  3.596471E+00 2.244E-01
  3.596503E+00 1.946E-01
  3.596534E+00 1.722E-01
  3.596566E+00 1.550E-01
  3.596629E+00 1.314E-01
  3.596692E+00 1.171E-01
  3.596755E+00 1.094E-01
  3.596817E+00 1.075E-01
  3.596848E+00 1.092E-01
  3.596879E+00 1.137E-01
  3.596910E+00 1.226E-01
  3.596941E+00 1.399E-01
  3.596971E+00 1.766E-01
  3.597002E+00 2.663E-01
  3.597033E+00 3.668E-01
  3.597063E+00 1.182E-01
  3.597094E+00 4.548E-02
  3.597124E+00 3.637E-02
  3.597155E+00 3.709E-02
  3.597276E+00 4.836E-02
  3.597306E+00 5.237E-02
  3.597336E+00 5.864E-02
  3.597366E+00 7.377E-02
  3.597396E+00 2.142E-01
  3.597425E+00 9.766E-02
  3.597455E+00 5.272E-02
  3.597485E+00 5.443E-02
  3.597544E+00 6.312E-02
  3.597603E+00 7.514E-02
  3.597632E+00 8.302E-02
  3.597661E+00 9.271E-02
  3.597691E+00 1.048E-01
  3.597720E+00 1.200E-01
  3.597749E+00 1.394E-01
  3.597778E+00 1.641E-01
  3.597807E+00 1.956E-01
  3.597836E+00 2.356E-01
  3.597865E+00 2.880E-01
  3.597894E+00 3.683E-01
  3.597922E+00 5.788E-01
  3.597951E+00 1.504E+00
  3.597980E+00 3.489E+00
  3.598008E+00 6.837E-01
  3.598037E+00 3.047E-01
  3.598065E+00 1.988E-01
  3.598093E+00 1.499E-01
  3.598122E+00 1.212E-01
  3.598150E+00 1.021E-01
  3.598178E+00 8.848E-02
  3.598206E+00 7.842E-02
  3.598234E+00 7.077E-02
  3.598290E+00 6.018E-02
  3.598346E+00 5.356E-02
  3.598429E+00 4.790E-02
  3.598512E+00 4.538E-02
  3.598621E+00 4.541E-02
  3.598703E+00 4.789E-02
  3.598784E+00 5.345E-02
  3.598837E+00 6.013E-02
  3.598864E+00 6.504E-02
  3.598891E+00 7.160E-02
  3.598917E+00 8.069E-02
  3.598944E+00 9.389E-02
  3.598970E+00 1.143E-01
  3.598997E+00 1.492E-01
  3.599023E+00 2.178E-01
  3.599050E+00 3.897E-01
  3.599076E+00 1.095E+00
  3.599102E+00 1.241E+01
  3.599128E+00 1.714E+00
  3.599155E+00 3.759E-01
  3.599181E+00 1.706E-01
  3.599207E+00 1.094E-01
  3.599233E+00 8.644E-02
  3.599259E+00 7.824E-02
  3.599284E+00 7.744E-02
  3.599310E+00 8.153E-02
  3.599336E+00 8.991E-02
  3.599362E+00 1.031E-01
  3.599387E+00 1.228E-01
  3.599413E+00 1.523E-01
  3.599439E+00 1.987E-01
  3.599464E+00 2.768E-01
  3.599490E+00 4.247E-01
  3.599515E+00 7.618E-01
  3.599540E+00 1.794E+00
  3.599566E+00 4.551E+00
  3.599591E+00 3.286E+00
  3.599616E+00 5.191E+00
  3.599641E+00 4.115E+00
  3.599666E+00 1.481E+00
  3.599691E+00 7.062E-01
  3.599716E+00 4.161E-01
  3.599741E+00 2.788E-01
  3.599766E+00 2.070E-01
  3.599791E+00 3.705E-01
  3.599816E+00 1.517E-01
  3.599840E+00 1.047E-01
  3.599865E+00 8.408E-02
  3.599890E+00 6.972E-02
  3.599914E+00 5.884E-02
  3.599939E+00 5.034E-02
  3.599963E+00 4.362E-02
  3.599988E+00 3.832E-02
  3.600012E+00 3.419E-02
  3.600037E+00 3.108E-02
  3.600061E+00 2.889E-02
  3.600085E+00 2.761E-02
  3.600109E+00 2.726E-02
  3.600133E+00 2.799E-02
  3.600158E+00 3.004E-02
  3.600182E+00 3.384E-02
  3.600206E+00 4.019E-02
  3.600230E+00 5.047E-02
  3.600253E+00 6.731E-02
  3.600277E+00 9.601E-02
  3.600301E+00 1.487E-01
  3.600325E+00 2.572E-01
  3.600349E+00 5.274E-01
  3.600372E+00 1.451E+00
  3.600396E+00 5.510E+00
  3.600419E+00 3.552E+00
  3.600443E+00 1.144E+00
  3.600466E+00 5.818E-01
  3.600490E+00 4.553E-01
  3.600513E+00 6.531E-01
  3.600537E+00 1.992E+00
  3.600560E+00 2.063E+00
  3.600583E+00 7.332E-01
  3.600606E+00 3.772E-01
  3.600629E+00 2.446E-01
  3.600653E+00 1.795E-01
  3.600676E+00 1.417E-01
  3.600699E+00 1.173E-01
  3.600722E+00 1.004E-01
  3.600745E+00 8.800E-02
  3.600767E+00 7.858E-02
  3.600790E+00 7.120E-02
  3.600836E+00 6.050E-02
  3.600881E+00 5.325E-02
  3.600949E+00 4.629E-02
  3.601016E+00 4.246E-02
  3.601083E+00 4.124E-02
  3.601150E+00 4.314E-02
  3.601194E+00 4.714E-02
  3.601216E+00 5.045E-02
  3.601238E+00 5.506E-02
  3.601260E+00 6.150E-02
  3.601281E+00 7.060E-02
  3.601303E+00 8.376E-02
  3.601325E+00 1.034E-01
  3.601347E+00 1.342E-01
  3.601368E+00 1.857E-01
  3.601390E+00 2.801E-01
  3.601412E+00 4.802E-01
  3.601433E+00 1.018E+00
  3.601455E+00 3.291E+00
  3.601476E+00 2.037E+01
  3.601498E+00 5.732E+00
  3.601519E+00 1.729E+00
  3.601541E+00 8.881E-01
  3.601562E+00 5.821E-01
  3.601583E+00 4.290E-01
  3.601604E+00 3.354E-01
  3.601626E+00 2.715E-01
  3.601647E+00 2.256E-01
  3.601668E+00 1.919E-01
  3.601689E+00 1.666E-01
  3.601710E+00 1.474E-01
  3.601731E+00 1.326E-01
  3.601752E+00 1.210E-01
  3.601794E+00 1.047E-01
  3.601835E+00 9.475E-02
  3.601877E+00 8.950E-02
  3.601918E+00 8.892E-02
  3.601939E+00 9.106E-02
  3.601959E+00 9.596E-02
  3.601980E+00 1.059E-01
  3.602000E+00 1.271E-01
  3.602021E+00 1.724E-01
  3.602041E+00 1.526E-01
  3.602062E+00 4.354E-02
  3.602082E+00 3.086E-02
  3.602102E+00 3.334E-02
  3.602203E+00 4.938E-02
  3.602223E+00 5.440E-02
  3.602243E+00 6.476E-02
  3.602263E+00 1.156E-01
  3.602283E+00 3.677E-01
  3.602303E+00 5.231E-02
  3.602323E+00 5.111E-02
  3.602363E+00 5.857E-02
  3.602402E+00 6.932E-02
  3.602422E+00 7.638E-02
  3.602461E+00 9.590E-02
  3.602481E+00 1.095E-01
  3.602500E+00 1.265E-01
  3.602520E+00 1.477E-01
  3.602539E+00 1.732E-01
  3.602597E+00 2.638E-01
  3.602617E+00 2.995E-01
  3.602636E+00 3.645E-01
  3.602655E+00 5.557E-01
  3.602674E+00 1.476E+00
  3.602693E+00 3.282E+00
  3.602713E+00 6.947E-01
  3.602732E+00 2.700E-01
  3.602751E+00 1.573E-01
  3.602770E+00 1.114E-01
  3.602789E+00 8.769E-02
  3.602808E+00 7.346E-02
  3.602827E+00 6.412E-02
  3.602846E+00 5.759E-02
  3.602864E+00 5.284E-02
  3.602902E+00 4.658E-02
  3.602958E+00 4.162E-02
  3.603014E+00 3.950E-02
  3.603088E+00 3.930E-02
  3.603162E+00 4.165E-02
  3.603216E+00 4.553E-02
  3.603253E+00 4.972E-02
  3.603289E+00 5.610E-02
  3.603307E+00 6.060E-02
  3.603325E+00 6.645E-02
  3.603343E+00 7.432E-02
  3.603361E+00 8.537E-02
  3.603379E+00 1.018E-01
  3.603397E+00 1.284E-01
  3.603414E+00 1.769E-01
  3.603432E+00 2.846E-01
  3.603450E+00 6.275E-01
  3.603468E+00 3.357E+00
  3.603485E+00 4.467E+00
  3.603503E+00 5.348E-01
  3.603521E+00 2.001E-01
  3.603538E+00 1.191E-01
  3.603556E+00 9.255E-02
  3.603574E+00 8.499E-02
  3.603591E+00 8.673E-02
  3.603609E+00 9.496E-02
  3.603626E+00 1.096E-01
  3.603643E+00 1.324E-01
  3.603661E+00 1.676E-01
  3.603678E+00 2.241E-01
  3.603696E+00 3.222E-01
  3.603713E+00 5.137E-01
  3.603730E+00 9.643E-01
  3.603747E+00 2.399E+00
  3.603765E+00 7.679E+00
  3.603782E+00 4.833E+00
  3.603799E+00 1.487E+00
  3.603816E+00 6.387E-01
  3.603833E+00 3.440E-01
  3.603850E+00 2.124E-01
  3.603867E+00 1.439E-01
  3.603884E+00 1.056E-01
  3.603901E+00 9.326E-02
  3.603918E+00 7.822E+01
  3.603935E+00 6.763E-02
  3.603952E+00 4.428E-02
  3.603969E+00 3.489E-02
  3.603986E+00 2.894E-02
  3.604002E+00 2.470E-02
  3.604019E+00 2.159E-02
  3.604036E+00 1.928E-02
  3.604053E+00 1.762E-02
  3.604069E+00 1.650E-02
  3.604086E+00 1.587E-02
  3.604103E+00 1.572E-02
  3.604119E+00 1.606E-02
  3.604136E+00 1.699E-02
  3.604152E+00 1.861E-02
  3.604169E+00 2.118E-02
  3.604185E+00 2.504E-02
  3.604202E+00 3.082E-02
  3.604218E+00 3.961E-02
  3.604234E+00 5.340E-02
  3.604251E+00 7.618E-02
  3.604267E+00 1.169E-01
  3.604283E+00 1.984E-01
  3.604300E+00 3.944E-01
  3.604316E+00 1.032E+00
  3.604332E+00 3.907E+00
  3.604348E+00 3.340E+00
  3.604364E+00 1.069E+00
  3.604380E+00 5.672E-01
  3.604397E+00 5.032E-01
  3.604413E+00 8.315E-01
  3.604429E+00 2.408E+00
  3.604445E+00 2.022E+00
  3.604461E+00 7.476E-01
  3.604477E+00 3.820E-01
  3.604492E+00 2.428E-01
  3.604508E+00 1.747E-01
  3.604524E+00 1.357E-01
  3.604540E+00 1.108E-01
  3.604556E+00 9.375E-02
  3.604572E+00 8.146E-02
  3.604587E+00 7.224E-02
  3.604603E+00 6.511E-02
  3.604635E+00 5.493E-02
  3.604666E+00 4.818E-02
  3.604697E+00 4.359E-02
  3.604743E+00 3.946E-02
  3.604790E+00 3.798E-02
  3.604836E+00 3.948E-02
  3.604866E+00 4.299E-02
  3.604882E+00 4.594E-02
  3.604897E+00 5.008E-02
  3.604912E+00 5.588E-02
  3.604927E+00 6.411E-02
  3.604942E+00 7.607E-02
  3.604957E+00 9.402E-02
  3.604973E+00 1.223E-01
  3.604988E+00 1.697E-01
  3.605003E+00 2.576E-01
  3.605018E+00 4.460E-01
  3.605033E+00 9.615E-01
  3.605048E+00 3.216E+00
  3.605063E+00 1.881E+01
  3.605077E+00 4.600E+00
  3.605092E+00 1.441E+00
  3.605107E+00 7.520E-01
  3.605122E+00 5.008E-01
  3.605137E+00 3.765E-01
  3.605152E+00 2.998E-01
  3.605166E+00 2.457E-01
  3.605181E+00 2.056E-01
  3.605196E+00 1.753E-01
  3.605210E+00 1.522E-01
  3.605225E+00 1.345E-01
  3.605254E+00 1.098E-01
  3.605283E+00 9.445E-02
  3.605312E+00 8.478E-02
  3.605341E+00 7.913E-02
  3.605370E+00 7.710E-02
  3.605385E+00 7.774E-02
  3.605399E+00 8.007E-02
  3.605413E+00 8.523E-02
  3.605428E+00 9.594E-02
  3.605442E+00 1.161E-01
  3.605456E+00 9.496E-02
  3.605470E+00 3.087E-02
  3.605485E+00 2.873E-02
  3.605499E+00 3.332E-02
  3.605513E+00 3.720E-02
  3.605555E+00 4.606E-02
  3.605569E+00 4.977E-02
  3.605583E+00 5.587E-02
  3.605598E+00 7.215E-02
  3.605612E+00 2.917E-01
  3.605625E+00 7.766E-02
  3.605639E+00 4.840E-02
  3.605653E+00 4.981E-02
  3.605681E+00 5.727E-02
  3.605709E+00 6.797E-02
  3.605723E+00 7.512E-02
  3.605750E+00 9.510E-02
  3.605764E+00 1.090E-01
  3.605778E+00 1.260E-01
  3.605832E+00 2.095E-01
  3.605860E+00 2.412E-01
  3.605873E+00 2.765E-01
  3.605887E+00 3.740E-01
  3.605900E+00 7.135E-01
  3.605914E+00 2.464E+00
  3.605927E+00 1.913E+00
  3.605941E+00 4.708E-01
  3.605954E+00 2.082E-01
  3.605967E+00 1.259E-01
  3.605981E+00 9.019E-02
  3.605994E+00 7.144E-02
  3.606008E+00 6.031E-02
  3.606021E+00 5.312E-02
  3.606034E+00 4.822E-02
  3.606047E+00 4.473E-02
  3.606074E+00 4.028E-02
  3.606113E+00 3.704E-02
  3.606166E+00 3.591E-02
  3.606218E+00 3.704E-02
  3.606270E+00 4.039E-02
  3.606308E+00 4.503E-02
  3.606334E+00 4.986E-02
  3.606360E+00 5.713E-02
  3.606385E+00 6.899E-02
  3.606398E+00 7.815E-02
  3.606410E+00 9.124E-02
  3.606423E+00 1.113E-01
  3.606436E+00 1.451E-01
  3.606448E+00 2.114E-01
  3.606461E+00 3.789E-01
  3.606473E+00 1.096E+00
  3.606486E+00 1.293E+01
  3.606499E+00 1.243E+00
  3.606511E+00 2.991E-01
  3.606524E+00 1.473E-01
  3.606536E+00 1.047E-01
  3.606549E+00 9.283E-02
  3.606561E+00 9.438E-02
  3.606573E+00 1.048E-01
  3.606586E+00 1.243E-01
  3.606598E+00 1.562E-01
  3.606611E+00 2.094E-01
  3.606623E+00 3.058E-01
  3.606635E+00 5.103E-01
  3.606647E+00 1.086E+00
  3.606660E+00 3.412E+00
  3.606672E+00 3.264E+00
  3.606684E+00 4.163E+00
  3.606696E+00 2.811E+00
  3.606709E+00 9.356E-01
  3.606721E+00 4.228E-01
  3.606733E+00 2.356E-01
  3.606745E+00 1.493E-01
  3.606757E+00 1.040E-01
  3.606769E+00 8.190E-02
  3.606781E+00 1.434E-01
  3.606793E+00 1.236E-01
  3.606806E+00 4.520E-02
  3.606818E+00 3.312E-02
  3.606830E+00 2.701E-02
  3.606842E+00 2.304E-02
  3.606854E+00 2.026E-02
  3.606865E+00 1.828E-02
  3.606877E+00 1.688E-02
  3.606889E+00 1.596E-02
  3.606901E+00 1.545E-02
  3.606913E+00 1.533E-02
  3.606925E+00 1.560E-02
  3.606937E+00 1.630E-02
  3.606949E+00 1.752E-02
  3.606960E+00 1.940E-02
  3.606972E+00 2.217E-02
  3.606984E+00 2.619E-02
  3.606996E+00 3.211E-02
  3.607007E+00 4.100E-02
  3.607019E+00 5.493E-02
  3.607031E+00 7.803E-02
  3.607042E+00 1.198E-01
  3.607054E+00 2.057E-01
  3.607066E+00 4.224E-01
  3.607077E+00 1.189E+00
  3.607089E+00 4.260E+00
  3.607100E+00 2.215E+00
  3.607112E+00 8.161E-01
  3.607124E+00 5.256E-01
  3.607135E+00 5.936E-01
  3.607147E+00 1.235E+00
  3.607158E+00 2.988E+00
  3.607170E+00 1.497E+00
  3.607181E+00 6.114E-01
  3.607192E+00 3.341E-01
  3.607204E+00 2.187E-01
  3.607215E+00 1.595E-01
  3.607227E+00 1.246E-01
  3.607238E+00 1.021E-01
  3.607249E+00 8.652E-02
  3.607261E+00 7.526E-02
  3.607272E+00 6.680E-02
  3.607283E+00 6.026E-02
  3.607306E+00 5.095E-02
  3.607328E+00 4.484E-02
  3.607351E+00 4.075E-02
  3.607384E+00 3.725E-02
  3.607417E+00 3.643E-02
  3.607439E+00 3.761E-02
  3.607462E+00 4.080E-02
  3.607483E+00 4.738E-02
  3.607494E+00 5.281E-02
  3.607505E+00 6.054E-02
  3.607516E+00 7.181E-02
  3.607527E+00 8.879E-02
  3.607538E+00 1.157E-01
  3.607549E+00 1.611E-01
  3.607560E+00 2.461E-01
  3.607571E+00 4.307E-01
  3.607582E+00 9.479E-01
  3.607592E+00 3.316E+00
  3.607603E+00 1.758E+01
  3.607614E+00 3.785E+00
  3.607625E+00 1.244E+00
  3.607635E+00 6.633E-01
  3.607646E+00 4.488E-01
  3.607657E+00 3.431E-01
  3.607668E+00 2.775E-01
  3.607678E+00 2.302E-01
  3.607689E+00 1.938E-01
  3.607700E+00 1.656E-01
  3.607710E+00 1.438E-01
  3.607731E+00 1.135E-01
  3.607752E+00 9.480E-02
  3.607774E+00 8.286E-02
  3.607795E+00 7.529E-02
  3.607816E+00 7.093E-02
  3.607836E+00 6.966E-02
  3.607847E+00 7.057E-02
  3.607857E+00 7.318E-02
  3.607868E+00 7.867E-02
  3.607878E+00 8.794E-02
  3.607888E+00 7.227E-02
  3.607899E+00 2.646E-02
  3.607909E+00 2.821E-02
  3.607919E+00 3.362E-02
  3.607940E+00 4.053E-02
  3.607960E+00 4.614E-02
  3.607971E+00 5.008E-02
  3.607981E+00 5.738E-02
  3.607991E+00 8.209E-02
  3.608001E+00 3.401E+00
  3.608011E+00 5.655E-02
  3.608022E+00 4.656E-02
  3.608032E+00 4.853E-02
  3.608052E+00 5.575E-02
  3.608072E+00 6.616E-02
  3.608082E+00 7.320E-02
  3.608092E+00 8.196E-02
  3.608102E+00 9.291E-02
  3.608120E+00 1.181E-01
  3.618110E+00 3.463E-01
  3.618120E+00 4.998E-01
  3.643063E+00 3.734E-01
  3.668006E+00 3.137E-01
  3.692950E+00 2.778E-01
  3.717893E+00 2.496E-01
  3.742836E+00 2.287E-01
  3.767779E+00 2.149E-01
  3.817666E+00 1.997E-01
  3.917439E+00 1.843E-01
  4.865285E+00 1.180E-01
  5.289321E+00 9.423E-02
  5.838074E+00 7.122E-02
  6.062564E+00 6.411E-02
  6.185038E+00 6.038E-02
  6.309980E+00 5.686E-02
  6.437449E+00 5.355E-02
  6.567497E+00 5.043E-02
  6.700171E+00 4.749E-02
  6.835521E+00 4.473E-02
  6.973605E+00 4.212E-02
  7.114482E+00 3.967E-02
  7.258204E+00 3.736E-02
  7.404834E+00 3.518E-02
  7.554419E+00 3.314E-02
  7.707026E+00 3.121E-02
  7.862722E+00 2.939E-02
  8.021558E+00 2.768E-02
  8.183601E+00 2.607E-02
  8.348924E+00 2.455E-02
  8.517582E+00 2.312E-02
  8.689651E+00 2.177E-02
  8.865191E+00 2.050E-02
  9.044285E+00 1.931E-02
  9.226987E+00 1.819E-02
  9.413383E+00 1.713E-02
  9.603550E+00 1.613E-02
  9.797555E+00 1.519E-02
  9.995475E+00 1.430E-02
  1.019740E+01 1.347E-02
  1.040340E+01 1.269E-02
  1.061356E+01 1.195E-02
  1.082797E+01 1.125E-02
  1.104671E+01 1.060E-02
  1.126987E+01 9.980E-03
  1.149753E+01 9.399E-03
  1.172980E+01 8.852E-03
  1.196676E+01 8.336E-03
  1.220851E+01 7.851E-03
  1.245513E+01 7.393E-03
  1.270674E+01 6.963E-03
  1.296344E+01 6.557E-03
  1.322531E+01 6.176E-03
  1.349249E+01 5.816E-03
  1.376505E+01 5.477E-03
  1.404312E+01 5.158E-03
  1.432681E+01 4.858E-03
  1.461623E+01 4.575E-03
  1.491150E+01 4.309E-03
  1.521273E+01 4.058E-03
  1.552005E+01 3.821E-03
  1.583358E+01 3.599E-03
  1.615343E+01 3.389E-03
  1.647975E+01 3.192E-03
  1.681265E+01 3.006E-03
  1.715230E+01 2.831E-03
  1.749879E+01 2.666E-03
  1.785229E+01 2.511E-03
  1.821294E+01 2.365E-03
  1.858086E+01 2.227E-03
  1.895621E+01 2.097E-03
  1.933916E+01 1.975E-03
  1.972983E+01 1.860E-03
  2.012840E+01 1.752E-03
  2.053502E+01 1.650E-03
  2.094987E+01 1.554E-03
  2.137308E+01 1.463E-03
  2.180484E+01 1.378E-03
  2.224532E+01 1.298E-03
  2.269472E+01 1.222E-03
  2.315317E+01 1.151E-03