  1.228893E-02 1.500E+02
  6.358361E-02 3.363E+00
  1.135644E-01 8.123E-01
  1.622851E-01 3.248E-01
  2.097878E-01 1.641E-01
  2.561126E-01 9.472E-02
  3.012982E-01 5.944E-02
  3.453818E-01 3.959E-02
  3.883987E-01 2.765E-02
  4.303832E-01 2.012E-02
  4.713680E-01 1.518E-02
  5.113846E-01 1.180E-02
  5.504633E-01 9.408E-03
  5.886331E-01 7.640E-03
  6.259221E-01 6.289E-03
  6.623571E-01 5.226E-03
  6.979639E-01 4.374E-03
  7.327676E-01 3.682E-03
  7.667921E-01 3.119E-03
  8.000604E-01 2.658E-03
  8.325948E-01 2.282E-03
  8.644168E-01 1.976E-03
  8.955470E-01 1.726E-03
  9.260052E-01 1.522E-03
  9.849822E-01 1.215E-03
  1.041493E+00 1.002E-03
  1.121930E+00 7.781E-04
  1.197541E+00 6.164E-04
  1.291498E+00 4.542E-04
  1.357259E+00 3.625E-04
  1.419320E+00 2.924E-04
  1.477955E+00 2.401E-04
  1.551230E+00 1.913E-04
  1.619379E+00 1.593E-04
  1.698062E+00 1.342E-04
  1.783987E+00 1.168E-04
  1.873993E+00 1.065E-04
  1.954457E+00 1.036E-04
  2.026680E+00 1.070E-04
  2.100520E+00 1.178E-04
  2.166362E+00 1.349E-04
  2.225322E+00 1.584E-04
  2.271998E+00 1.857E-04
  2.308779E+00 2.174E-04
  2.337375E+00 2.535E-04
  2.359015E+00 2.937E-04
  2.374569E+00 3.350E-04
  2.389575E+00 3.933E-04
  2.399286E+00 4.482E-04
  2.408772E+00 5.257E-04
  2.413432E+00 5.780E-04
  2.418039E+00 6.443E-04
  2.422593E+00 7.310E-04
  2.427095E+00 8.486E-04
  2.431545E+00 1.016E-03
  2.435945E+00 1.270E-03
  2.440295E+00 1.688E-03
  2.444596E+00 2.454E-03
  2.448848E+00 4.069E-03
  2.453053E+00 7.808E-03
  2.457211E+00 1.192E-02
  2.461323E+00 6.750E-03
  2.465390E+00 2.856E-03
  2.469411E+00 1.442E-03
  2.473388E+00 8.786E-04
  2.477322E+00 6.220E-04
  2.481213E+00 4.947E-04
  2.485062E+00 4.293E-04
  2.488868E+00 3.967E-04
  2.492634E+00 3.830E-04
  2.496359E+00 3.811E-04
  2.503691E+00 3.986E-04
  2.514398E+00 4.567E-04
  2.524771E+00 5.433E-04
  2.534823E+00 6.610E-04
  2.544568E+00 8.224E-04
  2.550899E+00 9.655E-04
  2.557103E+00 1.150E-03
  2.563183E+00 1.396E-03
  2.569141E+00 1.735E-03
  2.572076E+00 1.956E-03
  2.574982E+00 2.224E-03
  2.577859E+00 2.555E-03
  2.580708E+00 2.971E-03
  2.583529E+00 3.505E-03
  2.586322E+00 4.207E-03
  2.589088E+00 5.157E-03
  2.591828E+00 6.492E-03
  2.594540E+00 8.455E-03
  2.597227E+00 1.151E-02
  2.599888E+00 1.667E-02
  2.602523E+00 2.638E-02
  2.605133E+00 4.769E-02
  2.607718E+00 1.056E-01
  2.610279E+00 2.638E-01
  2.612816E+00 2.304E-01
  2.615328E+00 8.638E-02
  2.617817E+00 3.845E-02
  2.620283E+00 2.076E-02
  2.622725E+00 1.270E-02
  2.625145E+00 8.455E-03
  2.627542E+00 5.967E-03
  2.629917E+00 4.396E-03
  2.632270E+00 3.347E-03
  2.634602E+00 2.616E-03
  2.636912E+00 2.087E-03
  2.639201E+00 1.694E-03
  2.641469E+00 1.395E-03
  2.643717E+00 1.162E-03
  2.645944E+00 9.793E-04
  2.648151E+00 8.328E-04
  2.650338E+00 7.141E-04
  2.652505E+00 6.169E-04
  2.654654E+00 5.367E-04
  2.656782E+00 4.699E-04
  2.658892E+00 4.138E-04
  2.663056E+00 3.266E-04
  2.667147E+00 2.635E-04
  2.671166E+00 2.174E-04
  2.675116E+00 1.834E-04
  2.678997E+00 1.584E-04
  2.684695E+00 1.332E-04
  2.690247E+00 1.185E-04
  2.695660E+00 1.113E-04
  2.702667E+00 1.100E-04
  2.709444E+00 1.157E-04
  2.717607E+00 1.304E-04
  2.726974E+00 1.569E-04
  2.735902E+00 1.924E-04
  2.744417E+00 2.377E-04
  2.752545E+00 2.962E-04
  2.759039E+00 3.608E-04
  2.764060E+00 4.316E-04
  2.767728E+00 5.075E-04
  2.770129E+00 5.805E-04
  2.771316E+00 6.294E-04
  2.772495E+00 6.921E-04
  2.773664E+00 7.772E-04
  2.774826E+00 9.017E-04
  2.775979E+00 1.105E-03
  2.777123E+00 1.503E-03
  2.778259E+00 2.589E-03
  2.779387E+00 9.747E-03
  2.780507E+00 1.291E-02
  2.781619E+00 6.729E-04
  2.782722E+00 2.231E-04
  2.783818E+00 2.025E-04
  2.784906E+00 2.366E-04
  2.788124E+00 3.554E-04
  2.800336E+00 7.334E-04
  2.805131E+00 9.214E-04
  2.808851E+00 1.114E-03
  2.812472E+00 1.370E-03
  2.815125E+00 1.633E-03
  2.817725E+00 1.997E-03
  2.819430E+00 2.331E-03
  2.821113E+00 2.783E-03
  2.822773E+00 3.424E-03
  2.823595E+00 3.854E-03
  2.824412E+00 4.392E-03
  2.825224E+00 5.078E-03
  2.826030E+00 5.975E-03
  2.826832E+00 7.184E-03
  2.827628E+00 8.871E-03
  2.828418E+00 1.132E-02
  2.829204E+00 1.506E-02
  2.829985E+00 2.110E-02
  2.830761E+00 3.136E-02
  2.831532E+00 4.894E-02
  2.832298E+00 7.332E-02
  2.833059E+00 8.284E-02
  2.833815E+00 6.159E-02
  2.834567E+00 3.774E-02
  2.835313E+00 2.325E-02
  2.836056E+00 1.523E-02
  2.836793E+00 1.064E-02
  2.837526E+00 7.859E-03
  2.838254E+00 6.088E-03
  2.838978E+00 4.909E-03
  2.839697E+00 4.098E-03
  2.840412E+00 3.523E-03
  2.841122E+00 3.109E-03
  2.841828E+00 2.806E-03
  2.842529E+00 2.583E-03
  2.843920E+00 2.299E-03
  2.845293E+00 2.156E-03
  2.847321E+00 2.098E-03
  2.849969E+00 2.201E-03
  2.852553E+00 2.451E-03
  2.855076E+00 2.840E-03
  2.857540E+00 3.397E-03
  2.859350E+00 3.967E-03
  2.861129E+00 4.726E-03
  2.862876E+00 5.771E-03
  2.864025E+00 6.704E-03
  2.865160E+00 7.921E-03
  2.866282E+00 9.556E-03
  2.867391E+00 1.184E-02
  2.867941E+00 1.334E-02
  2.868488E+00 1.519E-02
  2.869032E+00 1.750E-02
  2.869572E+00 2.044E-02
  2.870110E+00 2.427E-02
  2.870644E+00 2.943E-02
  2.871176E+00 3.660E-02
  2.871704E+00 4.701E-02
  2.872230E+00 6.302E-02
  2.872753E+00 8.948E-02
  2.873272E+00 1.377E-01
  2.873789E+00 2.384E-01
  2.874303E+00 4.833E-01
  2.874814E+00 1.021E+00
  2.875323E+00 9.600E-01
  2.875828E+00 4.191E-01
  2.876331E+00 1.937E-01
  2.876831E+00 1.047E-01
  2.877328E+00 6.353E-02
  2.877822E+00 4.171E-02
  2.878314E+00 2.897E-02
  2.878803E+00 2.097E-02
  2.879289E+00 1.566E-02
  2.879773E+00 1.199E-02
  2.880254E+00 9.356E-03
  2.880732E+00 7.417E-03
  2.881208E+00 5.955E-03
  2.881681E+00 4.832E-03
  2.882152E+00 3.956E-03
  2.882620E+00 3.262E-03
  2.883086E+00 2.707E-03
  2.883549E+00 2.258E-03
  2.884010E+00 1.893E-03
  2.884468E+00 1.593E-03
  2.884924E+00 1.346E-03
  2.885377E+00 1.141E-03
  2.885828E+00 9.705E-04
  2.886276E+00 8.287E-04
  2.886722E+00 7.105E-04
  2.887166E+00 6.122E-04
  2.887608E+00 5.304E-04
  2.888047E+00 4.628E-04
  2.888483E+00 4.073E-04
  2.888918E+00 3.621E-04
  2.889350E+00 3.259E-04
  2.889780E+00 2.975E-04
  2.890208E+00 2.760E-04
  2.890633E+00 2.605E-04
  2.891477E+00 2.450E-04
  2.892313E+00 2.471E-04
  2.893139E+00 2.642E-04
  2.893958E+00 2.948E-04
  2.894767E+00 3.387E-04
  2.895569E+00 3.976E-04
  2.896362E+00 4.761E-04
  2.896756E+00 5.262E-04
  2.897148E+00 5.872E-04
  2.897538E+00 6.649E-04
  2.897925E+00 7.705E-04
  2.898311E+00 9.293E-04
  2.898695E+00 1.209E-03
  2.899077E+00 1.863E-03
  2.899457E+00 4.739E-03
  2.899835E+00 9.378E-01
  2.900211E+00 2.175E-03
  2.900585E+00 6.870E-04
  2.900957E+00 5.360E-04
  2.901328E+00 5.403E-04
  2.902063E+00 6.261E-04
  2.904934E+00 1.054E-03
  2.907013E+00 1.426E-03
  2.909033E+00 1.883E-03
  2.910672E+00 2.365E-03
  2.912273E+00 2.995E-03
  2.913526E+00 3.667E-03
  2.914451E+00 4.330E-03
  2.915362E+00 5.210E-03
  2.915963E+00 5.990E-03
  2.916558E+00 7.035E-03
  2.916853E+00 7.719E-03
  2.917148E+00 8.583E-03
  2.917440E+00 9.750E-03
  2.917732E+00 1.153E-02
  2.918022E+00 1.503E-02
  2.918311E+00 2.730E-02
  2.918598E+00 2.404E-03
  2.918884E+00 5.226E-03
  2.919169E+00 8.293E-03
  2.919735E+00 1.303E-02
  2.920016E+00 1.561E-02
  2.920295E+00 1.865E-02
  2.920574E+00 2.244E-02
  2.920851E+00 2.734E-02
  2.921127E+00 3.391E-02
  2.921401E+00 4.306E-02
  2.921675E+00 5.635E-02
  2.921947E+00 7.662E-02
  2.922218E+00 1.092E-01
  2.922487E+00 1.639E-01
  2.922756E+00 2.565E-01
  2.923023E+00 3.860E-01
  2.923289E+00 4.540E-01
  2.923554E+00 3.631E-01
  2.923818E+00 2.351E-01
  2.924081E+00 1.494E-01
  2.924342E+00 9.956E-02
  2.924602E+00 7.013E-02
  2.924861E+00 5.190E-02
  2.925119E+00 4.004E-02
  2.925376E+00 3.198E-02
  2.925632E+00 2.630E-02
  2.925886E+00 2.218E-02
  2.926140E+00 1.912E-02
  2.926392E+00 1.680E-02
  2.926643E+00 1.502E-02
  2.926893E+00 1.363E-02
  2.927390E+00 1.167E-02
  2.927883E+00 1.045E-02
  2.928614E+00 9.447E-03
  2.929335E+00 9.078E-03
  2.930282E+00 9.223E-03
  2.931214E+00 9.919E-03
  2.932129E+00 1.113E-02
  2.933030E+00 1.295E-02
  2.933915E+00 1.559E-02
  2.934569E+00 1.836E-02
  2.935215E+00 2.214E-02
  2.935853E+00 2.751E-02
  2.936274E+00 3.246E-02
  2.936691E+00 3.908E-02
  2.937105E+00 4.829E-02
  2.937311E+00 5.432E-02
  2.937516E+00 6.167E-02
  2.937720E+00 7.080E-02
  2.937923E+00 8.233E-02
  2.938125E+00 9.720E-02
  2.938327E+00 1.169E-01
  2.938528E+00 1.437E-01
  2.938727E+00 1.818E-01
  2.938927E+00 2.383E-01
  2.939125E+00 3.273E-01
  2.939322E+00 4.788E-01
  2.939519E+00 7.640E-01
  2.939715E+00 1.367E+00
  2.940104E+00 3.997E+00
  2.940491E+00 1.248E+00
  2.940683E+00 6.561E-01
  2.940874E+00 3.871E-01
  2.941064E+00 2.492E-01
  2.941254E+00 1.710E-01
  2.941443E+00 1.229E-01
  2.941631E+00 9.154E-02
  2.941819E+00 7.009E-02
  2.942006E+00 5.486E-02
  2.942191E+00 4.370E-02
  2.942377E+00 3.531E-02
  2.942561E+00 2.888E-02
  2.942745E+00 2.386E-02
  2.942928E+00 1.987E-02
  2.943110E+00 1.666E-02
  2.943292E+00 1.406E-02
  2.943473E+00 1.191E-02
  2.943653E+00 1.014E-02
  2.943832E+00 8.657E-03
  2.944011E+00 7.411E-03
  2.944189E+00 6.357E-03
  2.944367E+00 5.462E-03
  2.944543E+00 4.697E-03
  2.944719E+00 4.041E-03
  2.944895E+00 3.477E-03
  2.945069E+00 2.990E-03
  2.945243E+00 2.570E-03
  2.945416E+00 2.206E-03
  2.945589E+00 1.890E-03
  2.945761E+00 1.617E-03
  2.945932E+00 1.380E-03
  2.946103E+00 1.176E-03
  2.946273E+00 9.985E-04
  2.946442E+00 8.461E-04
  2.946611E+00 7.153E-04
  2.946779E+00 6.038E-04
  2.946946E+00 5.095E-04
  2.947113E+00 4.306E-04
  2.947279E+00 3.656E-04
  2.947444E+00 3.132E-04
  2.947609E+00 2.724E-04
  2.947773E+00 2.426E-04
  2.947937E+00 2.235E-04
  2.948100E+00 2.156E-04
  2.948262E+00 2.218E-04
  2.948424E+00 2.508E-04
  2.948585E+00 3.414E-04
  2.948746E+00 8.236E-04
  2.948905E+00 1.071E-01
  2.949065E+00 6.291E-04
  2.949223E+00 3.446E-04
  2.949381E+00 3.167E-04
  2.949539E+00 3.310E-04
  2.949696E+00 3.599E-04
  2.950008E+00 4.383E-04
  2.950472E+00 5.867E-04
  2.951082E+00 8.255E-04
  2.951980E+00 1.252E-03
  2.953148E+00 1.907E-03
  2.953292E+00 1.999E-03
  2.953435E+00 2.038E-03
  2.954002E+00 2.351E-03
  2.954422E+00 2.477E-03
  2.954699E+00 2.458E-03
  2.955112E+00 2.232E-03
  2.955248E+00 2.496E-03
  2.955384E+00 5.779E-03
  2.955520E+00 7.928E-02
  2.955655E+00 9.177E-02
  2.955789E+00 2.684E-02
  2.955923E+00 1.709E-02
  2.956057E+00 1.377E-02
  2.956190E+00 1.228E-02
  2.956323E+00 1.154E-02
  2.956455E+00 1.119E-02
  2.956718E+00 1.109E-02
  2.957109E+00 1.173E-02
  2.957495E+00 1.296E-02
  2.957878E+00 1.476E-02
  2.958257E+00 1.724E-02
  2.958632E+00 2.071E-02
  2.959003E+00 2.573E-02
  2.959248E+00 3.046E-02
  2.959492E+00 3.696E-02
  2.959613E+00 4.117E-02
  2.959733E+00 4.628E-02
  2.959854E+00 5.257E-02
  2.959974E+00 6.042E-02
  2.960093E+00 7.043E-02
  2.960212E+00 8.346E-02
  2.960331E+00 1.009E-01
  2.960449E+00 1.249E-01
  2.960567E+00 1.591E-01
  2.960684E+00 2.099E-01
  2.960801E+00 2.891E-01
  2.960918E+00 4.184E-01
  2.961034E+00 6.349E-01
  2.961266E+00 1.302E+00
  2.961381E+00 1.248E+00
  2.961495E+00 8.810E-01
  2.961610E+00 5.651E-01
  2.961723E+00 3.705E-01
  2.961837E+00 2.558E-01
  2.961950E+00 1.859E-01
  2.962063E+00 1.412E-01
  2.962175E+00 1.114E-01
  2.962287E+00 9.069E-02
  2.962399E+00 7.585E-02
  2.962510E+00 6.495E-02
  2.962621E+00 5.675E-02
  2.962732E+00 5.049E-02
  2.962842E+00 4.565E-02
  2.963061E+00 3.888E-02
  2.963279E+00 3.468E-02
  2.963603E+00 3.129E-02
  2.963923E+00 3.006E-02
  2.964346E+00 3.062E-02
  2.964763E+00 3.314E-02
  2.965175E+00 3.758E-02
  2.965582E+00 4.440E-02
  2.965883E+00 5.170E-02
  2.966181E+00 6.178E-02
  2.966477E+00 7.612E-02
  2.966673E+00 8.934E-02
  2.966867E+00 1.071E-01
  2.967060E+00 1.317E-01
  2.967156E+00 1.478E-01
  2.967252E+00 1.674E-01
  2.967347E+00 1.918E-01
  2.967442E+00 2.225E-01
  2.967537E+00 2.622E-01
  2.967632E+00 3.147E-01
  2.967726E+00 3.864E-01
  2.967820E+00 4.880E-01
  2.967913E+00 6.389E-01
  2.968007E+00 8.772E-01
  2.968100E+00 1.284E+00
  2.968193E+00 2.053E+00
  2.968285E+00 3.689E+00
  2.968377E+00 7.258E+00
  2.968469E+00 1.050E+01
  2.968561E+00 6.561E+00
  2.968652E+00 3.129E+00
  2.968743E+00 1.643E+00
  2.968834E+00 9.685E-01
  2.968924E+00 6.223E-01
  2.969014E+00 4.256E-01
  2.969104E+00 3.048E-01
  2.969194E+00 2.260E-01
  2.969283E+00 1.722E-01
  2.969372E+00 1.340E-01
  2.969461E+00 1.061E-01
  2.969550E+00 8.514E-02
  2.969638E+00 6.911E-02
  2.969726E+00 5.661E-02
  2.969813E+00 4.672E-02
  2.969901E+00 3.879E-02
  2.969988E+00 3.236E-02
  2.970075E+00 2.710E-02
  2.970162E+00 2.275E-02
  2.970248E+00 1.912E-02
  2.970334E+00 1.609E-02
  2.970420E+00 1.353E-02
  2.970505E+00 1.135E-02
  2.970591E+00 9.496E-03
  2.970676E+00 7.901E-03
  2.970760E+00 6.521E-03
  2.970845E+00 5.313E-03
  2.970929E+00 4.236E-03
  2.971097E+00 2.260E-03
  2.971180E+00 1.117E-03
  2.971264E+00 6.111E-04
  2.971347E+00 1.060E-02
  2.971429E+00 3.768E-03
  2.971512E+00 2.422E-03
  2.971594E+00 1.751E-03
  2.971676E+00 1.319E-03
  2.971758E+00 1.011E-03
  2.971839E+00 7.828E-04
  2.971921E+00 6.133E-04
  2.972002E+00 4.895E-04
  2.972082E+00 4.033E-04
  2.972163E+00 3.487E-04
  2.972243E+00 3.215E-04
  2.972323E+00 3.183E-04
  2.972403E+00 3.363E-04
  2.972483E+00 3.733E-04
  2.972562E+00 4.274E-04
  2.972641E+00 4.969E-04
  2.972720E+00 5.804E-04
  2.972877E+00 7.849E-04
  2.973033E+00 1.033E-03
  2.973265E+00 1.473E-03
  2.973572E+00 2.166E-03
  2.973799E+00 2.800E-03
  2.973875E+00 3.123E-03
  2.973950E+00 5.234E-03
  2.974025E+00 2.783E-03
  2.974100E+00 3.182E-03
  2.974249E+00 3.624E-03
  2.974544E+00 4.250E-03
  2.974763E+00 4.604E-03
  2.974835E+00 4.785E-03
  2.974908E+00 5.150E-03
  2.974980E+00 6.048E-03
  2.975052E+00 8.593E-03
  2.975124E+00 1.723E-02
  2.975195E+00 5.962E-02
  2.975267E+00 6.709E-01
  2.975338E+00 6.006E-01
  2.975409E+00 1.399E-01
  2.975479E+00 7.546E-02
  2.975550E+00 5.417E-02
  2.975620E+00 4.450E-02
  2.975690E+00 3.939E-02
  2.975760E+00 3.649E-02
  2.975830E+00 3.483E-02
  2.975969E+00 3.360E-02
  2.976176E+00 3.452E-02
  2.976381E+00 3.746E-02
  2.976584E+00 4.214E-02
  2.976786E+00 4.881E-02
  2.976986E+00 5.827E-02
  2.977184E+00 7.202E-02
  2.977315E+00 8.495E-02
  2.977445E+00 1.027E-01
  2.977510E+00 1.141E-01
  2.977575E+00 1.279E-01
  2.977640E+00 1.449E-01
  2.977704E+00 1.659E-01
  2.977768E+00 1.926E-01
  2.977833E+00 2.270E-01
  2.977896E+00 2.726E-01
  2.977960E+00 3.346E-01
  2.978024E+00 4.217E-01
  2.978087E+00 5.489E-01
  2.978150E+00 7.428E-01
  2.978213E+00 1.052E+00
  2.978276E+00 1.563E+00
  2.978339E+00 2.380E+00
  2.978401E+00 3.385E+00
  2.978463E+00 3.718E+00
  2.978526E+00 2.919E+00
  2.978588E+00 1.936E+00
  2.978649E+00 1.267E+00
  2.978711E+00 8.653E-01
  2.978772E+00 6.211E-01
  2.978834E+00 4.666E-01
  2.978895E+00 3.644E-01
  2.978956E+00 2.941E-01
  2.979017E+00 2.441E-01
  2.979077E+00 2.076E-01
  2.979138E+00 1.802E-01
  2.979198E+00 1.594E-01
  2.979258E+00 1.433E-01
  2.979378E+00 1.207E-01
  2.979497E+00 1.066E-01
  2.979675E+00 9.487E-02
  2.979851E+00 9.003E-02
  2.980083E+00 9.039E-02
  2.980313E+00 9.658E-02
  2.980541E+00 1.083E-01
  2.980766E+00 1.265E-01
  2.980933E+00 1.460E-01
  2.981099E+00 1.728E-01
  2.981264E+00 2.104E-01
  2.981373E+00 2.446E-01
  2.981481E+00 2.898E-01
  2.981589E+00 3.514E-01
  2.981643E+00 3.910E-01
  2.981696E+00 4.387E-01
  2.981750E+00 4.968E-01
  2.981803E+00 5.689E-01
  2.981856E+00 6.598E-01
  2.981909E+00 7.770E-01
  2.981962E+00 9.319E-01
  2.982015E+00 1.143E+00
  2.982068E+00 1.441E+00
  2.982120E+00 1.883E+00
  2.982172E+00 2.577E+00
  2.982225E+00 3.753E+00
  2.982277E+00 5.951E+00
  2.982329E+00 1.053E+01
  2.982380E+00 2.019E+01
  2.982432E+00 2.912E+01
  2.982535E+00 9.348E+00
  2.982586E+00 4.950E+00
  2.982638E+00 2.925E+00
  2.982689E+00 1.881E+00
  2.982739E+00 1.287E+00
  2.982790E+00 9.220E-01
  2.982841E+00 6.838E-01
  2.982891E+00 5.211E-01
  2.982942E+00 4.056E-01
  2.982992E+00 3.211E-01
  2.983042E+00 2.578E-01
  2.983092E+00 2.093E-01
  2.983142E+00 1.714E-01
  2.983191E+00 1.415E-01
  2.983241E+00 1.174E-01
  2.983291E+00 9.793E-02
  2.983340E+00 8.191E-02
  2.983389E+00 6.865E-02
  2.983438E+00 5.756E-02
  2.983487E+00 4.820E-02
  2.983536E+00 4.022E-02
  2.983633E+00 2.719E-02
  2.983682E+00 2.146E-02
  2.983730E+00 1.534E-02
  2.983778E+00 5.239E-03
  2.983826E+00 5.818E-02
  2.983874E+00 2.110E-02
  2.983922E+00 1.494E-02
  2.983970E+00 1.156E-02
  2.984018E+00 9.158E-03
  2.984065E+00 7.300E-03
  2.984112E+00 5.806E-03
  2.984160E+00 4.584E-03
  2.984207E+00 3.580E-03
  2.984254E+00 2.756E-03
  2.984301E+00 2.085E-03
  2.984347E+00 1.546E-03
  2.984394E+00 1.122E-03
  2.984441E+00 7.985E-04
  2.984487E+00 5.649E-04
  2.984533E+00 4.113E-04
  2.984580E+00 3.293E-04
  2.984626E+00 3.120E-04
  2.984672E+00 3.533E-04
  2.984718E+00 4.477E-04
  2.984763E+00 5.906E-04
  2.984809E+00 7.781E-04
  2.984854E+00 1.007E-03
  2.984900E+00 1.273E-03
  2.984945E+00 1.575E-03
  2.985035E+00 2.276E-03
  2.985125E+00 3.101E-03
  2.985214E+00 4.051E-03
  2.985303E+00 5.169E-03
  2.985348E+00 5.842E-03
  2.985392E+00 6.684E-03
  2.985436E+00 7.992E-03
  2.985480E+00 1.199E-02
  2.985524E+00 5.413E-04
  2.985568E+00 4.925E-03
  2.985611E+00 6.396E-03
  2.985655E+00 7.306E-03
  2.985828E+00 1.008E-02
  2.985871E+00 1.094E-02
  2.985914E+00 1.213E-02
  2.985956E+00 1.399E-02
  2.985999E+00 1.735E-02
  2.986042E+00 2.422E-02
  2.986084E+00 4.052E-02
  2.986127E+00 8.815E-02
  2.986169E+00 2.930E-01
  2.986211E+00 2.750E+00
  2.986253E+00 2.840E+00
  2.986295E+00 5.773E-01
  2.986337E+00 2.847E-01
  2.986379E+00 1.916E-01
  2.986420E+00 1.499E-01
  2.986462E+00 1.278E-01
  2.986504E+00 1.150E-01
  2.986545E+00 1.073E-01
  2.986586E+00 1.026E-01
  2.986668E+00 9.881E-02
  2.986791E+00 1.009E-01
  2.986913E+00 1.089E-01
  2.987034E+00 1.218E-01
  2.987154E+00 1.405E-01
  2.987273E+00 1.669E-01
  2.987391E+00 2.052E-01
  2.987470E+00 2.410E-01
  2.987548E+00 2.897E-01
  2.987587E+00 3.209E-01
  2.987664E+00 4.039E-01
  2.987703E+00 4.602E-01
  2.987741E+00 5.307E-01
  2.987780E+00 6.209E-01
  2.987818E+00 7.388E-01
  2.987856E+00 8.969E-01
  2.987894E+00 1.115E+00
  2.987932E+00 1.428E+00
  2.987970E+00 1.894E+00
  2.988008E+00 2.620E+00
  2.988046E+00 3.802E+00
  2.988084E+00 5.756E+00
  2.988122E+00 8.673E+00
  2.988159E+00 1.125E+01
  2.988197E+00 1.051E+01
  2.988234E+00 7.449E+00
  2.988271E+00 4.861E+00
  2.988308E+00 3.243E+00
  2.988345E+00 2.271E+00
  2.988382E+00 1.670E+00
  2.988419E+00 1.281E+00
  2.988456E+00 1.019E+00
  2.988493E+00 8.352E-01
  2.988530E+00 7.028E-01
  2.988566E+00 6.049E-01
  2.988603E+00 5.309E-01
  2.988639E+00 4.740E-01
  2.988712E+00 3.951E-01
  2.988784E+00 3.459E-01
  2.988856E+00 3.152E-01
  2.988963E+00 2.910E-01
  2.989070E+00 2.839E-01
  2.989211E+00 2.929E-01
  2.989351E+00 3.196E-01
  2.989489E+00 3.645E-01
  2.989626E+00 4.329E-01
  2.989728E+00 5.062E-01
  2.989829E+00 6.076E-01
  2.989897E+00 6.981E-01
  2.989964E+00 8.152E-01
  2.990030E+00 9.707E-01
  2.990096E+00 1.184E+00
  2.990130E+00 1.322E+00
  2.990162E+00 1.488E+00
  2.990195E+00 1.693E+00
  2.990228E+00 1.947E+00
  2.990261E+00 2.270E+00
  2.990294E+00 2.690E+00
  2.990326E+00 3.249E+00
  2.990359E+00 4.019E+00
  2.990391E+00 5.122E+00
  2.990424E+00 6.782E+00
  2.990456E+00 9.442E+00
  2.990488E+00 1.407E+01
  2.990520E+00 2.295E+01
  2.990552E+00 4.177E+01
  2.990584E+00 7.742E+01
  2.990616E+00 8.869E+01
  2.990648E+00 5.023E+01
  2.990680E+00 2.511E+01
  2.990712E+00 1.385E+01
  2.990744E+00 8.455E+00
  2.990775E+00 5.568E+00
  2.990807E+00 3.877E+00
  2.990838E+00 2.815E+00
  2.990870E+00 2.111E+00
  2.990901E+00 1.623E+00
  2.990932E+00 1.273E+00
  2.990963E+00 1.014E+00
  2.990994E+00 8.188E-01
  2.991025E+00 6.681E-01
  2.991056E+00 5.498E-01
  2.991087E+00 4.556E-01
  2.991118E+00 3.797E-01
  2.991149E+00 3.177E-01
  2.991180E+00 2.666E-01
  2.991210E+00 2.241E-01
  2.991241E+00 1.884E-01
  2.991272E+00 1.579E-01
  2.991302E+00 1.317E-01
  2.991363E+00 8.564E-02
  2.991393E+00 5.662E-02
  2.991423E+00 5.718E-01
  2.991453E+00 8.612E-02
  2.991483E+00 6.311E-02
  2.991513E+00 5.022E-02
  2.991543E+00 4.073E-02
  2.991573E+00 3.316E-02
  2.991603E+00 2.691E-02
  2.991633E+00 2.169E-02
  2.991662E+00 1.731E-02
  2.991692E+00 1.363E-02
  2.991721E+00 1.055E-02
  2.991751E+00 7.990E-03
  2.991780E+00 5.885E-03
  2.991810E+00 4.183E-03
  2.991839E+00 2.838E-03
  2.991868E+00 1.812E-03
  2.991897E+00 1.072E-03
  2.991926E+00 5.903E-04
  2.991956E+00 3.428E-04
  2.991985E+00 3.080E-04
  2.992013E+00 4.677E-04
  2.992042E+00 8.058E-04
  2.992071E+00 1.308E-03
  2.992100E+00 1.964E-03
  2.992128E+00 2.761E-03
  2.992157E+00 3.692E-03
  2.992186E+00 4.750E-03
  2.992243E+00 7.231E-03
  2.992299E+00 1.020E-02
  2.992356E+00 1.375E-02
  2.992384E+00 1.583E-02
  2.992412E+00 1.827E-02
  2.992440E+00 2.137E-02
  2.992468E+00 2.615E-02
  2.992496E+00 3.853E-02
  2.992524E+00 6.826E-01
  2.992551E+00 1.095E-02
  2.992579E+00 1.822E-02
  2.992607E+00 2.246E-02
  2.992689E+00 3.315E-02
  2.992717E+00 3.788E-02
  2.992744E+00 4.442E-02
  2.992771E+00 5.449E-02
  2.992799E+00 7.177E-02
  2.992826E+00 1.050E-01
  2.992853E+00 1.780E-01
  2.992880E+00 3.737E-01
  2.992907E+00 1.115E+00
  2.992934E+00 7.656E+00
  2.992961E+00 1.984E+01
  2.992988E+00 2.937E+00
  2.993015E+00 1.284E+00
  2.993041E+00 8.086E-01
  2.993068E+00 6.054E-01
  2.993095E+00 5.001E-01
  2.993121E+00 4.395E-01
  2.993148E+00 4.026E-01
  2.993174E+00 3.797E-01
  2.993227E+00 3.582E-01
  2.993306E+00 3.589E-01
  2.993384E+00 3.827E-01
  2.993488E+00 4.428E-01
  2.993565E+00 5.116E-01
  2.993642E+00 6.088E-01
  2.993718E+00 7.488E-01
  2.993768E+00 8.791E-01
  2.993819E+00 1.055E+00
  2.993869E+00 1.302E+00
  2.993894E+00 1.465E+00
  2.993919E+00 1.665E+00
  2.993944E+00 1.915E+00
  2.993968E+00 2.232E+00
  2.993993E+00 2.643E+00
  2.994018E+00 3.189E+00
  2.994043E+00 3.935E+00
  2.994067E+00 4.989E+00
  2.994092E+00 6.537E+00
  2.994116E+00 8.913E+00
  2.994141E+00 1.273E+01
  2.994165E+00 1.908E+01
  2.994190E+00 2.926E+01
  2.994214E+00 4.154E+01
  2.994238E+00 4.492E+01
  2.994263E+00 3.475E+01
  2.994287E+00 2.300E+01
  2.994311E+00 1.513E+01
  2.994335E+00 1.041E+01
  2.994359E+00 7.530E+00
  2.994383E+00 5.701E+00
  2.994407E+00 4.486E+00
  2.994431E+00 3.648E+00
  2.994455E+00 3.049E+00
  2.994479E+00 2.611E+00
  2.994502E+00 2.282E+00
  2.994526E+00 2.031E+00
  2.994573E+00 1.685E+00
  2.994620E+00 1.472E+00
  2.994667E+00 1.340E+00
  2.994737E+00 1.237E+00
  2.994807E+00 1.210E+00
  2.994899E+00 1.254E+00
  2.994991E+00 1.377E+00
  2.995081E+00 1.581E+00
  2.995171E+00 1.891E+00
  2.995238E+00 2.223E+00
  2.995305E+00 2.682E+00
  2.995371E+00 3.338E+00
  2.995415E+00 3.944E+00
  2.995459E+00 4.758E+00
  2.995503E+00 5.891E+00
  2.995546E+00 7.539E+00
  2.995568E+00 8.663E+00
  2.995589E+00 1.008E+01
  2.995611E+00 1.191E+01
  2.995632E+00 1.433E+01
  2.995654E+00 1.762E+01
  2.995675E+00 2.228E+01
  2.995697E+00 2.916E+01
  2.995718E+00 3.995E+01
  2.995739E+00 5.814E+01
  2.995761E+00 9.182E+01
  2.995782E+00 1.610E+02
  2.995824E+00 4.453E+02
  2.995845E+00 3.076E+02
  2.995867E+00 1.544E+02
  2.995888E+00 8.251E+01
  2.995909E+00 4.901E+01
  2.995930E+00 3.165E+01
  2.995950E+00 2.175E+01
  2.995971E+00 1.565E+01
  2.995992E+00 1.166E+01
  2.996013E+00 8.929E+00
  2.996034E+00 6.986E+00
  2.996054E+00 5.562E+00
  2.996075E+00 4.490E+00
  2.996096E+00 3.667E+00
  2.996116E+00 3.023E+00
  2.996137E+00 2.511E+00
  2.996157E+00 2.098E+00
  2.996178E+00 1.762E+00
  2.996198E+00 1.485E+00
  2.996219E+00 1.255E+00
  2.996239E+00 1.061E+00
  2.996259E+00 8.967E-01
  2.996300E+00 6.289E-01
  2.996320E+00 5.082E-01
  2.996340E+00 3.413E-01
  2.996361E+00 7.469E-01
  2.996381E+00 4.238E-01
  2.996401E+00 3.354E-01
  2.996421E+00 2.748E-01
  2.996441E+00 2.269E-01
  2.996461E+00 1.871E-01
  2.996481E+00 1.536E-01
  2.996500E+00 1.250E-01
  2.996520E+00 1.007E-01
  2.996540E+00 8.006E-02
  2.996560E+00 6.253E-02
  2.996580E+00 4.778E-02
  2.996599E+00 3.548E-02
  2.996619E+00 2.537E-02
  2.996639E+00 1.724E-02
  2.996658E+00 1.088E-02
  2.996678E+00 6.142E-03
  2.996697E+00 2.874E-03
  2.996717E+00 9.578E-04
  2.996736E+00 2.875E-04
  2.996755E+00 7.721E-04
  2.996775E+00 2.333E-03
  2.996794E+00 4.904E-03
  2.996813E+00 8.427E-03
  2.996833E+00 1.286E-02
  2.996852E+00 1.816E-02
  2.996871E+00 2.430E-02
  2.996890E+00 3.128E-02
  2.996909E+00 3.909E-02
  2.996947E+00 5.735E-02
  2.996985E+00 7.984E-02
  2.997004E+00 9.335E-02
  2.997023E+00 1.094E-01
  2.997042E+00 1.298E-01
  2.997061E+00 1.611E-01
  2.997080E+00 2.369E-01
  2.997098E+00 1.694E+01
  2.997117E+00 5.788E-02
  2.997136E+00 1.126E-01
  2.997154E+00 1.456E-01
  2.997192E+00 2.055E-01
  2.997210E+00 2.427E-01
  2.997229E+00 2.927E-01
  2.997247E+00 3.666E-01
  2.997266E+00 4.868E-01
  2.997284E+00 7.036E-01
  2.997302E+00 1.145E+00
  2.997321E+00 2.206E+00
  2.997339E+00 5.538E+00
  2.997357E+00 2.388E+01
  2.997376E+00 3.514E+02
  2.997394E+00 3.999E+01
  2.997412E+00 1.294E+01
  2.997430E+00 7.189E+00
  2.997448E+00 5.028E+00
  2.997466E+00 3.983E+00
  2.997484E+00 3.406E+00
  2.997502E+00 3.062E+00
  2.997520E+00 2.853E+00
  2.997538E+00 2.726E+00
  2.997574E+00 2.624E+00
  2.997628E+00 2.693E+00
  2.997681E+00 2.934E+00
  2.997734E+00 3.325E+00
  2.997786E+00 3.886E+00
  2.997838E+00 4.676E+00
  2.997873E+00 5.381E+00
  2.997908E+00 6.290E+00
  2.997942E+00 7.487E+00
  2.997977E+00 9.110E+00
  2.998011E+00 1.139E+01
  2.998028E+00 1.289E+01
  2.998045E+00 1.474E+01
  2.998062E+00 1.704E+01
  2.998079E+00 1.996E+01
  2.998096E+00 2.374E+01
  2.998113E+00 2.874E+01
  2.998130E+00 3.555E+01
  2.998146E+00 4.512E+01
  2.998163E+00 5.907E+01
  2.998180E+00 8.033E+01
  2.998197E+00 1.143E+02
  2.998213E+00 1.708E+02
  2.998230E+00 2.649E+02
  2.998247E+00 3.980E+02
  2.998263E+00 4.850E+02
  2.998280E+00 4.161E+02
  2.998297E+00 2.855E+02
  2.998313E+00 1.883E+02
  2.998330E+00 1.289E+02
  2.998346E+00 9.282E+01
  2.998363E+00 7.014E+01
  2.998379E+00 5.524E+01
  2.998396E+00 4.503E+01
  2.998412E+00 3.781E+01
  2.998428E+00 3.256E+01
  2.998445E+00 2.865E+01
  2.998461E+00 2.570E+01
  2.998477E+00 2.344E+01
  2.998493E+00 2.171E+01
  2.998526E+00 1.935E+01
  2.998558E+00 1.801E+01
  2.998606E+00 1.725E+01
  2.998654E+00 1.755E+01
  2.998702E+00 1.869E+01
  2.998765E+00 2.152E+01
  2.998828E+00 2.610E+01
  2.998875E+00 3.109E+01
  2.998921E+00 3.800E+01
  2.998952E+00 4.409E+01
  2.998983E+00 5.181E+01
  2.999013E+00 6.176E+01
  2.999044E+00 7.482E+01
  2.999074E+00 9.234E+01
  2.999090E+00 1.034E+02
  2.999105E+00 1.165E+02
  2.999120E+00 1.322E+02
  2.999135E+00 1.511E+02
  2.999150E+00 1.742E+02
  2.999165E+00 2.028E+02
  2.999180E+00 2.387E+02
  2.999195E+00 2.846E+02
  2.999210E+00 3.445E+02
  2.999225E+00 4.246E+02
  2.999240E+00 5.347E+02
  2.999255E+00 6.918E+02
  2.999270E+00 9.256E+02
  2.999285E+00 1.293E+03
  2.999300E+00 1.914E+03
  2.999314E+00 3.060E+03
  2.999329E+00 5.410E+03
  2.999344E+00 1.051E+04
  2.999359E+00 1.773E+04
  2.999373E+00 1.489E+04
  2.999388E+00 7.935E+03
  2.999403E+00 4.316E+03
  2.999417E+00 2.612E+03
  2.999432E+00 1.729E+03
  2.999447E+00 1.225E+03
  2.999461E+00 9.119E+02
  2.999476E+00 7.056E+02
  2.999490E+00 5.627E+02
  2.999505E+00 4.597E+02
  2.999519E+00 3.830E+02
  2.999533E+00 3.244E+02
  2.999548E+00 2.786E+02
  2.999562E+00 2.421E+02
  2.999591E+00 1.881E+02
  2.999605E+00 1.678E+02
  2.999634E+00 1.360E+02
  2.999662E+00 1.123E+02
  2.999705E+00 8.289E+01
  2.999719E+00 6.407E+01
  2.999733E+00 1.078E+02
  2.999747E+00 8.194E+01
  2.999761E+00 7.389E+01
  2.999789E+00 6.389E+01
  2.999831E+00 5.364E+01
  2.999886E+00 4.406E+01
  2.999955E+00 3.581E+01
  3.000024E+00 3.013E+01
  3.000091E+00 2.608E+01
  3.000158E+00 2.366E+01
  3.000185E+00 2.344E+01
  3.000198E+00 2.370E+01
  3.000212E+00 2.452E+01
  3.000225E+00 2.667E+01
  3.000238E+00 3.426E+01
  3.000252E+00 5.702E+02
  3.000265E+00 6.508E+00
  3.000278E+00 1.199E+01
  3.000291E+00 1.423E+01
  3.000317E+00 1.716E+01
  3.000330E+00 1.896E+01
  3.000344E+00 2.159E+01
  3.000357E+00 2.577E+01
  3.000370E+00 3.295E+01
  3.000383E+00 4.634E+01
  3.000396E+00 7.434E+01
  3.000409E+00 1.448E+02
  3.000422E+00 3.946E+02
  3.000435E+00 2.457E+03
  3.000447E+00 5.461E+03
  3.000460E+00 7.469E+02
  3.000473E+00 2.975E+02
  3.000486E+00 1.712E+02
  3.000499E+00 1.177E+02
  3.000512E+00 8.978E+01
  3.000524E+00 7.317E+01
  3.000537E+00 6.242E+01
  3.000550E+00 5.502E+01
  3.000563E+00 4.969E+01
  3.000575E+00 4.573E+01
  3.000601E+00 4.036E+01
  3.000626E+00 3.707E+01
  3.000664E+00 3.433E+01
  3.000714E+00 3.315E+01
  3.000763E+00 3.405E+01
  3.000813E+00 3.717E+01
  3.000850E+00 4.160E+01
  3.000886E+00 4.902E+01
  3.000911E+00 5.676E+01
  3.000935E+00 6.835E+01
  3.000947E+00 7.640E+01
  3.000959E+00 8.668E+01
  3.000971E+00 1.001E+02
  3.000983E+00 1.180E+02
  3.000995E+00 1.425E+02
  3.001007E+00 1.775E+02
  3.001019E+00 2.291E+02
  3.001031E+00 3.090E+02
  3.001043E+00 4.380E+02
  3.001055E+00 6.488E+02
  3.001067E+00 9.569E+02
  3.001079E+00 1.207E+03
  3.001091E+00 1.084E+03
  3.001103E+00 7.388E+02
  3.001114E+00 4.666E+02
  3.001126E+00 3.027E+02
  3.001138E+00 2.066E+02
  3.001150E+00 1.482E+02
  3.001162E+00 1.111E+02
  3.001173E+00 8.628E+01
  3.001185E+00 6.913E+01
  3.001197E+00 5.686E+01
  3.001208E+00 4.785E+01
  3.001220E+00 4.106E+01
  3.001232E+00 3.586E+01
  3.001243E+00 3.180E+01
  3.001255E+00 2.859E+01
  3.001278E+00 2.395E+01
  3.001301E+00 2.089E+01
  3.001324E+00 1.882E+01
  3.001359E+00 1.690E+01
  3.001404E+00 1.572E+01
  3.001450E+00 1.553E+01
  3.001506E+00 1.636E+01
  3.001551E+00 1.789E+01
  3.001595E+00 2.045E+01
  3.001628E+00 2.338E+01
  3.001661E+00 2.771E+01
  3.001683E+00 3.181E+01
  3.001705E+00 3.744E+01
  3.001727E+00 4.550E+01
  3.001738E+00 5.091E+01
  3.001759E+00 6.622E+01
  3.001770E+00 7.736E+01
  3.001781E+00 9.225E+01
  3.001792E+00 1.128E+02
  3.001802E+00 1.424E+02
  3.001813E+00 1.873E+02
  3.001824E+00 2.601E+02
  3.001835E+00 3.883E+02
  3.001845E+00 6.382E+02
  3.001856E+00 1.159E+03
  3.001867E+00 1.954E+03
  3.001877E+00 1.754E+03
  3.001888E+00 9.083E+02
  3.001898E+00 4.593E+02
  3.001909E+00 2.576E+02
  3.001920E+00 1.584E+02
  3.001930E+00 1.044E+02
  3.001941E+00 7.244E+01
  3.001951E+00 5.224E+01
  3.001962E+00 3.881E+01
  3.001972E+00 2.952E+01
  3.001983E+00 2.289E+01
  3.001993E+00 1.801E+01
  3.002004E+00 1.435E+01
  3.002014E+00 1.156E+01
  3.002025E+00 9.383E+00
  3.002035E+00 7.671E+00
  3.002045E+00 6.307E+00
  3.002056E+00 5.208E+00
  3.002066E+00 4.314E+00
  3.002076E+00 3.582E+00
  3.002097E+00 2.472E+00
  3.012299E+00 3.542E+00
  3.016417E+00 1.976E+00
  3.020489E+00 1.262E+00
  3.024516E+00 8.780E-01
  3.028499E+00 6.477E-01
  3.032438E+00 4.989E-01
  3.036334E+00 3.971E-01
  3.040188E+00 3.244E-01
  3.044000E+00 2.706E-01
  3.047771E+00 2.297E-01
  3.051501E+00 1.978E-01
  3.055192E+00 1.725E-01
  3.058843E+00 1.520E-01
  3.066029E+00 1.212E-01
  3.073063E+00 9.938E-02
  3.079951E+00 8.338E-02
  3.090016E+00 6.624E-02
  3.099773E+00 5.431E-02
  3.109234E+00 4.564E-02
  3.121409E+00 3.730E-02
  3.135958E+00 3.010E-02
  3.152497E+00 2.427E-02
  3.170620E+00 1.970E-02
  3.192228E+00 1.584E-02
  3.216326E+00 1.284E-02
  3.241930E+00 1.064E-02
  3.264836E+00 9.385E-03
  3.279307E+00 9.099E-03
  3.288387E+00 9.452E-03
  3.292767E+00 1.004E-02
  3.295630E+00 1.078E-02
  3.297045E+00 1.136E-02
  3.298448E+00 1.217E-02
  3.299841E+00 1.335E-02
  3.301223E+00 1.512E-02
  3.302595E+00 1.775E-02
  3.303956E+00 2.105E-02
  3.305306E+00 2.296E-02
  3.306646E+00 2.144E-02
  3.307976E+00 1.886E-02
  3.309296E+00 1.733E-02
  3.310605E+00 1.695E-02
  3.311905E+00 1.742E-02
  3.313195E+00 1.854E-02
  3.314475E+00 2.029E-02
  3.315746E+00 2.272E-02
  3.317007E+00 2.595E-02
  3.318258E+00 3.020E-02
  3.319501E+00 3.570E-02
  3.320734E+00 4.271E-02
  3.321958E+00 5.134E-02
  3.324378E+00 7.122E-02
  3.325575E+00 7.903E-02
  3.326763E+00 8.222E-02
  3.327943E+00 7.980E-02
  3.329113E+00 7.299E-02
  3.331429E+00 5.528E-02
  3.332575E+00 4.736E-02
  3.333712E+00 4.071E-02
  3.334841E+00 3.529E-02
  3.335961E+00 3.091E-02
  3.337074E+00 2.737E-02
  3.338179E+00 2.450E-02
  3.340364E+00 2.021E-02
  3.342519E+00 1.724E-02
  3.345694E+00 1.428E-02
  3.348802E+00 1.235E-02
  3.352846E+00 1.070E-02
  3.357745E+00 9.467E-03
  3.363407E+00 8.735E-03
  3.367951E+00 8.680E-03
  3.371479E+00 9.146E-03
  3.374064E+00 9.972E-03
  3.376598E+00 1.138E-02
  3.379900E+00 1.414E-02
  3.382321E+00 1.628E-02
  3.383909E+00 1.693E-02
  3.384695E+00 1.673E-02
  3.385477E+00 1.611E-02
  3.389309E+00 1.094E-02
  3.390809E+00 9.490E-03
  3.393022E+00 8.086E-03
  3.395910E+00 7.007E-03
  3.400109E+00 6.123E-03
  3.406126E+00 5.418E-03
  3.415457E+00 4.809E-03
  3.424548E+00 4.548E-03
  3.429822E+00 4.644E-03
  3.432848E+00 4.922E-03
  3.434811E+00 5.338E-03
  3.436255E+00 5.939E-03
  3.437204E+00 6.648E-03
  3.437675E+00 7.173E-03
  3.438144E+00 7.879E-03
  3.438610E+00 8.839E-03
  3.439073E+00 1.013E-02
  3.439992E+00 1.336E-02
  3.440448E+00 1.415E-02
  3.440902E+00 1.346E-02
  3.441802E+00 1.016E-02
  3.442248E+00 8.948E-03
  3.442692E+00 8.166E-03
  3.443134E+00 7.708E-03
  3.443573E+00 7.477E-03
  3.444444E+00 7.455E-03
  3.445307E+00 7.831E-03
  3.446160E+00 8.535E-03
  3.447005E+00 9.606E-03
  3.447841E+00 1.118E-02
  3.448256E+00 1.223E-02
  3.448668E+00 1.352E-02
  3.449078E+00 1.513E-02
  3.449487E+00 1.715E-02
  3.449893E+00 1.973E-02
  3.450297E+00 2.302E-02
  3.450699E+00 2.723E-02
  3.451099E+00 3.252E-02
  3.451893E+00 4.554E-02
  3.452287E+00 5.115E-02
  3.452679E+00 5.375E-02
  3.453068E+00 5.257E-02
  3.453842E+00 4.449E-02
  3.454226E+00 4.148E-02
  3.454608E+00 4.259E-02
  3.454988E+00 9.275E-02
  3.455367E+00 3.069E-02
  3.455743E+00 2.572E-02
  3.456490E+00 2.725E-02
  3.457229E+00 3.048E-02
  3.457962E+00 3.560E-02
  3.458687E+00 4.306E-02
  3.459404E+00 5.361E-02
  3.459761E+00 6.036E-02
  3.460115E+00 6.829E-02
  3.460468E+00 7.759E-02
  3.461168E+00 1.009E-01
  3.461862E+00 1.308E-01
  3.463229E+00 1.990E-01
  3.463566E+00 2.196E-01
  3.463902E+00 3.927E-01
  3.464237E+00 1.795E-01
  3.464569E+00 1.824E-01
  3.464900E+00 1.756E-01
  3.466854E+00 1.049E-01
  3.467493E+00 8.687E-02
  3.468126E+00 7.265E-02
  3.469064E+00 5.691E-02
  3.469989E+00 4.587E-02
  3.470901E+00 3.793E-02
  3.472097E+00 3.045E-02
  3.473272E+00 2.523E-02
  3.474709E+00 2.065E-02
  3.476392E+00 1.690E-02
  3.478298E+00 1.398E-02
  3.480404E+00 1.184E-02
  3.482186E+00 1.076E-02
  3.483671E+00 1.052E-02
  3.484640E+00 1.089E-02
  3.485355E+00 1.162E-02
  3.486061E+00 1.297E-02
  3.486759E+00 1.521E-02
  3.487447E+00 1.864E-02
  3.488127E+00 2.333E-02
  3.488798E+00 2.845E-02
  3.489240E+00 3.057E-02
  3.489460E+00 3.067E-02
  3.489679E+00 2.998E-02
  3.490115E+00 2.672E-02
  3.490975E+00 1.854E-02
  3.491399E+00 1.548E-02
  3.491820E+00 1.316E-02
  3.492445E+00 1.071E-02
  3.493063E+00 9.043E-03
  3.493874E+00 7.507E-03
  3.494870E+00 6.061E-03
  3.495067E+00 5.675E-03
  3.495263E+00 4.743E-03
  3.495458E+00 8.274E-03
  3.495652E+00 6.325E-03
  3.495846E+00 5.906E-03
  3.496422E+00 5.314E-03
  3.497554E+00 4.644E-03
  3.499022E+00 4.140E-03
  3.500269E+00 3.993E-03
  3.501311E+00 4.133E-03
  3.502161E+00 4.527E-03
  3.502829E+00 5.129E-03
  3.503324E+00 5.857E-03
  3.503812E+00 6.984E-03
  3.504135E+00 7.755E-03
  3.504456E+00 7.893E-03
  3.504615E+00 8.266E-03
  3.504932E+00 9.637E-03
  3.505247E+00 1.156E-02
  3.505559E+00 1.413E-02
  3.505868E+00 1.762E-02
  3.506022E+00 1.984E-02
  3.506176E+00 2.246E-02
  3.506329E+00 2.555E-02
  3.506633E+00 3.338E-02
  3.507234E+00 5.347E-02
  3.507383E+00 5.743E-02
  3.507532E+00 6.001E-02
  3.507827E+00 6.126E-02
  3.507974E+00 6.126E-02
  3.508120E+00 6.283E-02
  3.508266E+00 7.109E-02
  3.508411E+00 1.326E-01
  3.508556E+00 2.425E-01
  3.508700E+00 5.385E-01
  3.508843E+00 6.076E-02
  3.508986E+00 5.340E-02
  3.509129E+00 5.390E-02
  3.509271E+00 5.664E-02
  3.509413E+00 6.091E-02
  3.509554E+00 6.673E-02
  3.509694E+00 7.440E-02
  3.509834E+00 8.450E-02
  3.509974E+00 9.804E-02
  3.510113E+00 1.167E-01
  3.510251E+00 1.439E-01
  3.510389E+00 1.864E-01
  3.510527E+00 2.600E-01
  3.510664E+00 4.054E-01
  3.510800E+00 6.731E-01
  3.510936E+00 5.302E-01
  3.511072E+00 1.209E-01
  3.511207E+00 2.366E-02
  3.511341E+00 1.365E-02
  3.511475E+00 2.407E-02
  3.511609E+00 4.073E-02
  3.511742E+00 6.023E-02
  3.512007E+00 1.042E-01
  3.512139E+00 1.267E-01
  3.512270E+00 1.458E-01
  3.512401E+00 1.529E-01
  3.512531E+00 1.307E-01
  3.512661E+00 6.608E-02
  3.512791E+00 2.629E-02
  3.512920E+00 8.293E-02
  3.513048E+00 1.682E-01
  3.513176E+00 2.347E-01
  3.513304E+00 2.779E-01
  3.513431E+00 3.020E-01
  3.513558E+00 3.115E-01
  3.513684E+00 3.103E-01
  3.513935E+00 2.882E-01
  3.514679E+00 1.903E-01
  3.515045E+00 1.531E-01
  3.515407E+00 1.251E-01
  3.515765E+00 1.041E-01
  3.516238E+00 8.372E-02
  3.516704E+00 6.929E-02
  3.517277E+00 5.666E-02
  3.517841E+00 4.814E-02
  3.518396E+00 4.272E-02
  3.518941E+00 4.023E-02
  3.519371E+00 4.071E-02
  3.519795E+00 4.382E-02
  3.520421E+00 5.239E-02
  3.521035E+00 6.394E-02
  3.521136E+00 8.029E-02
  3.521237E+00 9.915E-02
  3.521337E+00 7.636E-02
  3.521736E+00 6.293E-02
  3.522130E+00 4.607E-02
  3.522421E+00 3.638E-02
  3.522711E+00 2.955E-02
  3.522997E+00 2.468E-02
  3.523375E+00 2.006E-02
  3.523840E+00 1.602E-02
  3.524389E+00 1.255E-02
  3.525016E+00 9.561E-03
  3.525630E+00 7.267E-03
  3.526316E+00 5.240E-03
  3.526569E+00 4.490E-03
  3.526652E+00 5.098E-03
  3.526736E+00 7.700E-03
  3.526819E+00 5.244E-03
  3.526902E+00 4.783E-03
  3.527067E+00 4.395E-03
  3.527232E+00 4.201E-03
  3.527313E+00 4.177E-03
  3.527395E+00 4.338E-03
  3.527476E+00 5.277E-03
  3.527557E+00 9.949E-03
  3.527638E+00 4.644E-02
  3.527718E+00 5.801E-02
  3.527799E+00 1.916E-02
  3.527879E+00 1.275E-02
  3.527959E+00 1.106E-02
  3.528038E+00 1.071E-02
  3.528117E+00 1.097E-02
  3.528197E+00 1.161E-02
  3.528275E+00 1.258E-02
  3.528354E+00 1.387E-02
  3.528432E+00 1.552E-02
  3.528511E+00 1.758E-02
  3.528588E+00 2.014E-02
  3.528666E+00 2.333E-02
  3.528744E+00 2.728E-02
  3.528821E+00 3.217E-02
  3.528898E+00 3.819E-02
  3.528975E+00 4.546E-02
  3.529127E+00 6.337E-02
  3.529279E+00 8.120E-02
  3.529355E+00 8.715E-02
  3.529431E+00 9.016E-02
  3.529655E+00 8.967E-02
  3.529730E+00 9.072E-02
  3.529804E+00 9.477E-02
  3.529878E+00 1.047E-01
  3.529952E+00 1.307E-01
  3.530026E+00 2.441E-01
  3.530100E+00 3.217E+00
  3.530173E+00 2.181E-01
  3.530246E+00 1.356E-01
  3.530319E+00 1.345E-01
  3.530391E+00 1.484E-01
  3.530464E+00 1.705E-01
  3.530536E+00 2.010E-01
  3.530608E+00 2.420E-01
  3.530680E+00 2.974E-01
  3.530751E+00 3.734E-01
  3.530823E+00 4.786E-01
  3.530894E+00 6.221E-01
  3.530965E+00 8.001E-01
  3.531035E+00 9.528E-01
  3.531106E+00 9.326E-01
  3.531176E+00 6.861E-01
  3.531246E+00 3.950E-01
  3.531316E+00 1.937E-01
  3.531386E+00 8.275E-02
  3.531456E+00 3.015E-02
  3.531525E+00 1.286E-02
  3.531594E+00 1.837E-02
  3.531663E+00 4.041E-02
  3.531732E+00 7.581E-02
  3.531800E+00 1.224E-01
  3.531869E+00 1.775E-01
  3.532005E+00 2.959E-01
  3.532073E+00 3.468E-01
  3.532140E+00 3.841E-01
  3.532208E+00 4.045E-01
  3.532275E+00 4.082E-01
  3.532342E+00 3.981E-01
  3.532475E+00 3.525E-01
  3.532740E+00 2.391E-01
  3.532937E+00 1.672E-01
  3.533131E+00 1.074E-01
  3.533196E+00 8.970E-02
  3.533261E+00 7.399E-02
  3.533325E+00 6.285E-02
  3.533389E+00 6.446E-02
  3.533453E+00 1.062E-01
  3.533516E+00 2.816E-01
  3.533580E+00 7.572E-01
  3.533643E+00 1.008E+00
  3.533707E+00 7.594E-01
  3.533770E+00 5.454E-01
  3.533832E+00 4.187E-01
  3.533895E+00 3.410E-01
  3.533958E+00 2.898E-01
  3.534020E+00 2.538E-01
  3.534082E+00 2.272E-01
  3.534144E+00 2.067E-01
  3.534267E+00 1.773E-01
  3.534451E+00 1.498E-01
  3.534634E+00 1.333E-01
  3.534815E+00 1.239E-01
  3.535054E+00 1.203E-01
  3.535290E+00 1.263E-01
  3.535812E+00 1.554E-01
  3.536097E+00 1.687E-01
  3.536210E+00 1.804E-01
  3.536266E+00 1.903E-01
  3.536322E+00 2.250E-01
  3.536378E+00 8.575E-01
  3.536434E+00 2.370E-01
  3.536490E+00 2.244E-01
  3.536600E+00 2.158E-01
  3.536711E+00 1.974E-01
  3.536984E+00 1.360E-01
  3.537146E+00 1.084E-01
  3.537307E+00 8.874E-02
  3.537466E+00 7.465E-02
  3.537677E+00 6.131E-02
  3.537937E+00 4.980E-02
  3.538245E+00 4.032E-02
  3.538549E+00 3.380E-02
  3.538798E+00 3.033E-02
  3.538946E+00 2.946E-02
  3.539142E+00 3.027E-02
  3.539190E+00 2.956E-02
  3.539239E+00 3.146E-02
  3.539287E+00 3.788E-02
  3.539335E+00 4.970E-02
  3.539383E+00 5.455E-02
  3.539431E+00 1.681E-02
  3.539479E+00 6.044E-03
  3.539527E+00 6.483E-03
  3.539717E+00 1.315E-02
  3.539764E+00 1.531E-02
  3.539858E+00 2.032E-02
  3.539904E+00 1.871E-02
  3.539951E+00 1.181E-02
  3.539998E+00 6.641E-03
  3.540044E+00 4.878E-03
  3.540090E+00 4.726E-03
  3.540137E+00 5.190E-03
  3.540183E+00 5.918E-03
  3.540229E+00 6.806E-03
  3.540275E+00 7.834E-03
  3.540366E+00 1.039E-02
  3.540411E+00 1.200E-02
  3.540457E+00 1.390E-02
  3.540502E+00 1.616E-02
  3.540547E+00 1.887E-02
  3.540592E+00 2.215E-02
  3.540637E+00 2.614E-02
  3.540682E+00 3.103E-02
  3.540727E+00 3.709E-02
  3.540772E+00 4.461E-02
  3.540816E+00 5.402E-02
  3.540860E+00 6.577E-02
  3.540905E+00 8.033E-02
  3.540949E+00 9.799E-02
  3.541081E+00 1.619E-01
  3.541125E+00 1.791E-01
  3.541168E+00 1.901E-01
  3.541255E+00 1.972E-01
  3.541342E+00 2.042E-01
  3.541385E+00 2.153E-01
  3.541428E+00 2.367E-01
  3.541471E+00 2.786E-01
  3.541514E+00 3.773E-01
  3.541556E+00 7.859E-01
  3.541599E+00 1.184E+01
  3.541641E+00 9.593E-01
  3.541684E+00 5.090E-01
  3.541726E+00 4.893E-01
  3.541768E+00 5.488E-01
  3.541810E+00 6.535E-01
  3.541852E+00 8.047E-01
  3.541894E+00 1.014E+00
  3.541936E+00 1.294E+00
  3.542019E+00 2.006E+00
  3.542061E+00 2.207E+00
  3.542102E+00 2.055E+00
  3.542143E+00 1.594E+00
  3.542184E+00 1.077E+00
  3.542226E+00 6.664E-01
  3.542267E+00 3.856E-01
  3.542307E+00 2.064E-01
  3.542348E+00 9.863E-02
  3.542389E+00 4.209E-02
  3.542429E+00 2.557E-02
  3.542470E+00 4.425E-02
  3.542510E+00 9.741E-02
  3.542551E+00 1.860E-01
  3.542591E+00 3.096E-01
  3.542631E+00 4.620E-01
  3.542671E+00 6.270E-01
  3.542711E+00 7.793E-01
  3.542751E+00 8.924E-01
  3.542790E+00 9.508E-01
  3.542830E+00 9.554E-01
  3.542870E+00 9.191E-01
  3.542988E+00 7.106E-01
  3.543105E+00 5.087E-01
  3.543221E+00 3.549E-01
  3.543298E+00 2.734E-01
  3.543375E+00 2.057E-01
  3.543413E+00 1.783E-01
  3.543452E+00 1.586E-01
  3.543490E+00 1.545E-01
  3.543528E+00 1.858E-01
  3.543566E+00 3.065E-01
  3.543603E+00 6.638E-01
  3.543641E+00 1.532E+00
  3.543679E+00 2.490E+00
  3.543716E+00 2.292E+00
  3.543754E+00 1.699E+00
  3.543791E+00 1.277E+00
  3.543828E+00 1.013E+00
  3.543866E+00 8.428E-01
  3.543903E+00 7.271E-01
  3.543940E+00 6.448E-01
  3.543977E+00 5.841E-01
  3.544050E+00 5.029E-01
  3.544124E+00 4.544E-01
  3.544233E+00 4.187E-01
  3.544341E+00 4.148E-01
  3.544449E+00 4.372E-01
  3.544698E+00 5.315E-01
  3.544838E+00 5.434E-01
  3.544977E+00 5.543E-01
  3.545046E+00 5.842E-01
  3.545115E+00 6.453E-01
  3.545149E+00 7.157E-01
  3.545183E+00 1.720E+00
  3.545217E+00 9.895E-01
  3.545251E+00 7.835E-01
  3.545353E+00 7.267E-01
  3.545454E+00 6.121E-01
  3.545588E+00 4.526E-01
  3.545687E+00 3.664E-01
  3.545786E+00 3.055E-01
  3.545884E+00 2.620E-01
  3.546013E+00 2.218E-01
  3.546174E+00 1.898E-01
  3.546332E+00 1.724E-01
  3.546427E+00 1.697E-01
  3.546521E+00 1.769E-01
  3.546583E+00 1.930E-01
  3.546614E+00 2.075E-01
  3.546676E+00 2.487E-01
  3.546706E+00 2.524E-01
  3.546768E+00 1.935E-01
  3.546798E+00 1.830E-01
  3.546829E+00 1.916E-01
  3.546859E+00 2.178E-01
  3.546890E+00 2.671E-01
  3.546920E+00 3.556E-01
  3.546950E+00 4.980E-01
  3.546980E+00 5.563E-01
  3.547011E+00 3.017E-01
  3.547041E+00 1.065E-01
  3.547071E+00 3.765E-02
  3.547101E+00 1.576E-02
  3.547130E+00 9.519E-03
  3.547160E+00 9.001E-03
  3.547190E+00 1.093E-02
  3.547220E+00 1.428E-02
  3.547249E+00 1.900E-02
  3.547279E+00 2.570E-02
  3.547308E+00 3.563E-02
  3.547338E+00 4.933E-02
  3.547367E+00 5.654E-02
  3.547396E+00 3.722E-02
  3.547426E+00 1.580E-02
  3.547455E+00 6.975E-03
  3.547484E+00 4.537E-03
  3.547513E+00 4.549E-03
  3.547542E+00 5.590E-03
  3.547571E+00 7.174E-03
  3.547600E+00 9.150E-03
  3.547628E+00 1.150E-02
  3.547657E+00 1.425E-02
  3.547686E+00 1.748E-02
  3.547714E+00 2.130E-02
  3.547743E+00 2.583E-02
  3.547772E+00 3.124E-02
  3.547800E+00 3.774E-02
  3.547828E+00 4.559E-02
  3.547857E+00 5.516E-02
  3.547885E+00 6.689E-02
  3.547913E+00 8.139E-02
  3.547941E+00 9.945E-02
  3.547969E+00 1.221E-01
  3.547997E+00 1.506E-01
  3.548025E+00 1.864E-01
  3.548053E+00 2.312E-01
  3.548081E+00 2.855E-01
  3.548164E+00 4.792E-01
  3.548192E+00 5.298E-01
  3.548219E+00 5.634E-01
  3.548302E+00 6.179E-01
  3.548329E+00 6.523E-01
  3.548356E+00 7.120E-01
  3.548383E+00 8.158E-01
  3.548410E+00 1.012E+00
  3.548438E+00 1.488E+00
  3.548465E+00 3.673E+00
  3.548492E+00 5.777E+01
  3.548518E+00 3.948E+00
  3.548545E+00 2.164E+00
  3.548572E+00 2.085E+00
  3.548599E+00 2.371E+00
  3.548626E+00 2.883E+00
  3.548652E+00 3.624E+00
  3.548679E+00 4.614E+00
  3.548705E+00 5.780E+00
  3.548732E+00 6.789E+00
  3.548758E+00 7.022E+00
  3.548785E+00 6.141E+00
  3.548837E+00 3.155E+00
  3.548863E+00 2.032E+00
  3.548889E+00 1.252E+00
  3.548916E+00 7.312E-01
  3.548942E+00 3.957E-01
  3.548968E+00 1.956E-01
  3.548993E+00 1.041E-01
  3.549019E+00 1.112E-01
  3.549045E+00 2.199E-01
  3.549071E+00 4.417E-01
  3.549097E+00 7.888E-01
  3.549122E+00 1.260E+00
  3.549173E+00 2.384E+00
  3.549199E+00 2.836E+00
  3.549224E+00 3.091E+00
  3.549250E+00 3.134E+00
  3.549275E+00 3.012E+00
  3.549401E+00 1.796E+00
  3.549451E+00 1.407E+00
  3.549501E+00 1.096E+00
  3.549551E+00 8.446E-01
  3.549575E+00 7.395E-01
  3.549600E+00 6.503E-01
  3.549625E+00 5.829E-01
  3.549649E+00 5.521E-01
  3.549674E+00 5.911E-01
  3.549698E+00 7.776E-01
  3.549723E+00 1.300E+00
  3.549747E+00 2.602E+00
  3.549771E+00 5.335E+00
  3.549796E+00 8.400E+00
  3.549820E+00 8.415E+00
  3.549844E+00 6.638E+00
  3.549868E+00 5.104E+00
  3.549892E+00 4.075E+00
  3.549916E+00 3.396E+00
  3.549940E+00 2.933E+00
  3.549964E+00 2.607E+00
  3.549988E+00 2.372E+00
  3.550012E+00 2.199E+00
  3.550060E+00 1.980E+00
  3.550107E+00 1.875E+00
  3.550178E+00 1.869E+00
  3.550248E+00 2.008E+00
  3.550387E+00 2.464E+00
  3.550457E+00 2.539E+00
  3.550571E+00 2.491E+00
  3.550616E+00 2.557E+00
  3.550661E+00 2.739E+00
  3.550684E+00 2.887E+00
  3.550706E+00 3.101E+00
  3.550729E+00 3.540E+00
  3.550751E+00 1.146E+01
  3.550773E+00 4.601E+00
  3.550796E+00 3.714E+00
  3.550862E+00 3.464E+00
  3.550929E+00 2.939E+00
  3.551016E+00 2.215E+00
  3.551082E+00 1.825E+00
  3.551147E+00 1.552E+00
  3.551233E+00 1.312E+00
  3.551318E+00 1.166E+00
  3.551403E+00 1.091E+00
  3.551487E+00 1.090E+00
  3.551529E+00 1.132E+00
  3.551570E+00 1.226E+00
  3.551591E+00 1.305E+00
  3.551612E+00 1.417E+00
  3.551633E+00 1.571E+00
  3.551674E+00 1.947E+00
  3.551694E+00 1.978E+00
  3.551715E+00 1.784E+00
  3.551735E+00 1.532E+00
  3.551756E+00 1.381E+00
  3.551776E+00 1.354E+00
  3.551797E+00 1.438E+00
  3.551817E+00 1.640E+00
  3.551837E+00 2.006E+00
  3.551857E+00 2.646E+00
  3.551878E+00 3.721E+00
  3.551898E+00 4.914E+00
  3.551918E+00 4.158E+00
  3.551938E+00 2.041E+00
  3.551958E+00 8.563E-01
  3.551978E+00 3.695E-01
  3.551998E+00 1.681E-01
  3.552018E+00 8.157E-02
  3.552038E+00 4.522E-02
  3.552058E+00 3.297E-02
  3.552078E+00 3.393E-02
  3.552097E+00 4.403E-02
  3.552117E+00 6.323E-02
  3.552137E+00 9.525E-02
  3.552157E+00 1.482E-01
  3.552176E+00 2.217E-01
  3.552196E+00 2.315E-01
  3.552215E+00 1.212E-01
  3.552235E+00 4.273E-02
  3.552255E+00 1.326E-02
  3.552274E+00 4.841E-03
  3.552293E+00 4.912E-03
  3.552313E+00 8.965E-03
  3.552332E+00 1.540E-02
  3.552351E+00 2.369E-02
  3.552371E+00 3.380E-02
  3.552390E+00 4.590E-02
  3.552409E+00 6.034E-02
  3.552428E+00 7.757E-02
  3.552448E+00 9.822E-02
  3.552467E+00 1.230E-01
  3.552486E+00 1.530E-01
  3.552505E+00 1.894E-01
  3.552524E+00 2.339E-01
  3.552543E+00 2.886E-01
  3.552562E+00 3.563E-01
  3.552581E+00 4.407E-01
  3.552599E+00 5.469E-01
  3.552618E+00 6.812E-01
  3.552637E+00 8.518E-01
  3.552656E+00 1.068E+00
  3.552674E+00 1.339E+00
  3.552693E+00 1.670E+00
  3.552712E+00 2.052E+00
  3.552749E+00 2.833E+00
  3.552768E+00 3.139E+00
  3.552805E+00 3.521E+00
  3.552841E+00 3.902E+00
  3.552860E+00 4.246E+00
  3.552878E+00 4.800E+00
  3.552896E+00 5.741E+00
  3.552915E+00 7.565E+00
  3.552933E+00 1.240E+01
  3.552951E+00 4.097E+01
  3.552969E+00 2.684E+02
  3.552987E+00 2.666E+01
  3.553006E+00 1.694E+01
  3.553024E+00 1.701E+01
  3.553042E+00 1.986E+01
  3.553060E+00 2.467E+01
  3.553078E+00 3.140E+01
  3.553096E+00 3.951E+01
  3.553114E+00 4.668E+01
  3.553131E+00 4.851E+01
  3.553149E+00 4.268E+01
  3.553185E+00 2.256E+01
  3.553203E+00 1.490E+01
  3.553220E+00 9.508E+00
  3.553238E+00 5.839E+00
  3.553256E+00 3.397E+00
  3.553273E+00 1.855E+00
  3.553291E+00 1.032E+00
  3.553308E+00 8.643E-01
  3.553326E+00 1.382E+00
  3.553344E+00 2.691E+00
  3.553361E+00 4.941E+00
  3.553378E+00 8.238E+00
  3.553396E+00 1.248E+01
  3.553413E+00 1.714E+01
  3.553431E+00 2.129E+01
  3.553448E+00 2.401E+01
  3.553465E+00 2.491E+01
  3.553482E+00 2.427E+01
  3.553500E+00 2.269E+01
  3.553568E+00 1.477E+01
  3.553602E+00 1.166E+01
  3.553636E+00 9.196E+00
  3.553670E+00 7.240E+00
  3.553687E+00 6.447E+00
  3.553704E+00 5.812E+00
  3.553721E+00 5.407E+00
  3.553737E+00 5.395E+00
  3.553754E+00 6.126E+00
  3.553771E+00 8.383E+00
  3.553788E+00 1.394E+01
  3.553804E+00 2.661E+01
  3.553821E+00 5.138E+01
  3.553837E+00 8.015E+01
  3.553854E+00 8.553E+01
  3.553871E+00 7.160E+01
  3.553887E+00 5.693E+01
  3.553904E+00 4.634E+01
  3.553920E+00 3.917E+01
  3.553936E+00 3.428E+01
  3.553953E+00 3.089E+01
  3.553969E+00 2.852E+01
  3.554002E+00 2.577E+01
  3.554034E+00 2.478E+01
  3.554067E+00 2.508E+01
  3.554099E+00 2.649E+01
  3.554147E+00 3.049E+01
  3.554227E+00 3.905E+01
  3.554275E+00 4.171E+01
  3.554354E+00 4.329E+01
  3.554385E+00 4.558E+01
  3.554416E+00 5.023E+01
  3.554432E+00 5.376E+01
  3.554447E+00 5.844E+01
  3.554463E+00 6.547E+01
  3.554478E+00 8.639E+01
  3.554494E+00 9.129E+02
  3.554509E+00 8.330E+01
  3.554525E+00 7.904E+01
  3.554555E+00 7.943E+01
  3.554586E+00 7.622E+01
  3.554677E+00 5.874E+01
  3.554722E+00 5.281E+01
  3.554782E+00 4.866E+01
  3.554842E+00 4.802E+01
  3.554886E+00 4.977E+01
  3.554931E+00 5.389E+01
  3.554975E+00 6.173E+01
  3.555004E+00 7.060E+01
  3.555033E+00 8.500E+01
  3.555047E+00 9.573E+01
  3.555062E+00 1.101E+02
  3.555076E+00 1.294E+02
  3.555105E+00 1.792E+02
  3.555120E+00 1.940E+02
  3.555134E+00 1.890E+02
  3.555148E+00 1.737E+02
  3.555163E+00 1.638E+02
  3.555177E+00 1.658E+02
  3.555191E+00 1.815E+02
  3.555205E+00 2.138E+02
  3.555220E+00 2.704E+02
  3.555234E+00 3.682E+02
  3.555248E+00 5.416E+02
  3.555276E+00 1.112E+03
  3.555290E+00 9.076E+02
  3.555304E+00 4.926E+02
  3.555318E+00 2.490E+02
  3.555332E+00 1.321E+02
  3.555346E+00 7.413E+01
  3.555360E+00 4.364E+01
  3.555374E+00 2.712E+01
  3.555388E+00 1.865E+01
  3.555402E+00 1.582E+01
  3.555416E+00 1.840E+01
  3.555430E+00 2.856E+01
  3.555444E+00 5.301E+01
  3.555458E+00 1.098E+02
  3.555471E+00 2.404E+02
  3.555485E+00 4.485E+02
  3.555499E+00 4.683E+02
  3.555513E+00 3.177E+02
  3.555526E+00 2.081E+02
  3.555540E+00 1.472E+02
  3.555554E+00 1.122E+02
  3.555567E+00 9.104E+01
  3.555581E+00 7.751E+01
  3.555594E+00 6.833E+01
  3.555608E+00 6.217E+01
  3.555635E+00 5.522E+01
  3.555662E+00 5.270E+01
  3.555689E+00 5.315E+01
  3.555716E+00 5.614E+01
  3.555742E+00 6.183E+01
  3.555756E+00 6.590E+01
  3.555782E+00 7.723E+01
  3.555796E+00 8.494E+01
  3.555809E+00 9.436E+01
  3.555822E+00 1.057E+02
  3.555848E+00 1.343E+02
  3.555875E+00 1.643E+02
  3.555888E+00 1.744E+02
  3.555901E+00 1.785E+02
  3.555927E+00 1.722E+02
  3.555953E+00 1.651E+02
  3.555966E+00 1.673E+02
  3.555979E+00 1.764E+02
  3.555992E+00 1.967E+02
  3.556005E+00 2.404E+02
  3.556018E+00 3.564E+02
  3.556030E+00 9.208E+02
  3.556043E+00 1.378E+04
  3.556056E+00 9.449E+02
  3.556069E+00 4.578E+02
  3.556082E+00 4.046E+02
  3.556094E+00 4.345E+02
  3.556107E+00 5.044E+02
  3.556133E+00 7.016E+02
  3.556145E+00 7.534E+02
  3.556158E+00 6.977E+02
  3.556171E+00 5.470E+02
  3.556183E+00 3.785E+02
  3.556196E+00 2.443E+02
  3.556208E+00 1.520E+02
  3.556221E+00 9.211E+01
  3.556233E+00 5.400E+01
  3.556246E+00 3.031E+01
  3.556258E+00 1.646E+01
  3.556271E+00 9.851E+00
  3.556283E+00 9.213E+00
  3.556296E+00 1.415E+01
  3.556308E+00 2.486E+01
  3.556321E+00 4.171E+01
  3.556333E+00 6.452E+01
  3.556345E+00 9.135E+01
  3.556358E+00 1.175E+02
  3.556370E+00 1.367E+02
  3.556382E+00 1.442E+02
  3.556395E+00 1.402E+02
  3.556407E+00 1.284E+02
  3.556431E+00 9.765E+01
  3.556456E+00 7.076E+01
  3.556468E+00 6.001E+01
  3.556480E+00 5.089E+01
  3.556492E+00 4.319E+01
  3.556504E+00 3.669E+01
  3.556516E+00 3.120E+01
  3.556528E+00 2.657E+01
  3.556540E+00 2.274E+01
  3.556552E+00 1.967E+01
  3.556564E+00 1.744E+01
  3.556576E+00 1.630E+01
  3.556588E+00 1.677E+01
  3.556600E+00 2.001E+01
  3.556612E+00 2.844E+01
  3.556624E+00 4.710E+01
  3.556636E+00 8.453E+01
  3.556648E+00 1.429E+02
  3.556660E+00 1.855E+02
  3.556672E+00 1.741E+02
  3.556683E+00 1.388E+02
  3.556695E+00 1.080E+02
  3.556707E+00 8.624E+01
  3.556719E+00 7.125E+01
  3.556731E+00 6.078E+01
  3.556742E+00 5.328E+01
  3.556754E+00 4.780E+01
  3.556777E+00 4.076E+01
  3.556801E+00 3.700E+01
  3.556824E+00 3.537E+01
  3.556858E+00 3.557E+01
  3.556916E+00 3.797E+01
  3.556950E+00 3.665E+01
  3.557018E+00 2.953E+01
  3.557041E+00 2.843E+01
  3.557063E+00 2.866E+01
  3.557086E+00 3.048E+01
  3.557097E+00 3.239E+01
  3.557108E+00 3.724E+01
  3.557119E+00 1.525E+02
  3.557130E+00 4.371E+01
  3.557141E+00 3.437E+01
  3.557174E+00 2.999E+01
  3.557229E+00 1.990E+01
  3.557251E+00 1.661E+01
  3.557273E+00 1.401E+01
  3.557295E+00 1.199E+01
  3.557316E+00 1.043E+01
  3.557349E+00 8.720E+00
  3.557381E+00 7.550E+00
  3.557413E+00 6.784E+00
  3.557445E+00 6.376E+00
  3.557477E+00 6.380E+00
  3.557498E+00 6.732E+00
  3.557519E+00 7.572E+00
  3.557540E+00 9.147E+00
  3.557550E+00 1.007E+01
  3.557561E+00 1.058E+01
  3.557571E+00 1.012E+01
  3.557592E+00 7.573E+00
  3.557603E+00 6.744E+00
  3.557613E+00 6.432E+00
  3.557623E+00 6.585E+00
  3.557634E+00 7.214E+00
  3.557644E+00 8.455E+00
  3.557654E+00 1.064E+01
  3.557665E+00 1.439E+01
  3.557675E+00 1.989E+01
  3.557685E+00 2.253E+01
  3.557706E+00 7.516E+00
  3.557716E+00 3.510E+00
  3.557726E+00 1.720E+00
  3.557736E+00 8.870E-01
  3.557746E+00 4.761E-01
  3.557756E+00 2.647E-01
  3.557767E+00 1.545E-01
  3.557777E+00 9.969E-02
  3.557787E+00 7.798E-02
  3.557797E+00 7.973E-02
  3.557807E+00 1.037E-01
  3.557817E+00 1.576E-01
  3.557827E+00 2.570E-01
  3.557837E+00 3.701E-01
  3.557855E+00 1.723E-01
  3.567845E+00 5.524E-01
  3.567855E+00 5.367E-01
  3.592798E+00 7.832E-02
  3.617741E+00 3.613E-02
  3.642684E+00 2.173E-02
  3.667628E+00 1.526E-02
  3.692571E+00 1.197E-02
  3.717514E+00 1.011E-02
  3.742458E+00 8.981E-03
  3.767401E+00 8.261E-03
  3.817288E+00 7.468E-03
  3.892118E+00 7.012E-03
  4.291210E+00 7.029E-03
  4.740190E+00 6.140E-03
  5.613206E+00 4.140E-03
  5.987356E+00 3.548E-03
  6.012299E+00 3.515E-03
  6.133757E+00 3.310E-03
  6.257664E+00 3.118E-03
  6.384076E+00 2.936E-03
  6.513046E+00 2.765E-03
  6.644619E+00 2.604E-03
  6.778847E+00 2.452E-03
  6.915786E+00 2.310E-03
  7.055495E+00 2.175E-03
  7.198026E+00 2.048E-03
  7.343440E+00 1.929E-03
  7.491784E+00 1.817E-03
  7.643127E+00 1.711E-03
  7.797532E+00 1.611E-03
  7.955050E+00 1.517E-03
  8.115750E+00 1.429E-03
  8.279702E+00 1.346E-03
  8.446962E+00 1.267E-03
  8.617605E+00 1.194E-03
  8.791688E+00 1.124E-03
  8.969297E+00 1.059E-03
  9.150485E+00 9.970E-04
  9.335336E+00 9.390E-04
  9.523926E+00 8.843E-04
  9.716322E+00 8.328E-04
  9.912601E+00 7.843E-04
  1.011285E+01 7.386E-04
  1.031715E+01 6.956E-04
  1.052556E+01 6.551E-04
  1.073820E+01 6.170E-04
  1.095512E+01 5.810E-04
  1.117643E+01 5.472E-04
  1.140221E+01 5.153E-04
  1.163255E+01 4.853E-04
  1.186754E+01 4.571E-04
  1.210728E+01 4.304E-04
  1.235186E+01 4.054E-04
  1.260139E+01 3.818E-04
  1.285595E+01 3.595E-04
  1.311566E+01 3.386E-04
  1.338062E+01 3.189E-04
  1.365092E+01 3.003E-04
  1.392669E+01 2.828E-04
  1.420802E+01 2.663E-04
  1.449504E+01 2.508E-04
  1.478787E+01 2.362E-04
  1.508660E+01 2.225E-04
  1.539137E+01 2.095E-04
  1.570230E+01 1.973E-04
  1.601950E+01 1.858E-04
  1.634311E+01 1.750E-04
  1.667326E+01 1.648E-04
  1.701009E+01 1.552E-04
  1.735371E+01 1.462E-04
  1.770428E+01 1.377E-04
  1.806192E+01 1.296E-04
  1.842680E+01 1.221E-04
  1.879904E+01 1.150E-04
  1.917882E+01 1.083E-04
  1.956625E+01 1.020E-04
  1.996152E+01 9.604E-05
  2.036476E+01 9.045E-05
  2.077617E+01 8.518E-05
  2.119586E+01 8.022E-05
  2.162405E+01 7.555E-05
  2.206088E+01 7.115E-05
  2.250656E+01 6.701E-05
  2.296120E+01 6.310E-05
  2.342506E+01 5.943E-05