  1.012440E-01 2.549E+01
  1.112440E-01 1.849E+01
  1.625287E-01 4.861E+00
  2.125095E-01 1.832E+00
  2.612302E-01 8.534E-01
  3.087329E-01 4.518E-01
  3.550577E-01 2.598E-01
  4.002433E-01 1.590E-01
  4.443269E-01 1.031E-01
  4.873438E-01 7.053E-02
  5.293283E-01 5.069E-02
  5.703131E-01 3.787E-02
  6.103297E-01 2.906E-02
  6.494084E-01 2.264E-02
  6.875782E-01 1.778E-02
  7.248672E-01 1.402E-02
  7.613022E-01 1.110E-02
  7.969090E-01 8.856E-03
  8.317127E-01 7.143E-03
  8.657372E-01 5.850E-03
  8.990055E-01 4.880E-03
  9.315399E-01 4.152E-03
  9.633619E-01 3.603E-03
  9.944921E-01 3.180E-03
  1.054756E+00 2.568E-03
  1.140438E+00 1.922E-03
  1.246596E+00 1.244E-03
  1.296486E+00 9.738E-04
  1.344401E+00 7.577E-04
  1.390443E+00 5.941E-04
  1.434709E+00 4.758E-04
  1.477288E+00 3.930E-04
  1.518265E+00 3.365E-04
  1.557720E+00 2.986E-04
  1.614210E+00 2.637E-04
  1.781813E+00 2.018E-04
  1.869208E+00 1.555E-04
  1.972938E+00 9.378E-05
  2.019997E+00 7.068E-05
  2.064196E+00 5.387E-05
  2.095607E+00 4.484E-05
  2.135336E+00 3.640E-05
  2.172779E+00 3.080E-05
  2.225029E+00 2.538E-05
  2.324267E+00 1.809E-05
  2.419376E+00 1.134E-05
  2.457960E+00 7.978E-06
  2.483577E+00 5.264E-06
  2.512377E+00 1.785E-06
  2.516984E+00 1.261E-06
  2.521538E+00 7.965E-07
  2.526040E+00 4.284E-07
  2.530490E+00 2.083E-07
  2.534890E+00 2.141E-07
  2.539240E+00 5.634E-07
  2.543541E+00 1.438E-06
  2.547793E+00 3.123E-06
  2.551998E+00 6.084E-06
  2.556156E+00 1.110E-05
  2.560268E+00 1.955E-05
  2.564335E+00 3.399E-05
  2.568356E+00 5.951E-05
  2.572333E+00 1.073E-04
  2.576267E+00 2.054E-04
  2.580158E+00 4.388E-04
  2.584007E+00 1.165E-03
  2.587813E+00 5.326E-03
  2.591579E+00 6.427E-01
  2.595305E+00 7.729E-03
  2.598990E+00 2.180E-03
  2.602636E+00 1.094E-03
  2.606243E+00 6.925E-04
  2.609812E+00 4.965E-04
  2.613344E+00 3.848E-04
  2.616838E+00 3.142E-04
  2.620295E+00 2.664E-04
  2.623716E+00 2.323E-04
  2.627102E+00 2.071E-04
  2.630453E+00 1.879E-04
  2.637050E+00 1.608E-04
  2.646695E+00 1.367E-04
  2.656048E+00 1.230E-04
  2.668086E+00 1.132E-04
  2.685267E+00 1.084E-04
  2.704078E+00 1.111E-04
  2.724090E+00 1.214E-04
  2.744889E+00 1.404E-04
  2.766092E+00 1.706E-04
  2.783640E+00 2.068E-04
  2.799882E+00 2.531E-04
  2.814946E+00 3.119E-04
  2.828943E+00 3.865E-04
  2.841971E+00 4.817E-04
  2.854117E+00 6.042E-04
  2.864237E+00 7.441E-04
  2.873771E+00 9.239E-04
  2.882763E+00 1.159E-03
  2.890219E+00 1.430E-03
  2.897316E+00 1.788E-03
  2.903130E+00 2.197E-03
  2.908711E+00 2.748E-03
  2.913192E+00 3.373E-03
  2.916670E+00 4.039E-03
  2.920058E+00 4.932E-03
  2.922541E+00 5.826E-03
  2.924975E+00 7.016E-03
  2.927364E+00 8.670E-03
  2.928930E+00 1.017E-02
  2.930477E+00 1.218E-02
  2.932004E+00 1.495E-02
  2.932760E+00 1.677E-02
  2.933512E+00 1.900E-02
  2.934259E+00 2.179E-02
  2.935001E+00 2.533E-02
  2.935738E+00 2.995E-02
  2.936471E+00 3.616E-02
  2.937199E+00 4.483E-02
  2.937923E+00 5.750E-02
  2.938642E+00 7.717E-02
  2.939357E+00 1.103E-01
  2.940067E+00 1.734E-01
  2.940773E+00 3.185E-01
  2.941474E+00 7.938E-01
  2.942172E+00 4.795E+00
  2.942865E+00 1.363E+01
  2.943553E+00 1.059E+00
  2.944238E+00 3.434E-01
  2.944918E+00 1.648E-01
  2.945594E+00 9.513E-02
  2.946266E+00 6.119E-02
  2.946934E+00 4.223E-02
  2.947598E+00 3.059E-02
  2.948258E+00 2.295E-02
  2.948914E+00 1.770E-02
  2.949566E+00 1.403E-02
  2.950214E+00 1.169E-02
  2.950858E+00 1.113E-02
  2.951498E+00 1.498E-02
  2.952135E+00 3.760E-02
  2.952767E+00 2.459E-01
  2.953396E+00 1.092E+01
  2.954021E+00 2.855E-01
  2.954643E+00 1.158E-01
  2.955260E+00 7.378E-02
  2.955875E+00 5.651E-02
  2.956485E+00 4.769E-02
  2.957092E+00 4.269E-02
  2.957695E+00 3.973E-02
  2.958295E+00 3.802E-02
  2.959484E+00 3.688E-02
  2.960660E+00 3.770E-02
  2.962397E+00 4.159E-02
  2.964105E+00 4.852E-02
  2.965783E+00 5.920E-02
  2.966886E+00 6.916E-02
  2.967977E+00 8.233E-02
  2.969055E+00 1.000E-01
  2.970121E+00 1.243E-01
  2.970650E+00 1.399E-01
  2.971175E+00 1.586E-01
  2.971698E+00 1.812E-01
  2.972218E+00 2.091E-01
  2.972734E+00 2.436E-01
  2.973248E+00 2.873E-01
  2.973759E+00 3.436E-01
  2.974268E+00 4.175E-01
  2.974773E+00 5.175E-01
  2.975276E+00 6.569E-01
  2.975776E+00 8.595E-01
  2.976273E+00 1.170E+00
  2.976767E+00 1.678E+00
  2.977259E+00 2.596E+00
  2.977748E+00 4.516E+00
  2.978234E+00 9.651E+00
  2.978718E+00 3.279E+01
  2.979199E+00 1.143E+03
  2.979677E+00 7.385E+01
  2.980153E+00 1.486E+01
  2.980627E+00 6.217E+00
  2.981097E+00 3.412E+00
  2.981565E+00 2.161E+00
  2.982031E+00 1.496E+00
  2.982494E+00 1.099E+00
  2.982955E+00 8.443E-01
  2.983413E+00 6.702E-01
  2.983869E+00 5.461E-01
  2.984322E+00 4.544E-01
  2.984773E+00 3.847E-01
  2.985221E+00 3.304E-01
  2.985668E+00 2.872E-01
  2.986111E+00 2.524E-01
  2.986553E+00 2.238E-01
  2.987428E+00 1.802E-01
  2.988295E+00 1.488E-01
  2.989153E+00 1.255E-01
  2.990422E+00 1.002E-01
  2.991672E+00 8.244E-02
  2.992903E+00 6.946E-02
  2.994514E+00 5.695E-02
  2.996483E+00 4.615E-02
  2.998780E+00 3.745E-02
  3.001374E+00 3.076E-02
  3.004230E+00 2.582E-02
  3.007311E+00 2.245E-02
  3.009941E+00 2.113E-02
  3.011218E+00 2.144E-02
  3.012160E+00 2.288E-02
  3.012471E+00 2.394E-02
  3.012781E+00 2.562E-02
  3.013089E+00 2.850E-02
  3.013396E+00 3.407E-02
  3.013701E+00 4.748E-02
  3.014005E+00 9.900E-02
  3.014307E+00 1.492E+00
  3.014608E+00 1.699E-01
  3.014908E+00 3.519E-02
  3.015206E+00 2.042E-02
  3.015503E+00 1.659E-02
  3.015799E+00 1.524E-02
  3.016093E+00 1.469E-02
  3.016967E+00 1.434E-02
  3.019796E+00 1.512E-02
  3.021433E+00 1.633E-02
  3.022499E+00 1.792E-02
  3.023287E+00 2.009E-02
  3.023806E+00 2.254E-02
  3.024064E+00 2.433E-02
  3.024321E+00 2.673E-02
  3.024577E+00 3.010E-02
  3.024831E+00 3.507E-02
  3.025085E+00 4.292E-02
  3.025337E+00 5.659E-02
  3.025588E+00 8.416E-02
  3.025838E+00 1.554E-01
  3.026087E+00 4.660E-01
  3.026335E+00 1.038E+01
  3.026582E+00 7.592E-01
  3.026828E+00 1.603E-01
  3.027072E+00 7.015E-02
  3.027316E+00 4.180E-02
  3.027559E+00 2.974E-02
  3.027800E+00 2.369E-02
  3.028041E+00 2.035E-02
  3.028280E+00 1.839E-02
  3.028518E+00 1.722E-02
  3.028992E+00 1.617E-02
  3.029462E+00 1.609E-02
  3.029928E+00 1.671E-02
  3.030389E+00 1.824E-02
  3.030619E+00 1.962E-02
  3.030847E+00 2.178E-02
  3.031074E+00 2.545E-02
  3.031301E+00 3.243E-02
  3.031526E+00 4.824E-02
  3.031751E+00 9.698E-02
  3.031975E+00 4.066E-01
  3.032197E+00 3.038E+01
  3.032419E+00 3.191E-01
  3.032640E+00 1.089E-01
  3.032860E+00 6.434E-02
  3.033079E+00 4.791E-02
  3.033297E+00 4.024E-02
  3.033514E+00 3.622E-02
  3.033730E+00 3.402E-02
  3.033945E+00 3.287E-02
  3.034373E+00 3.237E-02
  3.035009E+00 3.421E-02
  3.035636E+00 3.836E-02
  3.036256E+00 4.517E-02
  3.036665E+00 5.184E-02
  3.037070E+00 6.113E-02
  3.037473E+00 7.451E-02
  3.037673E+00 8.354E-02
  3.037872E+00 9.483E-02
  3.038070E+00 1.092E-01
  3.038267E+00 1.280E-01
  3.038464E+00 1.533E-01
  3.038660E+00 1.886E-01
  3.038855E+00 2.400E-01
  3.039050E+00 3.197E-01
  3.039243E+00 4.540E-01
  3.039436E+00 7.088E-01
  3.039628E+00 1.296E+00
  3.039819E+00 3.236E+00
  3.040010E+00 2.074E+01
  3.040199E+00 5.375E+01
  3.040388E+00 3.951E+00
  3.040576E+00 1.268E+00
  3.040764E+00 5.994E-01
  3.040951E+00 3.402E-01
  3.041137E+00 2.147E-01
  3.041322E+00 1.453E-01
  3.041506E+00 1.032E-01
  3.041690E+00 7.596E-02
  3.041873E+00 5.749E-02
  3.042055E+00 4.445E-02
  3.042237E+00 3.497E-02
  3.042418E+00 2.790E-02
  3.042598E+00 2.252E-02
  3.042778E+00 1.835E-02
  3.042956E+00 1.507E-02
  3.043134E+00 1.245E-02
  3.043312E+00 1.035E-02
  3.043488E+00 8.639E-03
  3.043664E+00 7.237E-03
  3.043840E+00 6.079E-03
  3.044014E+00 5.116E-03
  3.044188E+00 4.311E-03
  3.044362E+00 3.635E-03
  3.044534E+00 3.065E-03
  3.044706E+00 2.583E-03
  3.044877E+00 2.173E-03
  3.045048E+00 1.824E-03
  3.045218E+00 1.527E-03
  3.045387E+00 1.273E-03
  3.045556E+00 1.056E-03
  3.045724E+00 8.710E-04
  3.045891E+00 7.127E-04
  3.046058E+00 5.776E-04
  3.046224E+00 4.626E-04
  3.046389E+00 3.650E-04
  3.046554E+00 2.826E-04
  3.046718E+00 2.136E-04
  3.046882E+00 1.564E-04
  3.047045E+00 1.100E-04
  3.047207E+00 7.375E-05
  3.047369E+00 4.809E-05
  3.047530E+00 3.566E-05
  3.047691E+00 4.646E-05
  3.047851E+00 1.251E-04
  3.048010E+00 6.514E-04
  3.048168E+00 2.799E+02
  3.048327E+00 8.216E-04
  3.048484E+00 1.955E-04
  3.048641E+00 7.697E-05
  3.048797E+00 3.837E-05
  3.048953E+00 2.517E-05
  3.049108E+00 2.339E-05
  3.049263E+00 2.797E-05
  3.049417E+00 3.667E-05
  3.049570E+00 4.831E-05
  3.049723E+00 6.221E-05
  3.050027E+00 9.515E-05
  3.050329E+00 1.334E-04
  3.050777E+00 1.989E-04
  3.051221E+00 2.749E-04
  3.051514E+00 3.358E-04
  3.051659E+00 3.731E-04
  3.051805E+00 4.198E-04
  3.051949E+00 4.863E-04
  3.052093E+00 6.028E-04
  3.052237E+00 8.909E-04
  3.052380E+00 2.304E-03
  3.052522E+00 1.284E+00
  3.052664E+00 2.820E-03
  3.052806E+00 1.099E-03
  3.052947E+00 8.102E-04
  3.053087E+00 7.259E-04
  3.053227E+00 7.004E-04
  3.053506E+00 7.073E-04
  3.054193E+00 8.078E-04
  3.055794E+00 1.130E-03
  3.057577E+00 1.573E-03
  3.059038E+00 2.043E-03
  3.061232E+00 2.936E-03
  3.061344E+00 3.066E-03
  3.061455E+00 3.766E-03
  3.061566E+00 1.147E-02
  3.061677E+00 2.623E-01
  3.061787E+00 1.820E-02
  3.061897E+00 1.045E-02
  3.062006E+00 8.561E-03
  3.062115E+00 7.922E-03
  3.062224E+00 7.756E-03
  3.062332E+00 7.843E-03
  3.062548E+00 8.538E-03
  3.062655E+00 9.139E-03
  3.062762E+00 9.950E-03
  3.062868E+00 1.104E-02
  3.062975E+00 1.254E-02
  3.063081E+00 1.467E-02
  3.063186E+00 1.782E-02
  3.063291E+00 2.281E-02
  3.063396E+00 3.151E-02
  3.063500E+00 4.889E-02
  3.063605E+00 9.260E-02
  3.063708E+00 2.672E-01
  3.063812E+00 4.057E+00
  3.063915E+00 1.019E+00
  3.064018E+00 1.663E-01
  3.064120E+00 6.836E-02
  3.064222E+00 3.923E-02
  3.064324E+00 2.701E-02
  3.064426E+00 2.091E-02
  3.064527E+00 1.755E-02
  3.064627E+00 1.561E-02
  3.064728E+00 1.450E-02
  3.064828E+00 1.390E-02
  3.065027E+00 1.369E-02
  3.065225E+00 1.436E-02
  3.065422E+00 1.572E-02
  3.065618E+00 1.783E-02
  3.065812E+00 2.087E-02
  3.066005E+00 2.524E-02
  3.066101E+00 2.815E-02
  3.066197E+00 3.171E-02
  3.066292E+00 3.615E-02
  3.066387E+00 4.176E-02
  3.066482E+00 4.900E-02
  3.066577E+00 5.858E-02
  3.066671E+00 7.163E-02
  3.066765E+00 9.009E-02
  3.066859E+00 1.175E-01
  3.066952E+00 1.608E-01
  3.067045E+00 2.354E-01
  3.067138E+00 3.816E-01
  3.067230E+00 7.341E-01
  3.067322E+00 2.004E+00
  3.067414E+00 1.778E+01
  3.067506E+00 1.648E+01
  3.067597E+00 1.856E+00
  3.067688E+00 6.592E-01
  3.067779E+00 3.310E-01
  3.067869E+00 1.970E-01
  3.067960E+00 1.298E-01
  3.068049E+00 9.154E-02
  3.068139E+00 6.779E-02
  3.068228E+00 5.210E-02
  3.068317E+00 4.124E-02
  3.068406E+00 3.345E-02
  3.068495E+00 2.769E-02
  3.068583E+00 2.334E-02
  3.068671E+00 2.000E-02
  3.068759E+00 1.740E-02
  3.068846E+00 1.537E-02
  3.068933E+00 1.378E-02
  3.069020E+00 1.256E-02
  3.069107E+00 1.165E-02
  3.069193E+00 1.104E-02
  3.069279E+00 1.072E-02
  3.069365E+00 1.076E-02
  3.069450E+00 1.129E-02
  3.069536E+00 1.265E-02
  3.069621E+00 1.571E-02
  3.069706E+00 2.364E-02
  3.069790E+00 5.587E-02
  3.069874E+00 1.639E+00
  3.069958E+00 5.031E-02
  3.070042E+00 6.371E-03
  3.070126E+00 1.564E-03
  3.070209E+00 4.714E-04
  3.070292E+00 1.561E-04
  3.070375E+00 6.096E-05
  3.070457E+00 3.680E-05
  3.070539E+00 3.588E-05
  3.070703E+00 4.768E-05
  3.070784E+00 5.253E-05
  3.070866E+00 5.562E-05
  3.070947E+00 5.713E-05
  3.071108E+00 5.673E-05
  3.071507E+00 5.004E-05
  3.071665E+00 4.954E-05
  3.071743E+00 5.051E-05
  3.071822E+00 5.269E-05
  3.071900E+00 5.655E-05
  3.071978E+00 6.283E-05
  3.072056E+00 7.278E-05
  3.072133E+00 8.861E-05
  3.072210E+00 1.144E-04
  3.072287E+00 1.582E-04
  3.072364E+00 2.375E-04
  3.072441E+00 3.951E-04
  3.072517E+00 7.565E-04
  3.072593E+00 1.813E-03
  3.072669E+00 6.997E-03
  3.072744E+00 8.038E+00
  3.072820E+00 2.308E-02
  3.072895E+00 5.209E-03
  3.072970E+00 2.524E-03
  3.073045E+00 1.614E-03
  3.073119E+00 1.191E-03
  3.073194E+00 9.587E-04
  3.073268E+00 8.177E-04
  3.073342E+00 7.261E-04
  3.073415E+00 6.640E-04
  3.073562E+00 5.905E-04
  3.073708E+00 5.542E-04
  3.073925E+00 5.351E-04
  3.074283E+00 5.494E-04
  3.074775E+00 6.146E-04
  3.075462E+00 7.571E-04
  3.076195E+00 9.692E-04
  3.076842E+00 1.222E-03
  3.077901E+00 1.761E-03
  3.077962E+00 1.854E-03
  3.078022E+00 2.275E-03
  3.078083E+00 6.014E-03
  3.078143E+00 4.129E-01
  3.078203E+00 1.397E-02
  3.078263E+00 7.085E-03
  3.078323E+00 5.579E-03
  3.078383E+00 5.074E-03
  3.078442E+00 4.925E-03
  3.078501E+00 4.959E-03
  3.078561E+00 5.115E-03
  3.078620E+00 5.378E-03
  3.078678E+00 5.751E-03
  3.078737E+00 6.256E-03
  3.078796E+00 6.934E-03
  3.078854E+00 7.858E-03
  3.078912E+00 9.154E-03
  3.078970E+00 1.105E-02
  3.079028E+00 1.400E-02
  3.079086E+00 1.900E-02
  3.079143E+00 2.857E-02
  3.079201E+00 5.095E-02
  3.079258E+00 1.269E-01
  3.079315E+00 8.647E-01
  3.079372E+00 1.895E+00
  3.079429E+00 1.588E-01
  3.079486E+00 5.648E-02
  3.079542E+00 3.032E-02
  3.079599E+00 2.006E-02
  3.079655E+00 1.512E-02
  3.079711E+00 1.246E-02
  3.079767E+00 1.094E-02
  3.079823E+00 1.007E-02
  3.079878E+00 9.606E-03
  3.079934E+00 9.413E-03
  3.080044E+00 9.588E-03
  3.080154E+00 1.033E-02
  3.080263E+00 1.161E-02
  3.080372E+00 1.351E-02
  3.080480E+00 1.629E-02
  3.080534E+00 1.813E-02
  3.080588E+00 2.040E-02
  3.080641E+00 2.321E-02
  3.080695E+00 2.676E-02
  3.080748E+00 3.131E-02
  3.080801E+00 3.731E-02
  3.080854E+00 4.542E-02
  3.080907E+00 5.679E-02
  3.080960E+00 7.344E-02
  3.081013E+00 9.929E-02
  3.081065E+00 1.428E-01
  3.081118E+00 2.247E-01
  3.081170E+00 4.097E-01
  3.081222E+00 9.898E-01
  3.081274E+00 5.203E+00
  3.081326E+00 4.725E+01
  3.081377E+00 1.880E+00
  3.081429E+00 5.687E-01
  3.081480E+00 2.677E-01
  3.081531E+00 1.540E-01
  3.081583E+00 9.933E-02
  3.081634E+00 6.906E-02
  3.081685E+00 5.061E-02
  3.081735E+00 3.859E-02
  3.081786E+00 3.034E-02
  3.081836E+00 2.446E-02
  3.081887E+00 2.013E-02
  3.081937E+00 1.687E-02
  3.081987E+00 1.437E-02
  3.082037E+00 1.241E-02
  3.082087E+00 1.086E-02
  3.082137E+00 9.632E-03
  3.082186E+00 8.654E-03
  3.082236E+00 7.881E-03
  3.082285E+00 7.282E-03
  3.082334E+00 6.839E-03
  3.082383E+00 6.546E-03
  3.082432E+00 6.412E-03
  3.082481E+00 6.471E-03
  3.082530E+00 6.797E-03
  3.082578E+00 7.562E-03
  3.082627E+00 9.199E-03
  3.082675E+00 1.307E-02
  3.082723E+00 2.587E-02
  3.082771E+00 1.630E-01
  3.082819E+00 1.079E-01
  3.082867E+00 7.878E-03
  3.082915E+00 1.775E-03
  3.082963E+00 5.398E-04
  3.083010E+00 1.871E-04
  3.083057E+00 7.379E-05
  3.083105E+00 3.859E-05
  3.083152E+00 3.094E-05
  3.083199E+00 3.284E-05
  3.083339E+00 4.669E-05
  3.083432E+00 5.296E-05
  3.083617E+00 6.247E-05
  3.083663E+00 6.597E-05
  3.083708E+00 7.073E-05
  3.083754E+00 7.739E-05
  3.083800E+00 8.693E-05
  3.083845E+00 1.009E-04
  3.083890E+00 1.220E-04
  3.083935E+00 1.552E-04
  3.083980E+00 2.108E-04
  3.084025E+00 3.135E-04
  3.084070E+00 5.456E-04
  3.084115E+00 1.525E-03
  3.084160E+00 1.378E-02
  3.084204E+00 3.679E-03
  3.084248E+00 2.377E-02
  3.084293E+00 1.111E-01
  3.084337E+00 7.839E-03
  3.084381E+00 2.937E-03
  3.084425E+00 1.657E-03
  3.084469E+00 1.130E-03
  3.084513E+00 8.598E-04
  3.084556E+00 7.025E-04
  3.084600E+00 6.030E-04
  3.084643E+00 5.365E-04
  3.084687E+00 4.904E-04
  3.084730E+00 4.577E-04
  3.084816E+00 4.173E-04
  3.084944E+00 3.916E-04
  3.085114E+00 3.894E-04
  3.085366E+00 4.186E-04
  3.085736E+00 5.004E-04
  3.086139E+00 6.285E-04
  3.086532E+00 7.974E-04
  3.086916E+00 1.019E-03
  3.087401E+00 1.362E-03
  3.087438E+00 1.408E-03
  3.087475E+00 1.564E-03
  3.087511E+00 2.542E-03
  3.087548E+00 2.957E-02
  3.087584E+00 1.944E-02
  3.087621E+00 6.235E-03
  3.087657E+00 4.447E-03
  3.087693E+00 3.907E-03
  3.087729E+00 3.732E-03
  3.087765E+00 3.722E-03
  3.087801E+00 3.813E-03
  3.087873E+00 4.230E-03
  3.087908E+00 4.564E-03
  3.087944E+00 5.009E-03
  3.087980E+00 5.606E-03
  3.088015E+00 6.422E-03
  3.088050E+00 7.582E-03
  3.088086E+00 9.314E-03
  3.088121E+00 1.208E-02
  3.088156E+00 1.698E-02
  3.088191E+00 2.698E-02
  3.088226E+00 5.317E-02
  3.088261E+00 1.680E-01
  3.088296E+00 5.014E+00
  3.088330E+00 3.891E-01
  3.088365E+00 7.769E-02
  3.088400E+00 3.392E-02
  3.088434E+00 2.012E-02
  3.088468E+00 1.417E-02
  3.088503E+00 1.116E-02
  3.088537E+00 9.494E-03
  3.088571E+00 8.548E-03
  3.088605E+00 8.023E-03
  3.088639E+00 7.771E-03
  3.088707E+00 7.801E-03
  3.088775E+00 8.338E-03
  3.088842E+00 9.321E-03
  3.088909E+00 1.081E-02
  3.088975E+00 1.300E-02
  3.089042E+00 1.623E-02
  3.089075E+00 1.844E-02
  3.089108E+00 2.122E-02
  3.089140E+00 2.477E-02
  3.089173E+00 2.943E-02
  3.089206E+00 3.570E-02
  3.089239E+00 4.442E-02
  3.089271E+00 5.708E-02
  3.089304E+00 7.650E-02
  3.089336E+00 1.086E-01
  3.089369E+00 1.676E-01
  3.089401E+00 2.954E-01
  3.089433E+00 6.645E-01
  3.089465E+00 2.747E+00
  3.089498E+00 3.619E+02
  3.089530E+00 2.168E+00
  3.089561E+00 5.619E-01
  3.089593E+00 2.502E-01
  3.089625E+00 1.398E-01
  3.089657E+00 8.863E-02
  3.089689E+00 6.091E-02
  3.089720E+00 4.427E-02
  3.089752E+00 3.354E-02
  3.089783E+00 2.624E-02
  3.089815E+00 2.107E-02
  3.089846E+00 1.728E-02
  3.089877E+00 1.443E-02
  3.089908E+00 1.225E-02
  3.089940E+00 1.055E-02
  3.089971E+00 9.206E-03
  3.090002E+00 8.138E-03
  3.090032E+00 7.285E-03
  3.090063E+00 6.606E-03
  3.090094E+00 6.073E-03
  3.090125E+00 5.669E-03
  3.090156E+00 5.386E-03
  3.090186E+00 5.226E-03
  3.090217E+00 5.209E-03
  3.090247E+00 5.381E-03
  3.090277E+00 5.846E-03
  3.090308E+00 6.859E-03
  3.090338E+00 9.170E-03
  3.090368E+00 1.593E-02
  3.090398E+00 5.930E-02
  3.090428E+00 3.584E-01
  3.090458E+00 9.004E-03
  3.090488E+00 1.661E-03
  3.090518E+00 4.449E-04
  3.090548E+00 1.376E-04
  3.090578E+00 5.135E-05
  3.090607E+00 3.106E-05
  3.090637E+00 3.168E-05
  3.090667E+00 3.830E-05
  3.090725E+00 5.239E-05
  3.090784E+00 6.222E-05
  3.090901E+00 7.566E-05
  3.090959E+00 8.556E-05
  3.090987E+00 9.329E-05
  3.091016E+00 1.043E-04
  3.091045E+00 1.203E-04
  3.091074E+00 1.450E-04
  3.091102E+00 1.854E-04
  3.091131E+00 2.606E-04
  3.091159E+00 4.476E-04
  3.091188E+00 1.886E-03
  3.091216E+00 2.020E-03
  3.091244E+00 1.172E-03
  3.091273E+00 2.734E-03
  3.091301E+00 1.406E-02
  3.091329E+00 4.811E-01
  3.091357E+00 9.397E-03
  3.091385E+00 3.029E-03
  3.091413E+00 1.596E-03
  3.091441E+00 1.044E-03
  3.091469E+00 7.715E-04
  3.091496E+00 6.165E-04
  3.091524E+00 5.201E-04
  3.091552E+00 4.564E-04
  3.091579E+00 4.126E-04
  3.091607E+00 3.816E-04
  3.091662E+00 3.433E-04
  3.091744E+00 3.183E-04
  3.091852E+00 3.142E-04
  3.092013E+00 3.373E-04
  3.092225E+00 3.962E-04
  3.092484E+00 5.008E-04
  3.092739E+00 6.396E-04
  3.092988E+00 8.227E-04
  3.093352E+00 1.173E-03
  3.093376E+00 1.207E-03
  3.093400E+00 1.300E-03
  3.093424E+00 1.775E-03
  3.093447E+00 8.591E-03
  3.093471E+00 3.458E-02
  3.093495E+00 6.097E-03
  3.093518E+00 3.946E-03
  3.093542E+00 3.363E-03
  3.093566E+00 3.170E-03
  3.093589E+00 3.139E-03
  3.093612E+00 3.198E-03
  3.093636E+00 3.325E-03
  3.093682E+00 3.771E-03
  3.093706E+00 4.111E-03
  3.093729E+00 4.562E-03
  3.093752E+00 5.171E-03
  3.093775E+00 6.018E-03
  3.093798E+00 7.252E-03
  3.093821E+00 9.161E-03
  3.093844E+00 1.237E-02
  3.093867E+00 1.848E-02
  3.093890E+00 3.257E-02
  3.093913E+00 7.912E-02
  3.093936E+00 4.857E-01
  3.093958E+00 1.683E+00
  3.093981E+00 1.154E-01
  3.094004E+00 3.997E-02
  3.094026E+00 2.134E-02
  3.094049E+00 1.414E-02
  3.094071E+00 1.071E-02
  3.094094E+00 8.877E-03
  3.094116E+00 7.848E-03
  3.094139E+00 7.272E-03
  3.094161E+00 6.980E-03
  3.094183E+00 6.881E-03
  3.094228E+00 7.090E-03
  3.094272E+00 7.725E-03
  3.094316E+00 8.775E-03
  3.094360E+00 1.034E-02
  3.094382E+00 1.137E-02
  3.094404E+00 1.263E-02
  3.094426E+00 1.417E-02
  3.094448E+00 1.607E-02
  3.094469E+00 1.847E-02
  3.094491E+00 2.152E-02
  3.094513E+00 2.551E-02
  3.094534E+00 3.085E-02
  3.094556E+00 3.825E-02
  3.094577E+00 4.892E-02
  3.094599E+00 6.515E-02
  3.094620E+00 9.164E-02
  3.094642E+00 1.395E-01
  3.094663E+00 2.401E-01
  3.094685E+00 5.153E-01
  3.094706E+00 1.853E+00
  3.094727E+00 1.685E+02
  3.094748E+00 2.609E+00
  3.094769E+00 5.830E-01
  3.094791E+00 2.472E-01
  3.094812E+00 1.348E-01
  3.094833E+00 8.427E-02
  3.094854E+00 5.735E-02
  3.094875E+00 4.140E-02
  3.094896E+00 3.121E-02
  3.094916E+00 2.432E-02
  3.094937E+00 1.946E-02
  3.094958E+00 1.592E-02
  3.094979E+00 1.326E-02
  3.095000E+00 1.123E-02
  3.095020E+00 9.655E-03
  3.095041E+00 8.409E-03
  3.095061E+00 7.419E-03
  3.095082E+00 6.628E-03
  3.095123E+00 5.503E-03
  3.095143E+00 5.125E-03
  3.095164E+00 4.857E-03
  3.095184E+00 4.701E-03
  3.095205E+00 4.674E-03
  3.095225E+00 4.817E-03
  3.095245E+00 5.226E-03
  3.095265E+00 6.141E-03
  3.095286E+00 8.288E-03
  3.095306E+00 1.495E-02
  3.095326E+00 6.859E-02
  3.095346E+00 1.100E-01
  3.095366E+00 5.093E-03
  3.095386E+00 9.442E-04
  3.095406E+00 2.335E-04
  3.095426E+00 6.718E-05
  3.095446E+00 3.141E-05
  3.095465E+00 3.160E-05
  3.095485E+00 4.100E-05
  3.095505E+00 5.136E-05
  3.095525E+00 6.029E-05
  3.095544E+00 6.734E-05
  3.095584E+00 7.692E-05
  3.095662E+00 9.037E-05
  3.095701E+00 1.019E-04
  3.095720E+00 1.114E-04
  3.095739E+00 1.254E-04
  3.095758E+00 1.469E-04
  3.095778E+00 1.825E-04
  3.095797E+00 2.517E-04
  3.095816E+00 4.553E-04
  3.095835E+00 5.551E-03
  3.095854E+00 7.990E-04
  3.095873E+00 7.386E-04
  3.095892E+00 1.419E-03
  3.095911E+00 4.121E-03
  3.095930E+00 3.831E-02
  3.095949E+00 4.759E-02
  3.095968E+00 5.577E-03
  3.095987E+00 2.212E-03
  3.096006E+00 1.258E-03
  3.096025E+00 8.537E-04
  3.096043E+00 6.441E-04
  3.096062E+00 5.212E-04
  3.096081E+00 4.433E-04
  3.096100E+00 3.912E-04
  3.096118E+00 3.550E-04
  3.096155E+00 3.108E-04
  3.096192E+00 2.879E-04
  3.096248E+00 2.742E-04
  3.096321E+00 2.763E-04
  3.096429E+00 3.014E-04
  3.096573E+00 3.580E-04
  3.096749E+00 4.563E-04
  3.096922E+00 5.866E-04
  3.097091E+00 7.588E-04
  3.097341E+00 1.094E-03
  3.097357E+00 1.162E-03
  3.097373E+00 1.462E-03
  3.097390E+00 4.571E-03
  3.097406E+00 8.384E-02
  3.097422E+00 6.383E-03
  3.097438E+00 3.723E-03
  3.097455E+00 3.079E-03
  3.097471E+00 2.866E-03
  3.097487E+00 2.818E-03
  3.097503E+00 2.859E-03
  3.097535E+00 3.117E-03
  3.097551E+00 3.331E-03
  3.097567E+00 3.614E-03
  3.097583E+00 3.987E-03
  3.097599E+00 4.486E-03
  3.097615E+00 5.170E-03
  3.097631E+00 6.150E-03
  3.097647E+00 7.630E-03
  3.097663E+00 1.004E-02
  3.097679E+00 1.442E-02
  3.097694E+00 2.379E-02
  3.097710E+00 5.045E-02
  3.097726E+00 1.953E-01
  3.097742E+00 7.880E+01
  3.097757E+00 1.823E-01
  3.097773E+00 4.824E-02
  3.097788E+00 2.321E-02
  3.097804E+00 1.454E-02
  3.097820E+00 1.064E-02
  3.097835E+00 8.615E-03
  3.097851E+00 7.496E-03
  3.097866E+00 6.870E-03
  3.097882E+00 6.542E-03
  3.097897E+00 6.413E-03
  3.097928E+00 6.561E-03
  3.097958E+00 7.119E-03
  3.097989E+00 8.067E-03
  3.098020E+00 9.484E-03
  3.098050E+00 1.156E-02
  3.098065E+00 1.296E-02
  3.098080E+00 1.469E-02
  3.098095E+00 1.685E-02
  3.098110E+00 1.961E-02
  3.098125E+00 2.320E-02
  3.098140E+00 2.800E-02
  3.098155E+00 3.462E-02
  3.098170E+00 4.411E-02
  3.098185E+00 5.845E-02
  3.098200E+00 8.164E-02
  3.098215E+00 1.230E-01
  3.098230E+00 2.080E-01
  3.098245E+00 4.317E-01
  3.098259E+00 1.416E+00
  3.098274E+00 4.266E+01
  3.098289E+00 3.189E+00
  3.098304E+00 6.161E-01
  3.098318E+00 2.501E-01
  3.098333E+00 1.336E-01
  3.098348E+00 8.250E-02
  3.098362E+00 5.570E-02
  3.098377E+00 3.999E-02
  3.098392E+00 3.001E-02
  3.098406E+00 2.331E-02
  3.098421E+00 1.860E-02
  3.098435E+00 1.518E-02
  3.098450E+00 1.263E-02
  3.098464E+00 1.068E-02
  3.098479E+00 9.161E-03
  3.098493E+00 7.968E-03
  3.098507E+00 7.020E-03
  3.098536E+00 5.661E-03
  3.098550E+00 5.186E-03
  3.098579E+00 4.567E-03
  3.098593E+00 4.416E-03
  3.098607E+00 4.388E-03
  3.098622E+00 4.525E-03
  3.098636E+00 4.924E-03
  3.098650E+00 5.833E-03
  3.098664E+00 8.049E-03
  3.098678E+00 1.556E-02
  3.098692E+00 1.092E-01
  3.098706E+00 3.893E-02
  3.098720E+00 2.839E-03
  3.098734E+00 5.268E-04
  3.098748E+00 1.201E-04
  3.098762E+00 3.719E-05
  3.098776E+00 2.988E-05
  3.098790E+00 4.072E-05
  3.098804E+00 5.403E-05
  3.098818E+00 6.556E-05
  3.098832E+00 7.450E-05
  3.098845E+00 8.110E-05
  3.098873E+00 8.948E-05
  3.098928E+00 1.017E-04
  3.098955E+00 1.139E-04
  3.098969E+00 1.244E-04
  3.098982E+00 1.405E-04
  3.098996E+00 1.664E-04
  3.099009E+00 2.141E-04
  3.099023E+00 3.357E-04
  3.099036E+00 1.454E-03
  3.099050E+00 9.732E-04
  3.099063E+00 5.003E-04
  3.099077E+00 7.724E-04
  3.099090E+00 1.585E-03
  3.099104E+00 4.907E-03
  3.099117E+00 6.547E-02
  3.099130E+00 2.995E-02
  3.099144E+00 4.655E-03
  3.099157E+00 1.948E-03
  3.099170E+00 1.130E-03
  3.099183E+00 7.733E-04
  3.099197E+00 5.858E-04
  3.099210E+00 4.749E-04
  3.099223E+00 4.043E-04
  3.099236E+00 3.568E-04
  3.099249E+00 3.238E-04
  3.099262E+00 3.002E-04
  3.099289E+00 2.711E-04
  3.099328E+00 2.523E-04
  3.099380E+00 2.502E-04
  3.099457E+00 2.705E-04
  3.099558E+00 3.210E-04
  3.099671E+00 4.002E-04
  3.099795E+00 5.160E-04
  3.099904E+00 6.517E-04
  3.100036E+00 8.692E-04
  3.100118E+00 1.023E-03
  3.100130E+00 1.078E-03
  3.100142E+00 1.296E-03
  3.100154E+00 3.137E-03
  3.100165E+00 2.104E-01
  3.100177E+00 6.956E-03
  3.100189E+00 3.635E-03
  3.100200E+00 2.917E-03
  3.100212E+00 2.684E-03
  3.100223E+00 2.623E-03
  3.100235E+00 2.650E-03
  3.100258E+00 2.872E-03
  3.100281E+00 3.308E-03
  3.100292E+00 3.633E-03
  3.100304E+00 4.065E-03
  3.100315E+00 4.653E-03
  3.100327E+00 5.483E-03
  3.100338E+00 6.718E-03
  3.100349E+00 8.686E-03
  3.100361E+00 1.215E-02
  3.100372E+00 1.918E-02
  3.100383E+00 3.744E-02
  3.100395E+00 1.157E-01
  3.100406E+00 2.827E+00
  3.100417E+00 3.043E-01
  3.100429E+00 5.854E-02
  3.100440E+00 2.545E-02
  3.100451E+00 1.514E-02
  3.100462E+00 1.073E-02
  3.100473E+00 8.520E-03
  3.100485E+00 7.312E-03
  3.100496E+00 6.636E-03
  3.100507E+00 6.277E-03
  3.100518E+00 6.123E-03
  3.100540E+00 6.226E-03
  3.100562E+00 6.732E-03
  3.100584E+00 7.611E-03
  3.100606E+00 8.933E-03
  3.100628E+00 1.088E-02
  3.100639E+00 1.218E-02
  3.100650E+00 1.379E-02
  3.100661E+00 1.580E-02
  3.100672E+00 1.837E-02
  3.100683E+00 2.170E-02
  3.100694E+00 2.614E-02
  3.100704E+00 3.224E-02
  3.100715E+00 4.096E-02
  3.100726E+00 5.405E-02
  3.100737E+00 7.508E-02
  3.100747E+00 1.121E-01
  3.100758E+00 1.872E-01
  3.100769E+00 3.787E-01
  3.100780E+00 1.162E+00
  3.100790E+00 2.020E+01
  3.100801E+00 3.920E+00
  3.100812E+00 6.555E-01
  3.100822E+00 2.558E-01
  3.100833E+00 1.342E-01
  3.100844E+00 8.198E-02
  3.100854E+00 5.497E-02
  3.100865E+00 3.927E-02
  3.100875E+00 2.937E-02
  3.100886E+00 2.275E-02
  3.100896E+00 1.811E-02
  3.100907E+00 1.476E-02
  3.100917E+00 1.225E-02
  3.100928E+00 1.035E-02
  3.100938E+00 8.865E-03
  3.100959E+00 6.778E-03
  3.100980E+00 5.454E-03
  3.100990E+00 4.992E-03
  3.101011E+00 4.388E-03
  3.101022E+00 4.241E-03
  3.101032E+00 4.214E-03
  3.101042E+00 4.350E-03
  3.101052E+00 4.749E-03
  3.101063E+00 5.674E-03
  3.101073E+00 8.007E-03
  3.101083E+00 1.667E-02
  3.101094E+00 2.147E-01
  3.101104E+00 1.929E-02
  3.101114E+00 1.763E-03
  3.101124E+00 3.182E-04
  3.101134E+00 6.836E-05
  3.101144E+00 2.887E-05
  3.101155E+00 3.590E-05
  3.101175E+00 6.630E-05
  3.101185E+00 7.784E-05
  3.101195E+00 8.626E-05
  3.101215E+00 9.630E-05
  3.101244E+00 1.036E-04
  3.104604E+00 6.181E-01
  3.107934E+00 5.633E-01
  3.111234E+00 5.312E-01
  3.111244E+00 6.322E-01
  3.123461E+00 4.995E-01
  3.135279E+00 4.074E-01
  3.150446E+00 3.213E-01
  3.164974E+00 2.607E-01
  3.182286E+00 2.077E-01
  3.198718E+00 1.711E-01
  3.217357E+00 1.410E-01
  3.240525E+00 1.146E-01
  3.267049E+00 9.393E-02
  3.295735E+00 7.892E-02
  3.323461E+00 6.999E-02
  3.348192E+00 6.683E-02
  3.365442E+00 6.892E-02
  3.376696E+00 7.461E-02
  3.384354E+00 8.336E-02
  3.388804E+00 9.261E-02
  3.391712E+00 1.019E-01
  3.394575E+00 1.156E-01
  3.395990E+00 1.250E-01
  3.397393E+00 1.369E-01
  3.398786E+00 1.523E-01
  3.400168E+00 1.728E-01
  3.401540E+00 2.008E-01
  3.402901E+00 2.404E-01
  3.404251E+00 2.985E-01
  3.405591E+00 3.866E-01
  3.406921E+00 5.235E-01
  3.408241E+00 7.297E-01
  3.409550E+00 9.820E-01
  3.410850E+00 1.112E+00
  3.412140E+00 9.612E-01
  3.413420E+00 6.926E-01
  3.414691E+00 4.805E-01
  3.415952E+00 3.450E-01
  3.417204E+00 2.614E-01
  3.418446E+00 2.088E-01
  3.419679E+00 1.746E-01
  3.420903E+00 1.518E-01
  3.422118E+00 1.361E-01
  3.423323E+00 1.253E-01
  3.425708E+00 1.127E-01
  3.428059E+00 1.076E-01
  3.431520E+00 1.083E-01
  3.434906E+00 1.174E-01
  3.437124E+00 1.294E-01
  3.439309E+00 1.493E-01
  3.440390E+00 1.643E-01
  3.441464E+00 1.849E-01
  3.442530E+00 2.145E-01
  3.443588E+00 2.600E-01
  3.444639E+00 3.363E-01
  3.445682E+00 4.827E-01
  3.446718E+00 8.322E-01
  3.447747E+00 2.116E+00
  3.448769E+00 2.168E+01
  3.449783E+00 1.022E+01
  3.450791E+00 1.394E+00
  3.451791E+00 5.547E-01
  3.452785E+00 3.245E-01
  3.453771E+00 2.346E-01
  3.454751E+00 1.933E-01
  3.455724E+00 1.733E-01
  3.456690E+00 1.641E-01
  3.457650E+00 1.612E-01
  3.459550E+00 1.664E-01
  3.461424E+00 1.811E-01
  3.463273E+00 2.036E-01
  3.465097E+00 2.346E-01
  3.466896E+00 2.763E-01
  3.468672E+00 3.331E-01
  3.470424E+00 4.120E-01
  3.471291E+00 4.633E-01
  3.472153E+00 5.256E-01
  3.473009E+00 6.019E-01
  3.473859E+00 6.969E-01
  3.474704E+00 8.167E-01
  3.475543E+00 9.706E-01
  3.476377E+00 1.172E+00
  3.477205E+00 1.442E+00
  3.478028E+00 1.813E+00
  3.478845E+00 2.333E+00
  3.479657E+00 3.082E+00
  3.480464E+00 4.170E+00
  3.481266E+00 5.721E+00
  3.482854E+00 9.573E+00
  3.483640E+00 1.011E+01
  3.484422E+00 8.883E+00
  3.485198E+00 6.922E+00
  3.485969E+00 5.176E+00
  3.486736E+00 3.897E+00
  3.487498E+00 3.014E+00
  3.488254E+00 2.410E+00
  3.489006E+00 1.996E+00
  3.489754E+00 1.711E+00
  3.490496E+00 1.518E+00
  3.491234E+00 1.395E+00
  3.491967E+00 1.329E+00
  3.492696E+00 1.315E+00
  3.493420E+00 1.353E+00
  3.494140E+00 1.452E+00
  3.494855E+00 1.631E+00
  3.495566E+00 1.924E+00
  3.496272E+00 2.393E+00
  3.496974E+00 3.154E+00
  3.497672E+00 4.404E+00
  3.498365E+00 6.431E+00
  3.499054E+00 9.239E+00
  3.499739E+00 1.125E+01
  3.500420E+00 1.007E+01
  3.501097E+00 7.162E+00
  3.501769E+00 4.785E+00
  3.502437E+00 3.269E+00
  3.503102E+00 2.335E+00
  3.503762E+00 1.742E+00
  3.504418E+00 1.350E+00
  3.505071E+00 1.079E+00
  3.505719E+00 8.853E-01
  3.506364E+00 7.420E-01
  3.507004E+00 6.332E-01
  3.507641E+00 5.485E-01
  3.508274E+00 4.814E-01
  3.508903E+00 4.271E-01
  3.510151E+00 3.457E-01
  3.511383E+00 2.882E-01
  3.512602E+00 2.459E-01
  3.514402E+00 2.006E-01
  3.516171E+00 1.690E-01
  3.518483E+00 1.396E-01
  3.521298E+00 1.151E-01
  3.524571E+00 9.613E-02
  3.528253E+00 8.219E-02
  3.532288E+00 7.279E-02
  3.536620E+00 6.789E-02
  3.540298E+00 6.812E-02
  3.542955E+00 7.200E-02
  3.545106E+00 7.926E-02
  3.546786E+00 8.978E-02
  3.548024E+00 1.026E-01
  3.548838E+00 1.151E-01
  3.549644E+00 1.328E-01
  3.550442E+00 1.587E-01
  3.550838E+00 1.765E-01
  3.551232E+00 1.991E-01
  3.551624E+00 2.284E-01
  3.552013E+00 2.677E-01
  3.552401E+00 3.230E-01
  3.552787E+00 4.070E-01
  3.553171E+00 5.538E-01
  3.553553E+00 8.914E-01
  3.553933E+00 2.265E+00
  3.554312E+00 3.348E+01
  3.554688E+00 1.118E+01
  3.555062E+00 3.026E+00
  3.555435E+00 1.757E+00
  3.555806E+00 1.226E+00
  3.556175E+00 9.126E-01
  3.556542E+00 7.064E-01
  3.556907E+00 5.676E-01
  3.557270E+00 4.742E-01
  3.557632E+00 4.122E-01
  3.557991E+00 3.732E-01
  3.558350E+00 3.523E-01
  3.558706E+00 3.476E-01
  3.559060E+00 3.595E-01
  3.559413E+00 3.924E-01
  3.559764E+00 4.565E-01
  3.560113E+00 5.760E-01
  3.560461E+00 8.136E-01
  3.560807E+00 1.373E+00
  3.561151E+00 3.262E+00
  3.561494E+00 2.228E+01
  3.561835E+00 3.306E+01
  3.562174E+00 2.873E+00
  3.562511E+00 9.305E-01
  3.562847E+00 4.406E-01
  3.563182E+00 2.520E-01
  3.563514E+00 1.620E-01
  3.563846E+00 1.129E-01
  3.564175E+00 8.356E-02
  3.564503E+00 6.490E-02
  3.564829E+00 5.241E-02
  3.565154E+00 4.372E-02
  3.565478E+00 3.748E-02
  3.565799E+00 3.290E-02
  3.566119E+00 2.948E-02
  3.566438E+00 2.688E-02
  3.567071E+00 2.337E-02
  3.567698E+00 2.134E-02
  3.568319E+00 2.034E-02
  3.568934E+00 2.021E-02
  3.569544E+00 2.104E-02
  3.569846E+00 2.196E-02
  3.570147E+00 2.336E-02
  3.570447E+00 2.548E-02
  3.570745E+00 2.870E-02
  3.571042E+00 3.375E-02
  3.571338E+00 4.214E-02
  3.571632E+00 5.725E-02
  3.571925E+00 8.835E-02
  3.572217E+00 1.684E-01
  3.572507E+00 4.933E-01
  3.572796E+00 7.438E+00
  3.573083E+00 1.989E+00
  3.573370E+00 3.328E-01
  3.573654E+00 1.383E-01
  3.573938E+00 7.907E-02
  3.574220E+00 5.334E-02
  3.574501E+00 3.981E-02
  3.574781E+00 3.179E-02
  3.575060E+00 2.667E-02
  3.575337E+00 2.331E-02
  3.575613E+00 2.121E-02
  3.575888E+00 2.034E-02
  3.576161E+00 2.114E-02
  3.576433E+00 2.501E-02
  3.576704E+00 3.608E-02
  3.576974E+00 6.828E-02
  3.577243E+00 1.885E-01
  3.577510E+00 1.127E+00
  3.577776E+00 3.663E+01
  3.578041E+00 9.572E-01
  3.578305E+00 3.543E-01
  3.578568E+00 2.096E-01
  3.578829E+00 1.512E-01
  3.579090E+00 1.214E-01
  3.579349E+00 1.040E-01
  3.579607E+00 9.314E-02
  3.579864E+00 8.601E-02
  3.580374E+00 7.816E-02
  3.580880E+00 7.526E-02
  3.581631E+00 7.650E-02
  3.582371E+00 8.304E-02
  3.583103E+00 9.538E-02
  3.583585E+00 1.079E-01
  3.584063E+00 1.254E-01
  3.584537E+00 1.501E-01
  3.584772E+00 1.663E-01
  3.585007E+00 1.861E-01
  3.585240E+00 2.103E-01
  3.585472E+00 2.404E-01
  3.585704E+00 2.784E-01
  3.585934E+00 3.271E-01
  3.586164E+00 3.906E-01
  3.586392E+00 4.750E-01
  3.586620E+00 5.896E-01
  3.586846E+00 7.481E-01
  3.587072E+00 9.699E-01
  3.587296E+00 1.278E+00
  3.587520E+00 1.685E+00
  3.587743E+00 2.136E+00
  3.587965E+00 2.449E+00
  3.588186E+00 2.405E+00
  3.588406E+00 2.033E+00
  3.588625E+00 1.574E+00
  3.588843E+00 1.186E+00
  3.589060E+00 9.025E-01
  3.589276E+00 7.062E-01
  3.589492E+00 5.733E-01
  3.589706E+00 4.857E-01
  3.589920E+00 4.323E-01
  3.590132E+00 4.076E-01
  3.590344E+00 4.115E-01
  3.590555E+00 4.505E-01
  3.590765E+00 5.428E-01
  3.590974E+00 7.337E-01
  3.591183E+00 1.146E+00
  3.591390E+00 2.196E+00
  3.591597E+00 5.950E+00
  3.591803E+00 2.980E+01
  3.592008E+00 2.054E+01
  3.592212E+00 5.179E+00
  3.592415E+00 2.314E+00
  3.592618E+00 1.412E+00
  3.592819E+00 1.069E+00
  3.593020E+00 8.899E-01
  3.593220E+00 6.573E-01
  3.593419E+00 4.642E-01
  3.593618E+00 3.495E-01
  3.593815E+00 2.803E-01
  3.594012E+00 2.355E-01
  3.594208E+00 2.056E-01
  3.594403E+00 1.869E-01
  3.594597E+00 1.797E-01
  3.594791E+00 1.901E-01
  3.594984E+00 2.423E-01
  3.595176E+00 4.487E-01
  3.595367E+00 1.920E+00
  3.595558E+00 2.485E+01
  3.595748E+00 1.450E+00
  3.595937E+00 5.443E-01
  3.596125E+00 3.259E-01
  3.596312E+00 2.367E-01
  3.596499E+00 1.897E-01
  3.596685E+00 1.610E-01
  3.596870E+00 1.417E-01
  3.597055E+00 1.277E-01
  3.597422E+00 1.088E-01
  3.597786E+00 9.649E-02
  3.598327E+00 8.442E-02
  3.599038E+00 7.464E-02
  3.599911E+00 6.797E-02
  3.600937E+00 6.523E-02
  3.601774E+00 6.701E-02
  3.602432E+00 7.206E-02
  3.602919E+00 7.930E-02
  3.603401E+00 9.183E-02
  3.603719E+00 1.055E-01
  3.603877E+00 1.149E-01
  3.604035E+00 1.270E-01
  3.604192E+00 1.427E-01
  3.604348E+00 1.638E-01
  3.604504E+00 1.933E-01
  3.604659E+00 2.362E-01
  3.604814E+00 3.027E-01
  3.604968E+00 4.154E-01
  3.605121E+00 6.323E-01
  3.605274E+00 1.148E+00
  3.605426E+00 3.003E+00
  3.605578E+00 2.676E+01
  3.605729E+00 1.695E+01
  3.605880E+00 2.166E+00
  3.606030E+00 7.942E-01
  3.606179E+00 4.249E-01
  3.606328E+00 2.876E-01
  3.606477E+00 2.364E-01
  3.606625E+00 2.334E-01
  3.606772E+00 2.755E-01
  3.606919E+00 3.888E-01
  3.607065E+00 6.590E-01
  3.607211E+00 1.325E+00
  3.607356E+00 2.508E+00
  3.607501E+00 2.299E+00
  3.607645E+00 1.274E+00
  3.607788E+00 7.342E-01
  3.607932E+00 4.730E-01
  3.608074E+00 3.274E-01
  3.608216E+00 2.343E-01
  3.608358E+00 1.698E-01
  3.608499E+00 1.243E-01
  3.608639E+00 9.271E-02
  3.608779E+00 7.139E-02
  3.608919E+00 5.761E-02
  3.609058E+00 5.006E-02
  3.609196E+00 5.092E-02
  3.609334E+00 8.712E-02
  3.609472E+00 4.929E+00
  3.609609E+00 1.325E-01
  3.609745E+00 4.963E-02
  3.609881E+00 3.429E-02
  3.610017E+00 2.836E-02
  3.610152E+00 2.536E-02
  3.610286E+00 2.378E-02
  3.610421E+00 2.329E-02
  3.610554E+00 2.455E-02
  3.610687E+00 3.340E-02
  3.610820E+00 8.170E+01
  3.610952E+00 1.744E-02
  3.611084E+00 1.453E-02
  3.611476E+00 1.418E-02
  3.612249E+00 1.429E-02
  3.612755E+00 1.518E-02
  3.613005E+00 1.619E-02
  3.613254E+00 1.807E-02
  3.613378E+00 1.966E-02
  3.613501E+00 2.213E-02
  3.613624E+00 2.638E-02
  3.613746E+00 3.505E-02
  3.613868E+00 5.975E-02
  3.613990E+00 2.365E-01
  3.614111E+00 7.030E-01
  3.614232E+00 4.118E-02
  3.614352E+00 2.092E-02
  3.614472E+00 2.013E-02
  3.614591E+00 2.473E-02
  3.614710E+00 3.530E-02
  3.614829E+00 5.986E-02
  3.614947E+00 1.344E-01
  3.615065E+00 5.787E-01
  3.615183E+00 1.424E+02
  3.615300E+00 5.473E-01
  3.615416E+00 1.644E-01
  3.615533E+00 8.703E-02
  3.615649E+00 5.895E-02
  3.615764E+00 4.591E-02
  3.615879E+00 3.912E-02
  3.615994E+00 3.550E-02
  3.616108E+00 3.379E-02
  3.616222E+00 3.342E-02
  3.616336E+00 3.417E-02
  3.616449E+00 3.603E-02
  3.616562E+00 3.916E-02
  3.616674E+00 4.395E-02
  3.616786E+00 5.109E-02
  3.616898E+00 6.186E-02
  3.617009E+00 7.869E-02
  3.617120E+00 1.065E-01
  3.617231E+00 1.566E-01
  3.617341E+00 2.594E-01
  3.617450E+00 5.201E-01
  3.617560E+00 1.522E+00
  3.617669E+00 1.542E+01
  3.617778E+00 1.134E+01
  3.617886E+00 1.632E+00
  3.617994E+00 6.726E-01
  3.618102E+00 3.932E-01
  3.618209E+00 2.760E-01
  3.618316E+00 2.177E-01
  3.618422E+00 1.864E-01
  3.618529E+00 1.701E-01
  3.618635E+00 1.634E-01
  3.618740E+00 1.638E-01
  3.618845E+00 1.705E-01
  3.618950E+00 1.836E-01
  3.619055E+00 2.040E-01
  3.619159E+00 2.334E-01
  3.619263E+00 2.749E-01
  3.619366E+00 3.328E-01
  3.619469E+00 4.136E-01
  3.619572E+00 5.256E-01
  3.619674E+00 6.761E-01
  3.619878E+00 1.052E+00
  3.619980E+00 1.176E+00
  3.620081E+00 1.184E+00
  3.620182E+00 1.124E+00
  3.620282E+00 1.125E+00
  3.620382E+00 1.416E+00
  3.620482E+00 2.729E+00
  3.620582E+00 5.307E+00
  3.620681E+00 2.712E+00
  3.620780E+00 1.249E+00
  3.620878E+00 7.651E-01
  3.620977E+00 5.887E-01
  3.621075E+00 5.893E-01
  3.621172E+00 9.372E-01
  3.621270E+00 3.572E+00
  3.621367E+00 5.511E+00
  3.621463E+00 1.413E+00
  3.621560E+00 6.963E-01
  3.621656E+00 4.648E-01
  3.621751E+00 3.587E-01
  3.621847E+00 3.003E-01
  3.621942E+00 2.649E-01
  3.622037E+00 2.425E-01
  3.622131E+00 2.286E-01
  3.622226E+00 2.212E-01
  3.622320E+00 2.191E-01
  3.622413E+00 2.224E-01
  3.622507E+00 2.316E-01
  3.622600E+00 2.481E-01
  3.622693E+00 2.746E-01
  3.622785E+00 3.159E-01
  3.622877E+00 3.814E-01
  3.622969E+00 4.891E-01
  3.623061E+00 6.792E-01
  3.623152E+00 1.049E+00
  3.623243E+00 1.859E+00
  3.623334E+00 3.678E+00
  3.623424E+00 5.287E+00
  3.623515E+00 3.321E+00
  3.623604E+00 1.712E+00
  3.623694E+00 1.044E+00
  3.623783E+00 7.995E-01
  3.623872E+00 8.467E-01
  3.623961E+00 1.738E+00
  3.624050E+00 1.217E+01
  3.624138E+00 1.267E+00
  3.624226E+00 3.989E-01
  3.624314E+00 2.233E-01
  3.624401E+00 1.574E-01
  3.624488E+00 1.242E-01
  3.624575E+00 1.043E-01
  3.624662E+00 9.105E-02
  3.624748E+00 8.157E-02
  3.624834E+00 7.446E-02
  3.625006E+00 6.450E-02
  3.625261E+00 5.540E-02
  3.625597E+00 4.857E-02
  3.626012E+00 4.426E-02
  3.626421E+00 4.274E-02
  3.626824E+00 4.371E-02
  3.627142E+00 4.688E-02
  3.627377E+00 5.164E-02
  3.627534E+00 5.677E-02
  3.627689E+00 6.456E-02
  3.627766E+00 7.002E-02
  3.627843E+00 7.704E-02
  3.627920E+00 8.632E-02
  3.627996E+00 9.902E-02
  3.628073E+00 1.174E-01
  3.628149E+00 1.464E-01
  3.628225E+00 2.015E-01
  3.628300E+00 3.635E-01
  3.628376E+00 3.037E+00
  3.628451E+00 8.624E-01
  3.628526E+00 4.036E-01
  3.628601E+00 4.560E-01
  3.628675E+00 6.023E-01
  3.628749E+00 1.088E+00
  3.628824E+00 1.291E+02
  3.628897E+00 1.086E+00
  3.628971E+00 4.949E-01
  3.629045E+00 3.581E-01
  3.629118E+00 3.004E-01
  3.629191E+00 2.768E-01
  3.629264E+00 2.771E-01
  3.629336E+00 3.004E-01
  3.629409E+00 3.484E-01
  3.629481E+00 4.089E-01
  3.629553E+00 4.194E-01
  3.629625E+00 3.242E-01
  3.629696E+00 2.040E-01
  3.629768E+00 1.247E-01
  3.629839E+00 8.100E-02
  3.629910E+00 5.698E-02
  3.629980E+00 4.315E-02
  3.630051E+00 3.474E-02
  3.630121E+00 2.938E-02
  3.630192E+00 2.583E-02
  3.630261E+00 2.344E-02
  3.630331E+00 2.185E-02
  3.630401E+00 2.090E-02
  3.630470E+00 2.066E-02
  3.630539E+00 2.175E-02
  3.630608E+00 2.771E-02
  3.630677E+00 1.040E-01
  3.630745E+00 1.168E-01
  3.630814E+00 2.673E-02
  3.630882E+00 1.992E-02
  3.630950E+00 1.813E-02
  3.631018E+00 1.753E-02
  3.631085E+00 1.746E-02
  3.631153E+00 1.776E-02
  3.631220E+00 1.843E-02
  3.631287E+00 1.965E-02
  3.631354E+00 2.178E-02
  3.631420E+00 2.580E-02
  3.631487E+00 3.471E-02
  3.631553E+00 6.268E-02
  3.631619E+00 3.079E-01
  3.631685E+00 5.341E-01
  3.631751E+00 4.316E-02
  3.631816E+00 1.889E-02
  3.631882E+00 1.387E-02
  3.631947E+00 1.254E-02
  3.632012E+00 1.246E-02
  3.632077E+00 1.303E-02
  3.632141E+00 1.418E-02
  3.632206E+00 1.605E-02
  3.632270E+00 1.906E-02
  3.632334E+00 2.408E-02
  3.632398E+00 3.316E-02
  3.632462E+00 5.169E-02
  3.632525E+00 9.801E-02
  3.632588E+00 2.696E-01
  3.632652E+00 2.354E+00
  3.632715E+00 2.979E+00
  3.632778E+00 3.405E-01
  3.632840E+00 1.341E-01
  3.632903E+00 7.641E-02
  3.632965E+00 5.224E-02
  3.633027E+00 3.984E-02
  3.633089E+00 3.268E-02
  3.633151E+00 2.824E-02
  3.633213E+00 2.540E-02
  3.633274E+00 2.359E-02
  3.633335E+00 2.252E-02
  3.633396E+00 2.204E-02
  3.633457E+00 2.209E-02
  3.633518E+00 2.266E-02
  3.633579E+00 2.384E-02
  3.633639E+00 2.574E-02
  3.633700E+00 2.861E-02
  3.633760E+00 3.284E-02
  3.633820E+00 3.909E-02
  3.633880E+00 4.855E-02
  3.633939E+00 6.336E-02
  3.633999E+00 8.790E-02
  3.634058E+00 1.319E-01
  3.634117E+00 2.208E-01
  3.634176E+00 4.379E-01
  3.634235E+00 1.194E+00
  3.634294E+00 7.909E+00
  3.634352E+00 2.321E+01
  3.634411E+00 2.223E+00
  3.634469E+00 8.383E-01
  3.634527E+00 4.732E-01
  3.634585E+00 3.270E-01
  3.634642E+00 2.569E-01
  3.634700E+00 2.218E-01
  3.634757E+00 2.067E-01
  3.634815E+00 2.058E-01
  3.634872E+00 2.174E-01
  3.634929E+00 2.423E-01
  3.634986E+00 2.826E-01
  3.635042E+00 3.409E-01
  3.635155E+00 4.975E-01
  3.635211E+00 5.672E-01
  3.635267E+00 6.231E-01
  3.635323E+00 7.095E-01
  3.635379E+00 9.431E-01
  3.635435E+00 1.666E+00
  3.635490E+00 4.132E+00
  3.635546E+00 6.165E+00
  3.635601E+00 2.593E+00
  3.635656E+00 1.181E+00
  3.635711E+00 6.816E-01
  3.635765E+00 4.580E-01
  3.635820E+00 3.396E-01
  3.635874E+00 2.709E-01
  3.635929E+00 2.351E-01
  3.635983E+00 2.543E-01
  3.636037E+00 6.627E-01
  3.636091E+00 7.517E-01
  3.636145E+00 3.324E-01
  3.636198E+00 2.361E-01
  3.636252E+00 1.985E-01
  3.636305E+00 1.798E-01
  3.636358E+00 1.698E-01
  3.636411E+00 1.653E-01
  3.636464E+00 1.649E-01
  3.636517E+00 1.682E-01
  3.636570E+00 1.756E-01
  3.636622E+00 1.878E-01
  3.636674E+00 2.063E-01
  3.636727E+00 2.337E-01
  3.636779E+00 2.746E-01
  3.636831E+00 3.372E-01
  3.636882E+00 4.375E-01
  3.636934E+00 6.090E-01
  3.636986E+00 9.298E-01
  3.637037E+00 1.596E+00
  3.637088E+00 3.031E+00
  3.637139E+00 4.739E+00
  3.637190E+00 3.570E+00
  3.637241E+00 2.016E+00
  3.637292E+00 2.037E+00
  3.637343E+00 6.582E-01
  3.637393E+00 4.229E-01
  3.637444E+00 3.053E-01
  3.637494E+00 2.348E-01
  3.637544E+00 1.888E-01
  3.637594E+00 1.572E-01
  3.637644E+00 1.346E-01
  3.637693E+00 1.179E-01
  3.637743E+00 1.052E-01
  3.637793E+00 9.545E-02
  3.637891E+00 8.180E-02
  3.637989E+00 7.346E-02
  3.638087E+00 6.907E-02
  3.638184E+00 6.895E-02
  3.638232E+00 7.137E-02
  3.638280E+00 7.692E-02
  3.638328E+00 8.868E-02
  3.638376E+00 1.157E-01
  3.638424E+00 1.943E-01
  3.638472E+00 6.110E-01
  3.638520E+00 7.906E+01
  3.638567E+00 6.173E-01
  3.638614E+00 1.837E-01
  3.638662E+00 1.045E-01
  3.638709E+00 7.687E-02
  3.638756E+00 6.410E-02
  3.638803E+00 5.717E-02
  3.638850E+00 5.303E-02
  3.638943E+00 4.869E-02
  3.639082E+00 4.662E-02
  3.639220E+00 4.737E-02
  3.639357E+00 5.093E-02
  3.639447E+00 5.595E-02
  3.639492E+00 5.998E-02
  3.639537E+00 6.591E-02
  3.639582E+00 7.536E-02
  3.639627E+00 9.265E-02
  3.639672E+00 1.333E-01
  3.639717E+00 2.973E-01
  3.639761E+00 7.280E+00
  3.639806E+00 3.744E-01
  3.639850E+00 1.202E-01
  3.639894E+00 9.270E-02
  3.639938E+00 9.332E-02
  3.639982E+00 1.041E-01
  3.640026E+00 1.226E-01
  3.640070E+00 1.500E-01
  3.640113E+00 1.894E-01
  3.640157E+00 2.433E-01
  3.640200E+00 3.094E-01
  3.640244E+00 3.706E-01
  3.640287E+00 3.941E-01
  3.640330E+00 3.653E-01
  3.640416E+00 2.534E-01
  3.640459E+00 2.150E-01
  3.640501E+00 2.026E-01
  3.640544E+00 2.875E-01
  3.640586E+00 1.118E+02
  3.640629E+00 2.979E-01
  3.640671E+00 1.838E-01
  3.640713E+00 1.748E-01
  3.640755E+00 1.938E-01
  3.640797E+00 2.372E-01
  3.640839E+00 3.035E-01
  3.640881E+00 3.458E-01
  3.640923E+00 2.818E-01
  3.640964E+00 1.761E-01
  3.641006E+00 1.070E-01
  3.641047E+00 7.060E-02
  3.641088E+00 5.150E-02
  3.641130E+00 4.108E-02
  3.641171E+00 3.530E-02
  3.641212E+00 3.227E-02
  3.641253E+00 3.117E-02
  3.641293E+00 3.186E-02
  3.641334E+00 3.487E-02
  3.641375E+00 4.231E-02
  3.641415E+00 6.227E-02
  3.641455E+00 1.509E-01
  3.641496E+00 2.768E+01
  3.641536E+00 5.739E-01
  3.641576E+00 3.758E-01
  3.641616E+00 5.144E-02
  3.641656E+00 2.501E-02
  3.641696E+00 1.770E-02
  3.641736E+00 1.474E-02
  3.641775E+00 1.330E-02
  3.641815E+00 1.252E-02
  3.641894E+00 1.184E-02
  3.642011E+00 1.179E-02
  3.642089E+00 1.227E-02
  3.642166E+00 1.340E-02
  3.642205E+00 1.440E-02
  3.642244E+00 1.590E-02
  3.642282E+00 1.822E-02
  3.642320E+00 2.195E-02
  3.642359E+00 2.836E-02
  3.642397E+00 4.043E-02
  3.642435E+00 6.672E-02
  3.642473E+00 1.400E-01
  3.642511E+00 4.876E-01
  3.642548E+00 2.200E+01
  3.642586E+00 1.109E+00
  3.642624E+00 2.495E-01
  3.642661E+00 1.160E-01
  3.642699E+00 7.116E-02
  3.642736E+00 5.059E-02
  3.642773E+00 3.939E-02
  3.642811E+00 3.261E-02
  3.642848E+00 2.821E-02
  3.642885E+00 2.524E-02
  3.642922E+00 2.318E-02
  3.642959E+00 2.178E-02
  3.642995E+00 2.088E-02
  3.643069E+00 2.030E-02
  3.643105E+00 2.061E-02
  3.643142E+00 2.139E-02
  3.643178E+00 2.274E-02
  3.643214E+00 2.486E-02
  3.643250E+00 2.806E-02
  3.643286E+00 3.286E-02
  3.643323E+00 4.017E-02
  3.643358E+00 5.163E-02
  3.643394E+00 7.050E-02
  3.643430E+00 1.038E-01
  3.643466E+00 1.691E-01
  3.643501E+00 3.196E-01
  3.643537E+00 7.807E-01
  3.643572E+00 3.478E+00
  3.643608E+00 7.026E+01
  3.643643E+00 3.377E+00
  3.643678E+00 1.045E+00
  3.643713E+00 5.489E-01
  3.643748E+00 3.665E-01
  3.643783E+00 2.831E-01
  3.643818E+00 2.426E-01
  3.643853E+00 2.262E-01
  3.643888E+00 2.268E-01
  3.643922E+00 2.424E-01
  3.643957E+00 2.731E-01
  3.643991E+00 3.186E-01
  3.644026E+00 3.756E-01
  3.644060E+00 4.393E-01
  3.644094E+00 5.201E-01
  3.644128E+00 6.693E-01
  3.644163E+00 1.036E+00
  3.644197E+00 2.147E+00
  3.644231E+00 5.784E+00
  3.644264E+00 5.666E+00
  3.644298E+00 2.158E+00
  3.644332E+00 1.031E+00
  3.644366E+00 6.153E-01
  3.644399E+00 4.222E-01
  3.644433E+00 3.171E-01
  3.644466E+00 2.533E-01
  3.644499E+00 2.114E-01
  3.644533E+00 1.818E-01
  3.644566E+00 1.594E-01
  3.644599E+00 1.527E-01
  3.644632E+00 1.757E-01
  3.644665E+00 1.540E-01
  3.644698E+00 1.445E-01
  3.644731E+00 1.403E-01
  3.644796E+00 1.413E-01
  3.644829E+00 1.461E-01
  3.644861E+00 1.542E-01
  3.644894E+00 1.665E-01
  3.644926E+00 1.844E-01
  3.644958E+00 2.105E-01
  3.644991E+00 2.489E-01
  3.645023E+00 3.072E-01
  3.645055E+00 4.001E-01
  3.645087E+00 5.577E-01
  3.645119E+00 8.489E-01
  3.645151E+00 1.441E+00
  3.645183E+00 2.668E+00
  3.645214E+00 4.086E+00
  3.645246E+00 3.174E+00
  3.645278E+00 1.786E+00
  3.645309E+00 9.521E-01
  3.645341E+00 5.850E-01
  3.645372E+00 3.997E-01
  3.645403E+00 2.932E-01
  3.645435E+00 2.271E-01
  3.645466E+00 1.834E-01
  3.645497E+00 1.532E-01
  3.645528E+00 1.315E-01
  3.645559E+00 1.155E-01
  3.645590E+00 1.034E-01
  3.645621E+00 9.420E-02
  3.645651E+00 8.716E-02
  3.645713E+00 7.806E-02
  3.645743E+00 7.574E-02
  3.645774E+00 7.507E-02
  3.645804E+00 7.666E-02
  3.645835E+00 8.203E-02
  3.645865E+00 9.517E-02
  3.645895E+00 1.291E-01
  3.645926E+00 2.468E-01
  3.645956E+00 1.288E+00
  3.645986E+00 3.972E+00
  3.646016E+00 3.310E-01
  3.646046E+00 1.396E-01
  3.646076E+00 9.096E-02
  3.646105E+00 7.140E-02
  3.646135E+00 6.149E-02
  3.646165E+00 5.571E-02
  3.646194E+00 5.202E-02
  3.646253E+00 4.776E-02
  3.646341E+00 4.496E-02
  3.646458E+00 4.452E-02
  3.646545E+00 4.630E-02
  3.646602E+00 4.904E-02
  3.646660E+00 5.427E-02
  3.646688E+00 5.882E-02
  3.646717E+00 6.616E-02
  3.646745E+00 7.973E-02
  3.646773E+00 1.117E-01
  3.646802E+00 2.383E-01
  3.646830E+00 4.394E+00
  3.646858E+00 3.213E-01
  3.646886E+00 9.487E-02
  3.646914E+00 6.871E-02
  3.646942E+00 6.507E-02
  3.646970E+00 6.796E-02
  3.646998E+00 7.440E-02
  3.647026E+00 8.409E-02
  3.647054E+00 9.770E-02
  3.647082E+00 1.167E-01
  3.647109E+00 1.435E-01
  3.647137E+00 1.813E-01
  3.647164E+00 2.333E-01
  3.647219E+00 3.595E-01
  3.647247E+00 3.839E-01
  3.647274E+00 3.536E-01
  3.647328E+00 2.332E-01
  3.647356E+00 1.876E-01
  3.647383E+00 1.563E-01
  3.647410E+00 1.365E-01
  3.647437E+00 1.268E-01
  3.647464E+00 1.305E-01
  3.647490E+00 1.874E-01
  3.647517E+00 2.424E+01
  3.647544E+00 2.386E-01
  3.647571E+00 1.727E-01
  3.647597E+00 1.908E-01
  3.647650E+00 2.826E-01
  3.647677E+00 2.534E-01
  3.647703E+00 1.649E-01
  3.647730E+00 1.009E-01
  3.647756E+00 7.036E-02
  3.647782E+00 6.219E-02
  3.647808E+00 8.492E-02
  3.647835E+00 4.408E-01
  3.647861E+00 4.631E-01
  3.647887E+00 6.781E-02
  3.647913E+00 4.105E-02
  3.647939E+00 3.875E-02
  3.647964E+00 4.913E-02
  3.647990E+00 9.345E-02
  3.648016E+00 5.264E-01
  3.648042E+00 1.128E+00
  3.648067E+00 9.670E-02
  3.648093E+00 3.921E-02
  3.648119E+00 2.477E-02
  3.648144E+00 1.912E-02
  3.648170E+00 1.637E-02
  3.648195E+00 1.485E-02
  3.648220E+00 1.394E-02
  3.648271E+00 1.303E-02
  3.648346E+00 1.287E-02
  3.648396E+00 1.346E-02
  3.648421E+00 1.405E-02
  3.648446E+00 1.497E-02
  3.648471E+00 1.637E-02
  3.648496E+00 1.854E-02
  3.648520E+00 2.204E-02
  3.648545E+00 2.800E-02
  3.648570E+00 3.908E-02
  3.648594E+00 6.254E-02
  3.648619E+00 1.246E-01
  3.648643E+00 3.831E-01
  3.648668E+00 5.968E+00
  3.648692E+00 1.820E+00
  3.648717E+00 3.131E-01
  3.648741E+00 1.354E-01
  3.648765E+00 8.037E-02
  3.648789E+00 5.604E-02
  3.648813E+00 4.306E-02
  3.648838E+00 3.528E-02
  3.648862E+00 3.025E-02
  3.648886E+00 2.682E-02
  3.648910E+00 2.440E-02
  3.648933E+00 2.268E-02
  3.648981E+00 2.066E-02
  3.649029E+00 2.011E-02
  3.649052E+00 2.036E-02
  3.649076E+00 2.104E-02
  3.649099E+00 2.226E-02
  3.649123E+00 2.420E-02
  3.649146E+00 2.718E-02
  3.649170E+00 3.170E-02
  3.649193E+00 3.870E-02
  3.649217E+00 4.987E-02
  3.649240E+00 6.861E-02
  3.649263E+00 1.025E-01
  3.649286E+00 1.711E-01
  3.649309E+00 3.368E-01
  3.649333E+00 8.908E-01
  3.649356E+00 4.974E+00
  3.649379E+00 2.796E+01
  3.649402E+00 2.341E+00
  3.649425E+00 8.542E-01
  3.649447E+00 4.825E-01
  3.649470E+00 3.378E-01
  3.649493E+00 2.709E-01
  3.649516E+00 2.403E-01
  3.649539E+00 2.315E-01
  3.649561E+00 2.396E-01
  3.649584E+00 2.633E-01
  3.649606E+00 3.023E-01
  3.649629E+00 3.559E-01
  3.649651E+00 4.282E-01
  3.649674E+00 5.453E-01
  3.649696E+00 7.938E-01
  3.649719E+00 1.457E+00
  3.649741E+00 3.697E+00
  3.649763E+00 7.654E+00
  3.649785E+00 3.436E+00
  3.649807E+00 1.411E+00
  3.649830E+00 7.612E-01
  3.649852E+00 4.910E-01
  3.649874E+00 3.550E-01
  3.649896E+00 2.774E-01
  3.649918E+00 2.295E-01
  3.649940E+00 1.985E-01
  3.649961E+00 1.787E-01
  3.649983E+00 1.689E-01
  3.650005E+00 1.719E-01
  3.650027E+00 1.264E-01
  3.650048E+00 1.226E-01
  3.650092E+00 1.238E-01
  3.650135E+00 1.317E-01
  3.650156E+00 1.396E-01
  3.650178E+00 1.511E-01
  3.650199E+00 1.677E-01
  3.650221E+00 1.916E-01
  3.650242E+00 2.266E-01
  3.650263E+00 2.796E-01
  3.650284E+00 3.634E-01
  3.650306E+00 5.050E-01
  3.650327E+00 7.641E-01
  3.650348E+00 1.283E+00
  3.650369E+00 2.338E+00
  3.650390E+00 3.576E+00
  3.650411E+00 2.875E+00
  3.650432E+00 1.597E+00
  3.650453E+00 8.853E-01
  3.650474E+00 5.541E-01
  3.650495E+00 3.795E-01
  3.650515E+00 2.787E-01
  3.650536E+00 2.160E-01
  3.650557E+00 1.745E-01
  3.650578E+00 1.458E-01
  3.650598E+00 1.252E-01
  3.650619E+00 1.100E-01
  3.650639E+00 9.850E-02
  3.650680E+00 8.297E-02
  3.650721E+00 7.423E-02
  3.650742E+00 7.200E-02
  3.650762E+00 7.146E-02
  3.650782E+00 7.333E-02
  3.650803E+00 7.961E-02
  3.650823E+00 9.620E-02
  3.650843E+00 1.465E-01
  3.650863E+00 4.060E-01
  3.650883E+00 2.919E+01
  3.650903E+00 5.212E-01
  3.650923E+00 1.571E-01
  3.650943E+00 9.333E-02
  3.650963E+00 7.103E-02
  3.650983E+00 6.049E-02
  3.651003E+00 5.458E-02
  3.651023E+00 5.088E-02
  3.651062E+00 4.663E-02
  3.651121E+00 4.374E-02
  3.651200E+00 4.286E-02
  3.651277E+00 4.471E-02
  3.651316E+00 4.724E-02
  3.651354E+00 5.217E-02
  3.651373E+00 5.656E-02
  3.651393E+00 6.387E-02
  3.651412E+00 7.806E-02
  3.651431E+00 1.147E-01
  3.651450E+00 2.983E-01
  3.651469E+00 8.882E+00
  3.651488E+00 1.753E-01
  3.651507E+00 7.384E-02
  3.651526E+00 5.885E-02
  3.651544E+00 5.690E-02
  3.651563E+00 5.913E-02
  3.651582E+00 6.370E-02
  3.651601E+00 7.034E-02
  3.651620E+00 7.941E-02
  3.651638E+00 9.172E-02
  3.651657E+00 1.086E-01
  3.651676E+00 1.322E-01
  3.651694E+00 1.656E-01
  3.651713E+00 2.123E-01
  3.651750E+00 3.405E-01
  3.651768E+00 3.827E-01
  3.651787E+00 3.699E-01
  3.651805E+00 3.134E-01
  3.651823E+00 2.491E-01
  3.651842E+00 1.970E-01
  3.651860E+00 1.600E-01
  3.651878E+00 1.352E-01
  3.651896E+00 1.195E-01
  3.651914E+00 1.110E-01
  3.651933E+00 1.096E-01
  3.651951E+00 1.212E-01
  3.651969E+00 2.134E-01
  3.651987E+00 2.593E+00
  3.652005E+00 1.912E-01
  3.652023E+00 1.689E-01
  3.652041E+00 1.809E-01
  3.652059E+00 1.682E-01
  3.652077E+00 2.443E-01
  3.652094E+00 4.738E+00
  3.652112E+00 3.557E-01
  3.652130E+00 1.421E-01
  3.652148E+00 7.984E-02
  3.652165E+00 5.400E-02
  3.652183E+00 4.173E-02
  3.652201E+00 3.594E-02
  3.652218E+00 3.422E-02
  3.652236E+00 3.634E-02
  3.652254E+00 4.468E-02
  3.652271E+00 7.037E-02
  3.652289E+00 1.912E-01
  3.652306E+00 9.242E+00
  3.652323E+00 2.975E-01
  3.652341E+00 6.904E-02
  3.652358E+00 3.494E-02
  3.652376E+00 2.402E-02
  3.652393E+00 1.924E-02
  3.652410E+00 1.676E-02
  3.652427E+00 1.533E-02
  3.652445E+00 1.446E-02
  3.652479E+00 1.362E-02
  3.652513E+00 1.351E-02
  3.652547E+00 1.408E-02
  3.652564E+00 1.471E-02
  3.652581E+00 1.569E-02
  3.652598E+00 1.721E-02
  3.652615E+00 1.960E-02
  3.652632E+00 2.350E-02
  3.652649E+00 3.025E-02
  3.652666E+00 4.305E-02
  3.652682E+00 7.103E-02
  3.652699E+00 1.494E-01
  3.652716E+00 5.239E-01
  3.652733E+00 2.471E+01
  3.652749E+00 1.179E+00
  3.652766E+00 2.682E-01
  3.652783E+00 1.254E-01
  3.652799E+00 7.721E-02
  3.652816E+00 5.501E-02
  3.652832E+00 4.286E-02
  3.652849E+00 3.544E-02
  3.652865E+00 3.057E-02
  3.652882E+00 2.721E-02
  3.652898E+00 2.482E-02
  3.652914E+00 2.308E-02
  3.652947E+00 2.098E-02
  3.652980E+00 2.024E-02
  3.653012E+00 2.087E-02
  3.653028E+00 2.185E-02
  3.653044E+00 2.347E-02
  3.653060E+00 2.600E-02
  3.653077E+00 2.988E-02
  3.653093E+00 3.590E-02
  3.653109E+00 4.551E-02
  3.653125E+00 6.159E-02
  3.653141E+00 9.049E-02
  3.653157E+00 1.482E-01
  3.653172E+00 2.844E-01
  3.653188E+00 7.168E-01
  3.653204E+00 3.438E+00
  3.653220E+00 3.993E+01
  3.653236E+00 2.657E+00
  3.653252E+00 8.965E-01
  3.653267E+00 4.933E-01
  3.653283E+00 3.420E-01
  3.653299E+00 2.736E-01
  3.653315E+00 2.432E-01
  3.653330E+00 2.354E-01
  3.653346E+00 2.451E-01
  3.653361E+00 2.712E-01
  3.653377E+00 3.142E-01
  3.653392E+00 3.773E-01
  3.653408E+00 4.773E-01
  3.653423E+00 6.725E-01
  3.653439E+00 1.150E+00
  3.653454E+00 2.650E+00
  3.653470E+00 7.150E+00
  3.653485E+00 4.839E+00
  3.653500E+00 1.808E+00
  3.653516E+00 8.955E-01
  3.653531E+00 5.481E-01
  3.653546E+00 3.834E-01
  3.653562E+00 2.933E-01
  3.653577E+00 2.395E-01
  3.653592E+00 2.061E-01
  3.653607E+00 1.862E-01
  3.653622E+00 1.793E-01
  3.653653E+00 2.248E-01
  3.653668E+00 1.211E-01
  3.653683E+00 1.144E-01
  3.653713E+00 1.175E-01
  3.653743E+00 1.293E-01
  3.653757E+00 1.398E-01
  3.653772E+00 1.548E-01
  3.653787E+00 1.763E-01
  3.653802E+00 2.077E-01
  3.653817E+00 2.550E-01
  3.653832E+00 3.295E-01
  3.653846E+00 4.541E-01
  3.653861E+00 6.795E-01
  3.653876E+00 1.125E+00
  3.653890E+00 2.025E+00
  3.653905E+00 3.187E+00
  3.653920E+00 2.748E+00
  3.653934E+00 1.547E+00
  3.653949E+00 8.729E-01
  3.653963E+00 5.436E-01
  3.653978E+00 3.706E-01
  3.653992E+00 2.712E-01
  3.654007E+00 2.096E-01
  3.654021E+00 1.690E-01
  3.654036E+00 1.410E-01
  3.654050E+00 1.209E-01
  3.654065E+00 1.061E-01
  3.654079E+00 9.485E-02
  3.654093E+00 8.624E-02
  3.654122E+00 7.448E-02
  3.654150E+00 6.816E-02
  3.654165E+00 6.701E-02
  3.654179E+00 6.777E-02
  3.654193E+00 7.184E-02
  3.654207E+00 8.329E-02
  3.654221E+00 1.176E-01
  3.654235E+00 2.771E-01
  3.654249E+00 6.673E+00
  3.654263E+00 5.814E-01
  3.654278E+00 1.522E-01
  3.654292E+00 8.871E-02
  3.654305E+00 6.765E-02
  3.654319E+00 5.793E-02
  3.654333E+00 5.254E-02
  3.654347E+00 4.918E-02
  3.654375E+00 4.532E-02
  3.654416E+00 4.268E-02
  3.654471E+00 4.189E-02
  3.654526E+00 4.360E-02
  3.654553E+00 4.594E-02
  3.654567E+00 4.783E-02
  3.654580E+00 5.053E-02
  3.654594E+00 5.465E-02
  3.654607E+00 6.155E-02
  3.654621E+00 7.513E-02
  3.654634E+00 1.111E-01
  3.654647E+00 3.046E-01
  3.654661E+00 5.052E+00
  3.654674E+00 1.460E-01
  3.654688E+00 6.698E-02
  3.654701E+00 5.470E-02
  3.654714E+00 5.306E-02
  3.654727E+00 5.486E-02
  3.654741E+00 5.854E-02
  3.654754E+00 6.381E-02
  3.654767E+00 7.090E-02
  3.654780E+00 8.033E-02
  3.654793E+00 9.304E-02
  3.654807E+00 1.105E-01
  3.654820E+00 1.348E-01
  3.654833E+00 1.692E-01
  3.654846E+00 2.174E-01
  3.654872E+00 3.482E-01
  3.654885E+00 3.882E-01
  3.654898E+00 3.709E-01
  3.654924E+00 2.459E-01
  3.654937E+00 1.941E-01
  3.654950E+00 1.575E-01
  3.654963E+00 1.331E-01
  3.654976E+00 1.175E-01
  3.654988E+00 1.085E-01
  3.655001E+00 1.054E-01
  3.655014E+00 1.095E-01
  3.655027E+00 1.328E-01
  3.655040E+00 4.367E-01
  3.655052E+00 4.077E-01
  3.655065E+00 1.079E+00
  3.655078E+00 9.691E-01
  3.655090E+00 5.957E-01
  3.655103E+00 5.037E-01
  3.655116E+00 3.285E-01
  3.655128E+00 1.860E-01
  3.655141E+00 1.098E-01
  3.655153E+00 7.185E-02
  3.655166E+00 5.234E-02
  3.655179E+00 4.211E-02
  3.655191E+00 3.714E-02
  3.655204E+00 3.588E-02
  3.655216E+00 3.850E-02
  3.655229E+00 4.773E-02
  3.655241E+00 7.557E-02
  3.655253E+00 2.043E-01
  3.655266E+00 8.265E+00
  3.655278E+00 3.396E-01
  3.655291E+00 7.617E-02
  3.655303E+00 3.776E-02
  3.655315E+00 2.557E-02
  3.655327E+00 2.025E-02
  3.655340E+00 1.750E-02
  3.655352E+00 1.592E-02
  3.655364E+00 1.497E-02
  3.655376E+00 1.439E-02
  3.655401E+00 1.394E-02
  3.655425E+00 1.422E-02
  3.655437E+00 1.467E-02
  3.655449E+00 1.543E-02
  3.655461E+00 1.661E-02
  3.655473E+00 1.846E-02
  3.655486E+00 2.140E-02
  3.655498E+00 2.632E-02
  3.655510E+00 3.513E-02
  3.655522E+00 5.271E-02
  3.655534E+00 9.455E-02
  3.655545E+00 2.326E-01
  3.655557E+00 1.289E+00
  3.655569E+00 1.317E+01
  3.655581E+00 5.604E-01
  3.655593E+00 1.910E-01
  3.655605E+00 1.026E-01
  3.655617E+00 6.781E-02
  3.655629E+00 5.039E-02
  3.655640E+00 4.036E-02
  3.655652E+00 3.402E-02
  3.655664E+00 2.976E-02
  3.655676E+00 2.676E-02
  3.655687E+00 2.460E-02
  3.655711E+00 2.187E-02
  3.655734E+00 2.061E-02
  3.655757E+00 2.059E-02
  3.655769E+00 2.112E-02
  3.655780E+00 2.214E-02
  3.655792E+00 2.380E-02
  3.655804E+00 2.640E-02
  3.655815E+00 3.043E-02
  3.655827E+00 3.673E-02
  3.655838E+00 4.693E-02
  3.655850E+00 6.431E-02
  3.655861E+00 9.632E-02
  3.655872E+00 1.626E-01
  3.655884E+00 3.287E-01
  3.655895E+00 9.211E-01
  3.655907E+00 6.129E+00
  3.655918E+00 1.463E+01
  3.655929E+00 1.799E+00
  3.655941E+00 7.248E-01
  3.655952E+00 4.318E-01
  3.655963E+00 3.147E-01
  3.655975E+00 2.617E-01
  3.655986E+00 2.404E-01
  3.655997E+00 2.399E-01
  3.656008E+00 2.570E-01
  3.656019E+00 2.916E-01
  3.656031E+00 3.471E-01
  3.656042E+00 4.359E-01
  3.656053E+00 6.019E-01
  3.656064E+00 9.852E-01
  3.656075E+00 2.114E+00
  3.656086E+00 5.980E+00
  3.656097E+00 6.101E+00
  3.656108E+00 2.204E+00
  3.656119E+00 1.019E+00
  3.656130E+00 5.973E-01
  3.656142E+00 4.064E-01
  3.656153E+00 3.053E-01
  3.656163E+00 2.463E-01
  3.656174E+00 2.103E-01
  3.656185E+00 1.894E-01
  3.656196E+00 1.822E-01
  3.656207E+00 2.021E-01
  3.656218E+00 3.260E-01
  3.656229E+00 1.433E-01
  3.656240E+00 1.124E-01
  3.656251E+00 1.099E-01
  3.656262E+00 1.116E-01
  3.656283E+00 1.221E-01
  3.656294E+00 1.315E-01
  3.656305E+00 1.451E-01
  3.656315E+00 1.647E-01
  3.656326E+00 1.931E-01
  3.656337E+00 2.357E-01
  3.656348E+00 3.024E-01
  3.656358E+00 4.129E-01
  3.656369E+00 6.105E-01
  3.656380E+00 9.957E-01
  3.656390E+00 1.774E+00
  3.656401E+00 2.882E+00
  3.656411E+00 2.691E+00
  3.656422E+00 1.566E+00
  3.656432E+00 8.818E-01
  3.656443E+00 5.444E-01
  3.656454E+00 3.685E-01
  3.656464E+00 2.682E-01
  3.656475E+00 2.065E-01
  3.656485E+00 1.660E-01
  3.656496E+00 1.382E-01
  3.656506E+00 1.183E-01
  3.656516E+00 1.036E-01
  3.656537E+00 8.397E-02
  3.656558E+00 7.219E-02
  3.656568E+00 6.827E-02
  3.656589E+00 6.385E-02
  3.656599E+00 6.372E-02
  3.656610E+00 6.597E-02
  3.656620E+00 7.314E-02
  3.656630E+00 9.399E-02
  3.656640E+00 1.755E-01
  3.656651E+00 1.213E+00
  3.656661E+00 1.158E+00
  3.656671E+00 1.767E-01
  3.656681E+00 9.210E-02
  3.656691E+00 6.784E-02
  3.656702E+00 5.739E-02
  3.656712E+00 5.181E-02
  3.656722E+00 4.841E-02
  3.656742E+00 4.459E-02
  3.656772E+00 4.201E-02
  3.656800E+00 4.123E-02
  3.666790E+00 1.032E+00
  3.666800E+00 1.014E+00
  3.691743E+00 8.509E-01
  3.716686E+00 7.773E-01
  3.741630E+00 7.349E-01
  3.791516E+00 6.912E-01
  3.966119E+00 6.788E-01
  4.190609E+00 6.364E-01
  4.864078E+00 4.516E-01
  5.263171E+00 3.644E-01
  5.836868E+00 2.725E-01
  6.111244E+00 2.397E-01
  6.234701E+00 2.257E-01
  6.360647E+00 2.126E-01
  6.489141E+00 2.002E-01
  6.620233E+00 1.886E-01
  6.753971E+00 1.776E-01
  6.890408E+00 1.672E-01
  7.029601E+00 1.575E-01
  7.171609E+00 1.483E-01
  7.316484E+00 1.397E-01
  7.464293E+00 1.316E-01
  7.615078E+00 1.239E-01
  7.768911E+00 1.167E-01
  7.925858E+00 1.099E-01
  8.085968E+00 1.035E-01
  8.249313E+00 9.745E-02
  8.415963E+00 9.178E-02
  8.585976E+00 8.643E-02
  8.759427E+00 8.140E-02
  8.936375E+00 7.666E-02
  9.116907E+00 7.220E-02
  9.301076E+00 6.799E-02
  9.488970E+00 6.403E-02
  9.680663E+00 6.030E-02
  9.876225E+00 5.679E-02
  1.007573E+01 5.348E-02
  1.027928E+01 5.037E-02
  1.048694E+01 4.744E-02
  1.069879E+01 4.467E-02
  1.091492E+01 4.207E-02
  1.113541E+01 3.962E-02
  1.136036E+01 3.731E-02
  1.158986E+01 3.514E-02
  1.182399E+01 3.310E-02
  1.206285E+01 3.117E-02
  1.230654E+01 2.935E-02
  1.255514E+01 2.764E-02
  1.280877E+01 2.603E-02
  1.306753E+01 2.452E-02
  1.333151E+01 2.309E-02
  1.360082E+01 2.175E-02
  1.387558E+01 2.048E-02
  1.415588E+01 1.929E-02
  1.444185E+01 1.816E-02
  1.473359E+01 1.711E-02
  1.503124E+01 1.611E-02
  1.533489E+01 1.517E-02
  1.564467E+01 1.429E-02
  1.596071E+01 1.346E-02
  1.628314E+01 1.267E-02
  1.661208E+01 1.193E-02
  1.694765E+01 1.124E-02
  1.729002E+01 1.058E-02
  1.763930E+01 9.968E-03
  1.799565E+01 9.388E-03
  1.835918E+01 8.841E-03
  1.873006E+01 8.326E-03
  1.910843E+01 7.841E-03
  1.949445E+01 7.385E-03
  1.988824E+01 6.955E-03
  2.029004E+01 6.550E-03
  2.069991E+01 6.168E-03
  2.111809E+01 5.809E-03
  2.154469E+01 5.471E-03
  2.197993E+01 5.152E-03
  2.242393E+01 4.852E-03
  2.287695E+01 4.569E-03
  2.333908E+01 4.303E-03