  1.683764E-02 2.183E+01
  1.684761E-02 2.286E+01
  6.813228E-02 2.098E+00
  1.181131E-01 7.810E-01
  1.668338E-01 4.183E-01
  2.143365E-01 2.664E-01
  2.606613E-01 1.871E-01
  3.058470E-01 1.394E-01
  3.499305E-01 1.080E-01
  3.929474E-01 8.623E-02
  4.349319E-01 7.061E-02
  4.759167E-01 5.917E-02
  5.159333E-01 5.064E-02
  5.550120E-01 4.413E-02
  5.931818E-01 3.901E-02
  6.669058E-01 3.141E-02
  7.373163E-01 2.588E-02
  8.371436E-01 1.985E-02
  9.305540E-01 1.575E-02
  1.018086E+00 1.305E-02
  1.126479E+00 1.078E-02
  1.296047E+00 8.320E-03
  1.482504E+00 6.135E-03
  1.607345E+00 5.068E-03
  1.732228E+00 4.376E-03
  1.969800E+00 3.602E-03
  2.270137E+00 2.715E-03
  2.363564E+00 2.585E-03
  2.413321E+00 2.645E-03
  2.440494E+00 2.808E-03
  2.457602E+00 3.069E-03
  2.465872E+00 3.318E-03
  2.469938E+00 3.505E-03
  2.473960E+00 3.764E-03
  2.477937E+00 4.143E-03
  2.481871E+00 4.749E-03
  2.485762E+00 5.850E-03
  2.489610E+00 8.386E-03
  2.493417E+00 1.849E-02
  2.497183E+00 8.660E-01
  2.500908E+00 2.368E-03
  2.504594E+00 1.316E-06
  2.508240E+00 2.111E-04
  2.511847E+00 4.983E-04
  2.515416E+00 7.278E-04
  2.518947E+00 9.041E-04
  2.522441E+00 1.041E-03
  2.529320E+00 1.238E-03
  2.539372E+00 1.424E-03
  2.555448E+00 1.597E-03
  2.588078E+00 1.771E-03
  2.743334E+00 2.166E-03
  2.783936E+00 2.390E-03
  2.805857E+00 2.650E-03
  2.818795E+00 2.965E-03
  2.826494E+00 3.328E-03
  2.831380E+00 3.741E-03
  2.834534E+00 4.180E-03
  2.836846E+00 4.680E-03
  2.839115E+00 5.464E-03
  2.840604E+00 6.288E-03
  2.841342E+00 6.858E-03
  2.842075E+00 7.594E-03
  2.842803E+00 8.577E-03
  2.843526E+00 9.943E-03
  2.844246E+00 1.196E-02
  2.844960E+00 1.516E-02
  2.845671E+00 2.086E-02
  2.846377E+00 3.306E-02
  2.847078E+00 6.988E-02
  2.847775E+00 3.504E-01
  2.848468E+00 8.059E-01
  2.849157E+00 4.900E-02
  2.849841E+00 1.191E-02
  2.850522E+00 4.045E-03
  2.851198E+00 1.524E-03
  2.851870E+00 5.650E-04
  2.852538E+00 1.805E-04
  2.853202E+00 3.692E-05
  2.853861E+00 4.690E-07
  2.854517E+00 1.078E-05
  2.855169E+00 3.734E-05
  2.855817E+00 6.208E-05
  2.856461E+00 7.118E-05
  2.857102E+00 5.105E-05
  2.857738E+00 2.915E-06
  2.858371E+00 4.598E-04
  2.859000E+00 7.682E-02
  2.859625E+00 3.704E-03
  2.860246E+00 2.159E-03
  2.860864E+00 1.750E-03
  2.861478E+00 1.588E-03
  2.862089E+00 1.516E-03
  2.863299E+00 1.475E-03
  2.866263E+00 1.539E-03
  2.885281E+00 2.183E-03
  2.899718E+00 2.700E-03
  2.908061E+00 3.158E-03
  2.913582E+00 3.651E-03
  2.917137E+00 4.186E-03
  2.918693E+00 4.608E-03
  2.919305E+00 4.971E-03
  2.919608E+00 5.441E-03
  2.919911E+00 9.480E-03
  2.920212E+00 3.347E-03
  2.920512E+00 4.184E-03
  2.920810E+00 4.485E-03
  2.922571E+00 5.372E-03
  2.924283E+00 6.339E-03
  2.925675E+00 7.540E-03
  2.926496E+00 8.587E-03
  2.927305E+00 1.007E-02
  2.927838E+00 1.145E-02
  2.928367E+00 1.334E-02
  2.928891E+00 1.606E-02
  2.929151E+00 1.791E-02
  2.929410E+00 2.027E-02
  2.929668E+00 2.332E-02
  2.929925E+00 2.742E-02
  2.930180E+00 3.315E-02
  2.930435E+00 4.156E-02
  2.930688E+00 5.480E-02
  2.930941E+00 7.773E-02
  2.931192E+00 1.237E-01
  2.931442E+00 2.414E-01
  2.931691E+00 7.499E-01
  2.931939E+00 1.676E+01
  2.932186E+00 1.179E+00
  2.932431E+00 2.270E-01
  2.932676E+00 8.567E-02
  2.932920E+00 4.179E-02
  2.933162E+00 2.331E-02
  2.933404E+00 1.409E-02
  2.933644E+00 8.975E-03
  2.933884E+00 5.926E-03
  2.934122E+00 4.012E-03
  2.934359E+00 2.765E-03
  2.934596E+00 1.931E-03
  2.934831E+00 1.362E-03
  2.935066E+00 9.695E-04
  2.935299E+00 6.977E-04
  2.935531E+00 5.102E-04
  2.935763E+00 3.832E-04
  2.935993E+00 3.013E-04
  2.936222E+00 2.554E-04
  2.936451E+00 2.435E-04
  2.936678E+00 2.750E-04
  2.936905E+00 3.878E-04
  2.937130E+00 7.214E-04
  2.937355E+00 1.948E-03
  2.937578E+00 1.098E-02
  2.937801E+00 1.039E+00
  2.938023E+00 1.275E-02
  2.938243E+00 4.747E-03
  2.938463E+00 2.926E-03
  2.938682E+00 2.219E-03
  2.938900E+00 1.874E-03
  2.939117E+00 1.686E-03
  2.939334E+00 1.578E-03
  2.939763E+00 1.481E-03
  2.940401E+00 1.466E-03
  2.941654E+00 1.586E-03
  2.947477E+00 2.488E-03
  2.952486E+00 3.410E-03
  2.956824E+00 4.406E-03
  2.957408E+00 4.366E-03
  2.957553E+00 4.276E-03
  2.957697E+00 4.092E-03
  2.957840E+00 3.688E-03
  2.957983E+00 2.536E-03
  2.958126E+00 2.493E-01
  2.958268E+00 9.486E-03
  2.958410E+00 7.339E-03
  2.958550E+00 6.759E-03
  2.958691E+00 6.524E-03
  2.959109E+00 6.382E-03
  2.960068E+00 6.805E-03
  2.961266E+00 7.861E-03
  2.962300E+00 9.307E-03
  2.963056E+00 1.091E-02
  2.963674E+00 1.283E-02
  2.964161E+00 1.502E-02
  2.964642E+00 1.822E-02
  2.964998E+00 2.174E-02
  2.965233E+00 2.498E-02
  2.965467E+00 2.934E-02
  2.965699E+00 3.546E-02
  2.965814E+00 3.951E-02
  2.965929E+00 4.453E-02
  2.966044E+00 5.086E-02
  2.966158E+00 5.903E-02
  2.966272E+00 6.989E-02
  2.966386E+00 8.480E-02
  2.966499E+00 1.062E-01
  2.966612E+00 1.388E-01
  2.966724E+00 1.923E-01
  2.966836E+00 2.903E-01
  2.966948E+00 5.040E-01
  2.967059E+00 1.138E+00
  2.967170E+00 5.127E+00
  2.967280E+00 7.588E+01
  2.967390E+00 2.356E+00
  2.967500E+00 6.520E-01
  2.967610E+00 2.890E-01
  2.967719E+00 1.578E-01
  2.967827E+00 9.704E-02
  2.967936E+00 6.447E-02
  2.968044E+00 4.526E-02
  2.968151E+00 3.315E-02
  2.968259E+00 2.516E-02
  2.968366E+00 1.969E-02
  2.968472E+00 1.589E-02
  2.968578E+00 1.323E-02
  2.968684E+00 1.142E-02
  2.968790E+00 1.030E-02
  2.968895E+00 9.855E-03
  2.969000E+00 1.024E-02
  2.969104E+00 1.207E-02
  2.969208E+00 1.758E-02
  2.969312E+00 3.972E-02
  2.969415E+00 4.835E-01
  2.969519E+00 1.003E-01
  2.969621E+00 1.403E-02
  2.969724E+00 5.132E-03
  2.969826E+00 2.720E-03
  2.969928E+00 1.788E-03
  2.970029E+00 1.356E-03
  2.970130E+00 1.137E-03
  2.970231E+00 1.023E-03
  2.970332E+00 9.670E-04
  2.970432E+00 9.464E-04
  2.970631E+00 9.668E-04
  2.970928E+00 1.078E-03
  2.971416E+00 1.353E-03
  2.972649E+00 2.219E-03
  2.974797E+00 3.934E-03
  2.977425E+00 6.390E-03
  2.977737E+00 6.467E-03
  2.977891E+00 6.316E-03
  2.977968E+00 6.127E-03
  2.978044E+00 5.790E-03
  2.978120E+00 5.174E-03
  2.978197E+00 3.944E-03
  2.978272E+00 1.128E-03
  2.978348E+00 3.510E+01
  2.978423E+00 2.360E-02
  2.978499E+00 1.571E-02
  2.978574E+00 1.356E-02
  2.978648E+00 1.264E-02
  2.978797E+00 1.196E-02
  2.979019E+00 1.187E-02
  2.979456E+00 1.268E-02
  2.980028E+00 1.467E-02
  2.980587E+00 1.764E-02
  2.981065E+00 2.146E-02
  2.981468E+00 2.626E-02
  2.981732E+00 3.076E-02
  2.981994E+00 3.700E-02
  2.982189E+00 4.345E-02
  2.982381E+00 5.234E-02
  2.982509E+00 6.034E-02
  2.982636E+00 7.085E-02
  2.982762E+00 8.514E-02
  2.982825E+00 9.432E-02
  2.982887E+00 1.054E-01
  2.982950E+00 1.189E-01
  2.983012E+00 1.357E-01
  2.983074E+00 1.571E-01
  2.983136E+00 1.847E-01
  2.983198E+00 2.215E-01
  2.983260E+00 2.723E-01
  2.983321E+00 3.455E-01
  2.983382E+00 4.567E-01
  2.983444E+00 6.389E-01
  2.983505E+00 9.706E-01
  2.983565E+00 1.681E+00
  2.983626E+00 3.699E+00
  2.983686E+00 1.466E+01
  2.983747E+00 7.334E+02
  2.983807E+00 1.200E+01
  2.983867E+00 3.046E+00
  2.983927E+00 1.333E+00
  2.983986E+00 7.337E-01
  2.984046E+00 4.591E-01
  2.984105E+00 3.120E-01
  2.984164E+00 2.249E-01
  2.984223E+00 1.695E-01
  2.984282E+00 1.326E-01
  2.984341E+00 1.071E-01
  2.984399E+00 8.913E-02
  2.984458E+00 7.644E-02
  2.984516E+00 6.772E-02
  2.984574E+00 6.230E-02
  2.984632E+00 6.010E-02
  2.984689E+00 6.186E-02
  2.984747E+00 7.008E-02
  2.984804E+00 9.317E-02
  2.984862E+00 1.706E-01
  2.984919E+00 8.412E-01
  2.984976E+00 1.311E+00
  2.985033E+00 7.698E-02
  2.985089E+00 1.903E-02
  2.985146E+00 7.126E-03
  2.985202E+00 3.352E-03
  2.985258E+00 1.864E-03
  2.985314E+00 1.193E-03
  2.985370E+00 8.651E-04
  2.985426E+00 6.993E-04
  2.985482E+00 6.186E-04
  2.985537E+00 5.875E-04
  2.985593E+00 5.882E-04
  2.985648E+00 6.111E-04
  2.985703E+00 6.508E-04
  2.985812E+00 7.685E-04
  2.985921E+00 9.256E-04
  2.986084E+00 1.217E-03
  2.986352E+00 1.812E-03
  2.986721E+00 2.801E-03
  2.987237E+00 4.426E-03
  2.987889E+00 6.837E-03
  2.989128E+00 1.220E-02
  2.989312E+00 1.252E-02
  2.989403E+00 1.231E-02
  2.989494E+00 1.151E-02
  2.989539E+00 1.069E-02
  2.989584E+00 9.328E-03
  2.989629E+00 7.017E-03
  2.989674E+00 3.012E-03
  2.989719E+00 2.559E-03
  2.989763E+00 8.173E-01
  2.989808E+00 7.476E-02
  2.989852E+00 4.715E-02
  2.989896E+00 3.887E-02
  2.989941E+00 3.518E-02
  2.989985E+00 3.327E-02
  2.990072E+00 3.170E-02
  2.990203E+00 3.160E-02
  2.990462E+00 3.435E-02
  2.990760E+00 4.008E-02
  2.991052E+00 4.837E-02
  2.991299E+00 5.823E-02
  2.991542E+00 7.199E-02
  2.991742E+00 8.813E-02
  2.991901E+00 1.059E-01
  2.992057E+00 1.306E-01
  2.992174E+00 1.561E-01
  2.992290E+00 1.911E-01
  2.992367E+00 2.224E-01
  2.992443E+00 2.631E-01
  2.992519E+00 3.178E-01
  2.992595E+00 3.938E-01
  2.992633E+00 4.437E-01
  2.992670E+00 5.046E-01
  2.992708E+00 5.803E-01
  2.992745E+00 6.761E-01
  2.992783E+00 7.999E-01
  2.992820E+00 9.641E-01
  2.992857E+00 1.189E+00
  2.992894E+00 1.509E+00
  2.992931E+00 1.988E+00
  2.992968E+00 2.753E+00
  2.993005E+00 4.092E+00
  2.993042E+00 6.774E+00
  2.993078E+00 1.349E+01
  2.993115E+00 3.969E+01
  2.993152E+00 4.922E+02
  2.993188E+00 1.715E+02
  2.993224E+00 2.653E+01
  2.993261E+00 1.015E+01
  2.993297E+00 5.290E+00
  2.993333E+00 3.232E+00
  2.993369E+00 2.177E+00
  2.993405E+00 1.568E+00
  2.993441E+00 1.188E+00
  2.993476E+00 9.361E-01
  2.993512E+00 7.632E-01
  2.993548E+00 6.414E-01
  2.993583E+00 5.551E-01
  2.993619E+00 4.950E-01
  2.993654E+00 4.563E-01
  2.993689E+00 4.377E-01
  2.993724E+00 4.417E-01
  2.993760E+00 4.786E-01
  2.993795E+00 5.788E-01
  2.993830E+00 8.511E-01
  2.993864E+00 1.953E+00
  2.993899E+00 4.096E+01
  2.993934E+00 2.143E+00
  2.993969E+00 2.756E-01
  2.994003E+00 7.380E-02
  2.994038E+00 2.560E-02
  2.994072E+00 1.011E-02
  2.994106E+00 4.326E-03
  2.994141E+00 1.975E-03
  2.994175E+00 9.688E-04
  2.994209E+00 5.243E-04
  2.994243E+00 3.258E-04
  2.994277E+00 2.411E-04
  2.994311E+00 2.145E-04
  2.994344E+00 2.234E-04
  2.994378E+00 2.596E-04
  2.994412E+00 3.210E-04
  2.994445E+00 4.079E-04
  2.994479E+00 5.214E-04
  2.994512E+00 6.627E-04
  2.994546E+00 8.325E-04
  2.994579E+00 1.031E-03
  2.994612E+00 1.260E-03
  2.994678E+00 1.804E-03
  2.994744E+00 2.463E-03
  2.994810E+00 3.233E-03
  2.994907E+00 4.587E-03
  2.995037E+00 6.746E-03
  2.995197E+00 9.985E-03
  2.995355E+00 1.381E-02
  2.995543E+00 1.920E-02
  2.995790E+00 2.782E-02
  2.996062E+00 3.956E-02
  2.996417E+00 5.625E-02
  2.996504E+00 5.845E-02
  2.996562E+00 5.800E-02
  2.996591E+00 5.670E-02
  2.996620E+00 5.425E-02
  2.996649E+00 5.010E-02
  2.996677E+00 4.336E-02
  2.996706E+00 3.256E-02
  2.996734E+00 1.584E-02
  2.996763E+00 7.327E-05
  2.996791E+00 4.644E-01
  2.996820E+00 2.235E+00
  2.996848E+00 5.380E-01
  2.996876E+00 3.511E-01
  2.996904E+00 2.883E-01
  2.996933E+00 2.596E-01
  2.996961E+00 2.449E-01
  2.997017E+00 2.343E-01
  2.997100E+00 2.384E-01
  2.997211E+00 2.604E-01
  2.997347E+00 3.050E-01
  2.997483E+00 3.679E-01
  2.997617E+00 4.535E-01
  2.997723E+00 5.441E-01
  2.997828E+00 6.619E-01
  2.997933E+00 8.175E-01
  2.998036E+00 1.027E+00
  2.998114E+00 1.236E+00
  2.998190E+00 1.507E+00
  2.998266E+00 1.866E+00
  2.998317E+00 2.174E+00
  2.998392E+00 2.783E+00
  2.998442E+00 3.327E+00
  2.998492E+00 4.031E+00
  2.998542E+00 4.961E+00
  2.998567E+00 5.540E+00
  2.998616E+00 7.020E+00
  2.998641E+00 7.974E+00
  2.998665E+00 9.119E+00
  2.998690E+00 1.051E+01
  2.998714E+00 1.222E+01
  2.998738E+00 1.435E+01
  2.998763E+00 1.704E+01
  2.998787E+00 2.051E+01
  2.998811E+00 2.508E+01
  2.998836E+00 3.123E+01
  2.998860E+00 3.979E+01
  2.998884E+00 5.212E+01
  2.998908E+00 7.076E+01
  2.998932E+00 1.007E+02
  2.998956E+00 1.531E+02
  2.998980E+00 2.563E+02
  2.999004E+00 5.037E+02
  2.999027E+00 1.355E+03
  2.999051E+00 9.248E+03
  2.999075E+00 2.357E+04
  2.999098E+00 2.063E+03
  2.999122E+00 7.271E+02
  2.999146E+00 3.772E+02
  2.999169E+00 2.357E+02
  2.999193E+00 1.645E+02
  2.999216E+00 1.237E+02
  2.999239E+00 9.837E+01
  2.999263E+00 8.171E+01
  2.999286E+00 7.042E+01
  2.999309E+00 6.272E+01
  2.999333E+00 5.762E+01
  2.999356E+00 5.461E+01
  2.999379E+00 5.352E+01
  2.999402E+00 5.449E+01
  2.999425E+00 5.815E+01
  2.999448E+00 6.605E+01
  2.999471E+00 8.216E+01
  2.999494E+00 1.187E+02
  2.999516E+00 2.306E+02
  2.999539E+00 1.096E+03
  2.999562E+00 2.814E+03
  2.999585E+00 1.355E+02
  2.999607E+00 3.089E+01
  2.999630E+00 1.005E+01
  2.999653E+00 3.692E+00
  2.999675E+00 1.367E+00
  2.999698E+00 4.575E-01
  2.999720E+00 1.120E-01
  2.999742E+00 7.781E-03
  2.999765E+00 8.957E-03
  2.999787E+00 5.444E-02
  2.999809E+00 1.158E-01
  2.999831E+00 1.796E-01
  2.999876E+00 2.936E-01
  2.999898E+00 3.406E-01
  2.999942E+00 4.143E-01
  2.999986E+00 4.652E-01
  3.000051E+00 5.100E-01
  3.000138E+00 5.322E-01
  3.000288E+00 5.210E-01
  3.001089E+00 3.180E-01
  3.001207E+00 2.716E-01
  3.001265E+00 2.347E-01
  3.001304E+00 1.981E-01
  3.001323E+00 1.735E-01
  3.001343E+00 1.425E-01
  3.001362E+00 1.028E-01
  3.001381E+00 5.241E-02
  3.001401E+00 3.153E-03
  3.001420E+00 1.553E-01
  3.001439E+00 2.088E+01
  3.001458E+00 5.122E+00
  3.001477E+00 1.755E+00
  3.001496E+00 1.138E+00
  3.001515E+00 8.952E-01
  3.001534E+00 7.678E-01
  3.001553E+00 6.902E-01
  3.001572E+00 6.382E-01
  3.001610E+00 5.738E-01
  3.001666E+00 5.228E-01
  3.001759E+00 4.856E-01
  3.001888E+00 4.733E-01
  3.002051E+00 4.927E-01
  3.002194E+00 5.404E-01
  3.002317E+00 6.154E-01
  3.002405E+00 6.997E-01
  3.002491E+00 8.273E-01
  3.002559E+00 9.815E-01
  3.002611E+00 1.148E+00
  3.002661E+00 1.386E+00
  3.002695E+00 1.607E+00
  3.002729E+00 1.907E+00
  3.002762E+00 2.329E+00
  3.002779E+00 2.608E+00
  3.002796E+00 2.951E+00
  3.002812E+00 3.381E+00
  3.002829E+00 3.931E+00
  3.002845E+00 4.650E+00
  3.002862E+00 5.618E+00
  3.002878E+00 6.968E+00
  3.002895E+00 8.936E+00
  3.002911E+00 1.197E+01
  3.002928E+00 1.704E+01
  3.002944E+00 2.651E+01
  3.002961E+00 4.757E+01
  3.002977E+00 1.117E+02
  3.002993E+00 5.346E+02
  3.003010E+00 6.783E+03
  3.003026E+00 2.426E+02
  3.003042E+00 7.091E+01
  3.003058E+00 3.295E+01
  3.003074E+00 1.886E+01
  3.003091E+00 1.217E+01
  3.003107E+00 8.492E+00
  3.003123E+00 6.274E+00
  3.003139E+00 4.843E+00
  3.003155E+00 3.876E+00
  3.003171E+00 3.201E+00
  3.003187E+00 2.721E+00
  3.003203E+00 2.379E+00
  3.003219E+00 2.143E+00
  3.003235E+00 1.996E+00
  3.003251E+00 1.936E+00
  3.003266E+00 1.979E+00
  3.003282E+00 2.181E+00
  3.003298E+00 2.710E+00
  3.003314E+00 4.211E+00
  3.003329E+00 1.151E+01
  3.003345E+00 3.121E+03
  3.003361E+00 4.558E+00
  3.003376E+00 7.040E-01
  3.003392E+00 1.793E-01
  3.003408E+00 5.226E-02
  3.003423E+00 1.470E-02
  3.003439E+00 3.223E-03
  3.003454E+00 2.626E-04
  3.003470E+00 9.832E-05
  3.003485E+00 7.175E-04
  3.003501E+00 1.405E-03
  3.003516E+00 1.931E-03
  3.003531E+00 2.247E-03
  3.003547E+00 2.373E-03
  3.003562E+00 2.350E-03
  3.003577E+00 2.219E-03
  3.003593E+00 2.017E-03
  3.003653E+00 9.915E-04
  3.003684E+00 5.526E-04
  3.003699E+00 3.770E-04
  3.003714E+00 2.343E-04
  3.003729E+00 1.255E-04
  3.003744E+00 5.075E-05
  3.003759E+00 9.525E-06
  3.003774E+00 8.089E-07
  3.003789E+00 2.327E-05
  3.003804E+00 7.538E-05
  3.003819E+00 1.554E-04
  3.003833E+00 2.618E-04
  3.003848E+00 3.925E-04
  3.003863E+00 5.461E-04
  3.003878E+00 7.207E-04
  3.003893E+00 9.146E-04
  3.003937E+00 1.598E-03
  3.003981E+00 2.403E-03
  3.004068E+00 4.255E-03
  3.004296E+00 9.530E-03
  3.004394E+00 1.127E-02
  3.004449E+00 1.169E-02
  3.004490E+00 1.139E-02
  3.004518E+00 1.066E-02
  3.004545E+00 9.183E-03
  3.004559E+00 8.011E-03
  3.004572E+00 6.427E-03
  3.004586E+00 4.329E-03
  3.004599E+00 1.767E-03
  3.004613E+00 6.503E-06
  3.004627E+00 1.221E-02
  3.004640E+00 4.742E-01
  3.004653E+00 8.307E-01
  3.004667E+00 1.815E-01
  3.004680E+00 1.059E-01
  3.004694E+00 8.008E-02
  3.004707E+00 6.766E-02
  3.004721E+00 6.064E-02
  3.004734E+00 5.629E-02
  3.004760E+00 5.155E-02
  3.004800E+00 4.893E-02
  3.004866E+00 4.918E-02
  3.004957E+00 5.364E-02
  3.005060E+00 6.255E-02
  3.005149E+00 7.413E-02
  3.005225E+00 8.821E-02
  3.005300E+00 1.085E-01
  3.005349E+00 1.274E-01
  3.005398E+00 1.535E-01
  3.005435E+00 1.801E-01
  3.005472E+00 2.161E-01
  3.005508E+00 2.667E-01
  3.005532E+00 3.130E-01
  3.005556E+00 3.749E-01
  3.005580E+00 4.602E-01
  3.005592E+00 5.158E-01
  3.005604E+00 5.833E-01
  3.005616E+00 6.664E-01
  3.005628E+00 7.707E-01
  3.005639E+00 9.039E-01
  3.005651E+00 1.078E+00
  3.005663E+00 1.313E+00
  3.005675E+00 1.639E+00
  3.005687E+00 2.114E+00
  3.005699E+00 2.842E+00
  3.005710E+00 4.048E+00
  3.005722E+00 6.265E+00
  3.005734E+00 1.106E+01
  3.005745E+00 2.484E+01
  3.005757E+00 1.006E+02
  3.005769E+00 5.394E+03
  3.005780E+00 8.613E+01
  3.005792E+00 2.239E+01
  3.005804E+00 1.004E+01
  3.005815E+00 5.672E+00
  3.005827E+00 3.645E+00
  3.005838E+00 2.546E+00
  3.005850E+00 1.887E+00
  3.005862E+00 1.464E+00
  3.005873E+00 1.178E+00
  3.005885E+00 9.787E-01
  3.005896E+00 8.369E-01
  3.005907E+00 7.359E-01
  3.005919E+00 6.661E-01
  3.005930E+00 6.223E-01
  3.005942E+00 6.038E-01
  3.005953E+00 6.149E-01
  3.005964E+00 6.698E-01
  3.005976E+00 8.097E-01
  3.005987E+00 1.178E+00
  3.005998E+00 2.617E+00
  3.006010E+00 4.379E+01
  3.006021E+00 3.029E+00
  3.006032E+00 3.454E-01
  3.006043E+00 8.027E-02
  3.006055E+00 2.221E-02
  3.006066E+00 5.907E-03
  3.006077E+00 1.151E-03
  3.006088E+00 4.756E-05
  3.006099E+00 1.140E-04
  3.006110E+00 4.948E-04
  3.006122E+00 8.890E-04
  3.006133E+00 1.200E-03
  3.006144E+00 1.409E-03
  3.006155E+00 1.523E-03
  3.006166E+00 1.560E-03
  3.006177E+00 1.538E-03
  3.006188E+00 1.473E-03
  3.006210E+00 1.263E-03
  3.006265E+00 6.347E-04
  3.006275E+00 5.244E-04
  3.006286E+00 4.237E-04
  3.006297E+00 3.335E-04
  3.006308E+00 2.542E-04
  3.006319E+00 1.859E-04
  3.006330E+00 1.287E-04
  3.006340E+00 8.239E-05
  3.006351E+00 4.674E-05
  3.006362E+00 2.140E-05
  3.006373E+00 5.992E-06
  3.006383E+00 9.192E-08
  3.006394E+00 3.264E-06
  3.006405E+00 1.506E-05
  3.006415E+00 3.503E-05
  3.006426E+00 6.274E-05
  3.006437E+00 9.774E-05
  3.006458E+00 1.879E-04
  3.006479E+00 3.024E-04
  3.006511E+00 5.130E-04
  3.006542E+00 7.622E-04
  3.006584E+00 1.140E-03
  3.013537E+00 2.363E+00
  3.016838E+00 1.508E+00
  3.016848E+00 1.703E+00
  3.020965E+00 1.085E+00
  3.025037E+00 7.505E-01
  3.029065E+00 5.498E-01
  3.033047E+00 4.201E-01
  3.036987E+00 3.315E-01
  3.040883E+00 2.684E-01
  3.044737E+00 2.219E-01
  3.048549E+00 1.867E-01
  3.052320E+00 1.595E-01
  3.056050E+00 1.379E-01
  3.059740E+00 1.206E-01
  3.063391E+00 1.066E-01
  3.070577E+00 8.528E-02
  3.077612E+00 7.023E-02
  3.084500E+00 5.922E-02
  3.094565E+00 4.755E-02
  3.104322E+00 3.955E-02
  3.116873E+00 3.227E-02
  3.131865E+00 2.633E-02
  3.148898E+00 2.173E-02
  3.170113E+00 1.789E-02
  3.194464E+00 1.495E-02
  3.222949E+00 1.270E-02
  3.250168E+00 1.143E-02
  3.267709E+00 1.127E-02
  3.279150E+00 1.180E-02
  3.286931E+00 1.288E-02
  3.291452E+00 1.411E-02
  3.295867E+00 1.618E-02
  3.298753E+00 1.840E-02
  3.300178E+00 1.993E-02
  3.301593E+00 2.186E-02
  3.302997E+00 2.433E-02
  3.304390E+00 2.757E-02
  3.305772E+00 3.192E-02
  3.307143E+00 3.791E-02
  3.308504E+00 4.643E-02
  3.309855E+00 5.900E-02
  3.311195E+00 7.818E-02
  3.312525E+00 1.081E-01
  3.313844E+00 1.533E-01
  3.315154E+00 2.087E-01
  3.316454E+00 2.375E-01
  3.317744E+00 2.043E-01
  3.319024E+00 1.451E-01
  3.320295E+00 9.820E-02
  3.321556E+00 6.809E-02
  3.322807E+00 4.937E-02
  3.324049E+00 3.744E-02
  3.325282E+00 2.956E-02
  3.326506E+00 2.415E-02
  3.327721E+00 2.031E-02
  3.328927E+00 1.750E-02
  3.330124E+00 1.539E-02
  3.331312E+00 1.377E-02
  3.333662E+00 1.150E-02
  3.335978E+00 1.001E-02
  3.339389E+00 8.597E-03
  3.343824E+00 7.497E-03
  3.350242E+00 6.607E-03
  3.359375E+00 5.945E-03
  3.375155E+00 5.400E-03
  3.399024E+00 4.970E-03
  3.401876E+00 4.715E-03
  3.403276E+00 4.373E-03
  3.404658E+00 3.800E-03
  3.405343E+00 3.788E-03
  3.406700E+00 4.790E-03
  3.407373E+00 5.132E-03
  3.408705E+00 5.418E-03
  3.421775E+00 6.095E-03
  3.428552E+00 6.862E-03
  3.433340E+00 7.823E-03
  3.437397E+00 9.157E-03
  3.440325E+00 1.065E-02
  3.442692E+00 1.240E-02
  3.444997E+00 1.490E-02
  3.446797E+00 1.773E-02
  3.448558E+00 2.173E-02
  3.449856E+00 2.594E-02
  3.451133E+00 3.175E-02
  3.451973E+00 3.694E-02
  3.452804E+00 4.368E-02
  3.453627E+00 5.263E-02
  3.454442E+00 6.485E-02
  3.454846E+00 7.269E-02
  3.455248E+00 8.209E-02
  3.455648E+00 9.347E-02
  3.456046E+00 1.074E-01
  3.456441E+00 1.247E-01
  3.456835E+00 1.464E-01
  3.457227E+00 1.740E-01
  3.457617E+00 2.098E-01
  3.458005E+00 2.569E-01
  3.458391E+00 3.197E-01
  3.458775E+00 4.053E-01
  3.459157E+00 5.258E-01
  3.459537E+00 7.216E-01
  3.459915E+00 1.722E+00
  3.460292E+00 6.497E-01
  3.460666E+00 7.125E-01
  3.461039E+00 6.967E-01
  3.461409E+00 6.148E-01
  3.462145E+00 4.117E-01
  3.462510E+00 3.298E-01
  3.462874E+00 2.654E-01
  3.463235E+00 2.157E-01
  3.463595E+00 1.774E-01
  3.463953E+00 1.477E-01
  3.464309E+00 1.245E-01
  3.464664E+00 1.061E-01
  3.465017E+00 9.129E-02
  3.465368E+00 7.930E-02
  3.465717E+00 6.946E-02
  3.466065E+00 6.131E-02
  3.466755E+00 4.874E-02
  3.467438E+00 3.965E-02
  3.468115E+00 3.288E-02
  3.468785E+00 2.772E-02
  3.469779E+00 2.202E-02
  3.470758E+00 1.795E-02
  3.471723E+00 1.494E-02
  3.472989E+00 1.204E-02
  3.474231E+00 9.952E-03
  3.475751E+00 8.090E-03
  3.477529E+00 6.548E-03
  3.479542E+00 5.340E-03
  3.481765E+00 4.438E-03
  3.484172E+00 3.807E-03
  3.486735E+00 3.422E-03
  3.489428E+00 3.286E-03
  3.491767E+00 3.391E-03
  3.494009E+00 3.716E-03
  3.497406E+00 4.549E-03
  3.498221E+00 4.523E-03
  3.498423E+00 4.788E-03
  3.498824E+00 7.066E-03
  3.499023E+00 7.391E-03
  3.500007E+00 7.490E-03
  3.500395E+00 7.695E-03
  3.500587E+00 7.922E-03
  3.500780E+00 8.730E-03
  3.500971E+00 1.598E-02
  3.501161E+00 1.806E-01
  3.501351E+00 2.227E-02
  3.501540E+00 1.504E-02
  3.501728E+00 1.333E-02
  3.501916E+00 1.278E-02
  3.502289E+00 1.271E-02
  3.503025E+00 1.386E-02
  3.503930E+00 1.633E-02
  3.504817E+00 1.981E-02
  3.505687E+00 2.459E-02
  3.506371E+00 2.971E-02
  3.507045E+00 3.649E-02
  3.507708E+00 4.566E-02
  3.508199E+00 5.481E-02
  3.508684E+00 6.677E-02
  3.509164E+00 8.278E-02
  3.509638E+00 1.049E-01
  3.509952E+00 1.246E-01
  3.510263E+00 1.501E-01
  3.510571E+00 1.838E-01
  3.510878E+00 2.300E-01
  3.511030E+00 2.596E-01
  3.511182E+00 2.952E-01
  3.511333E+00 3.385E-01
  3.511483E+00 3.920E-01
  3.511634E+00 4.592E-01
  3.511783E+00 5.452E-01
  3.511932E+00 6.581E-01
  3.512080E+00 8.109E-01
  3.512228E+00 1.026E+00
  3.512376E+00 1.344E+00
  3.512522E+00 1.847E+00
  3.512669E+00 2.698E+00
  3.512814E+00 4.132E+00
  3.512960E+00 5.153E+00
  3.513104E+00 2.567E+00
  3.513248E+00 6.350E-01
  3.513392E+00 2.693E-01
  3.513535E+00 4.022E-01
  3.513678E+00 6.589E-01
  3.513820E+00 8.951E-01
  3.513961E+00 1.039E+00
  3.514102E+00 1.076E+00
  3.514243E+00 1.030E+00
  3.514522E+00 8.314E-01
  3.514800E+00 6.317E-01
  3.514938E+00 5.493E-01
  3.515075E+00 4.791E-01
  3.515212E+00 4.197E-01
  3.515485E+00 3.270E-01
  3.515755E+00 2.602E-01
  3.516024E+00 2.110E-01
  3.516291E+00 1.740E-01
  3.516556E+00 1.456E-01
  3.516950E+00 1.140E-01
  3.517339E+00 9.118E-02
  3.517725E+00 7.422E-02
  3.518233E+00 5.753E-02
  3.518734E+00 4.511E-02
  3.519350E+00 3.195E-02
  3.519472E+00 2.871E-02
  3.519593E+00 2.769E-02
  3.519715E+00 1.339E-01
  3.519835E+00 4.318E-02
  3.519956E+00 3.498E-02
  3.520075E+00 3.136E-02
  3.520314E+00 2.711E-02
  3.520669E+00 2.294E-02
  3.521252E+00 1.802E-02
  3.521939E+00 1.373E-02
  3.522613E+00 1.052E-02
  3.523273E+00 8.060E-03
  3.523920E+00 6.155E-03
  3.524554E+00 4.703E-03
  3.525073E+00 3.803E-03
  3.525482E+00 3.306E-03
  3.525685E+00 3.180E-03
  3.525785E+00 3.189E-03
  3.525886E+00 3.314E-03
  3.525986E+00 3.750E-03
  3.526086E+00 5.257E-03
  3.526185E+00 7.835E-03
  3.526285E+00 4.880E-03
  3.526384E+00 3.365E-03
  3.526482E+00 2.876E-03
  3.526580E+00 2.675E-03
  3.526776E+00 2.536E-03
  3.527067E+00 2.557E-03
  3.527355E+00 2.730E-03
  3.527641E+00 3.044E-03
  3.527923E+00 3.533E-03
  3.528110E+00 4.011E-03
  3.528203E+00 4.328E-03
  3.528296E+00 4.733E-03
  3.528389E+00 5.278E-03
  3.528481E+00 6.074E-03
  3.528573E+00 7.352E-03
  3.528664E+00 9.665E-03
  3.528756E+00 1.449E-02
  3.528847E+00 2.631E-02
  3.528937E+00 5.734E-02
  3.529028E+00 9.745E-02
  3.529118E+00 7.560E-02
  3.529208E+00 4.835E-02
  3.529298E+00 3.504E-02
  3.529387E+00 2.861E-02
  3.529476E+00 2.531E-02
  3.529565E+00 2.361E-02
  3.529653E+00 2.281E-02
  3.529830E+00 2.274E-02
  3.530092E+00 2.472E-02
  3.530352E+00 2.832E-02
  3.530609E+00 3.336E-02
  3.530864E+00 4.000E-02
  3.531117E+00 4.858E-02
  3.531368E+00 5.971E-02
  3.531616E+00 7.426E-02
  3.531862E+00 9.355E-02
  3.532106E+00 1.196E-01
  3.532267E+00 1.424E-01
  3.532427E+00 1.710E-01
  3.532587E+00 2.077E-01
  3.532745E+00 2.555E-01
  3.532903E+00 3.192E-01
  3.533059E+00 4.063E-01
  3.533137E+00 4.623E-01
  3.533215E+00 5.293E-01
  3.533292E+00 6.105E-01
  3.533370E+00 7.098E-01
  3.533447E+00 8.329E-01
  3.533523E+00 9.875E-01
  3.533600E+00 1.185E+00
  3.533676E+00 1.440E+00
  3.533752E+00 1.777E+00
  3.533828E+00 2.230E+00
  3.533904E+00 2.848E+00
  3.533979E+00 3.701E+00
  3.534054E+00 4.872E+00
  3.534129E+00 6.409E+00
  3.534204E+00 8.175E+00
  3.534279E+00 9.605E+00
  3.534353E+00 9.845E+00
  3.534427E+00 8.674E+00
  3.534575E+00 5.076E+00
  3.534648E+00 3.687E+00
  3.534721E+00 2.652E+00
  3.534795E+00 1.881E+00
  3.534867E+00 1.289E+00
  3.534940E+00 8.170E-01
  3.535012E+00 4.485E-01
  3.535085E+00 2.525E-01
  3.535157E+00 3.847E-01
  3.535228E+00 7.370E-01
  3.535300E+00 9.357E-01
  3.535371E+00 9.432E-01
  3.535513E+00 7.853E-01
  3.535655E+00 6.286E-01
  3.535795E+00 5.100E-01
  3.535935E+00 4.216E-01
  3.536074E+00 3.544E-01
  3.536281E+00 2.804E-01
  3.536486E+00 2.274E-01
  3.536689E+00 1.880E-01
  3.536957E+00 1.495E-01
  3.537090E+00 1.367E-01
  3.537157E+00 1.379E-01
  3.537223E+00 2.292E-01
  3.537289E+00 4.458E-01
  3.537354E+00 1.449E-01
  3.537420E+00 1.197E-01
  3.537485E+00 1.090E-01
  3.537615E+00 9.613E-02
  3.537873E+00 7.904E-02
  3.538192E+00 6.355E-02
  3.538569E+00 4.960E-02
  3.539000E+00 3.739E-02
  3.539423E+00 2.813E-02
  3.539839E+00 2.098E-02
  3.540188E+00 1.624E-02
  3.540475E+00 1.326E-02
  3.540646E+00 1.206E-02
  3.540759E+00 1.170E-02
  3.540815E+00 1.175E-02
  3.540871E+00 1.209E-02
  3.540927E+00 1.294E-02
  3.540983E+00 1.484E-02
  3.541038E+00 1.930E-02
  3.541094E+00 2.977E-02
  3.541149E+00 2.560E-02
  3.541204E+00 7.587E-03
  3.541259E+00 3.804E-03
  3.541314E+00 3.089E-03
  3.541369E+00 2.951E-03
  3.541532E+00 3.004E-03
  3.541694E+00 3.228E-03
  3.541802E+00 3.529E-03
  3.541909E+00 4.026E-03
  3.542015E+00 4.809E-03
  3.542068E+00 5.352E-03
  3.542120E+00 6.034E-03
  3.542173E+00 6.901E-03
  3.542226E+00 8.020E-03
  3.542278E+00 9.499E-03
  3.542330E+00 1.152E-02
  3.542382E+00 1.438E-02
  3.542434E+00 1.867E-02
  3.542486E+00 2.553E-02
  3.542538E+00 3.746E-02
  3.542589E+00 6.051E-02
  3.542641E+00 1.108E-01
  3.542692E+00 2.274E-01
  3.542743E+00 3.896E-01
  3.542794E+00 3.237E-01
  3.542845E+00 1.906E-01
  3.542896E+00 1.214E-01
  3.542946E+00 8.795E-02
  3.542997E+00 7.055E-02
  3.543047E+00 6.096E-02
  3.543097E+00 5.558E-02
  3.543148E+00 5.270E-02
  3.543197E+00 5.143E-02
  3.543297E+00 5.200E-02
  3.543396E+00 5.533E-02
  3.543544E+00 6.406E-02
  3.543690E+00 7.690E-02
  3.543836E+00 9.424E-02
  3.543980E+00 1.171E-01
  3.544123E+00 1.471E-01
  3.544265E+00 1.868E-01
  3.544406E+00 2.399E-01
  3.544500E+00 2.856E-01
  3.544593E+00 3.421E-01
  3.544685E+00 4.132E-01
  3.544777E+00 5.035E-01
  3.544869E+00 6.202E-01
  3.544960E+00 7.737E-01
  3.545006E+00 8.691E-01
  3.545096E+00 1.111E+00
  3.545141E+00 1.266E+00
  3.545186E+00 1.451E+00
  3.545231E+00 1.674E+00
  3.545276E+00 1.945E+00
  3.545320E+00 2.278E+00
  3.545365E+00 2.694E+00
  3.545409E+00 3.220E+00
  3.545453E+00 3.895E+00
  3.545498E+00 4.778E+00
  3.545542E+00 5.953E+00
  3.545586E+00 7.549E+00
  3.545630E+00 9.759E+00
  3.545673E+00 1.286E+01
  3.545717E+00 1.724E+01
  3.545760E+00 2.320E+01
  3.545847E+00 3.716E+01
  3.545890E+00 3.952E+01
  3.545934E+00 3.592E+01
  3.546020E+00 2.219E+01
  3.546062E+00 1.674E+01
  3.546105E+00 1.272E+01
  3.546148E+00 9.802E+00
  3.546190E+00 7.659E+00
  3.546232E+00 6.040E+00
  3.546275E+00 4.770E+00
  3.546317E+00 3.722E+00
  3.546401E+00 1.917E+00
  3.546443E+00 1.123E+00
  3.546485E+00 7.907E-01
  3.546526E+00 1.251E+00
  3.546568E+00 1.769E+00
  3.546609E+00 1.936E+00
  3.546651E+00 1.902E+00
  3.546856E+00 1.338E+00
  3.546978E+00 1.104E+00
  3.547019E+00 1.052E+00
  3.547059E+00 1.026E+00
  3.547099E+00 1.082E+00
  3.547140E+00 2.187E+00
  3.547180E+00 1.640E+00
  3.547220E+00 7.778E-01
  3.547260E+00 6.926E-01
  3.547339E+00 6.146E-01
  3.547497E+00 5.073E-01
  3.547692E+00 4.091E-01
  3.547924E+00 3.235E-01
  3.548152E+00 2.607E-01
  3.548414E+00 2.058E-01
  3.548709E+00 1.595E-01
  3.548962E+00 1.295E-01
  3.549176E+00 1.110E-01
  3.549352E+00 1.024E-01
  3.549457E+00 1.025E-01
  3.549526E+00 1.069E-01
  3.549560E+00 1.113E-01
  3.549595E+00 1.182E-01
  3.549629E+00 1.287E-01
  3.549664E+00 1.451E-01
  3.549698E+00 1.722E-01
  3.549732E+00 2.205E-01
  3.549766E+00 3.187E-01
  3.549800E+00 5.617E-01
  3.549834E+00 1.171E+00
  3.549868E+00 8.203E-01
  3.549902E+00 2.094E-01
  3.549936E+00 6.341E-02
  3.549969E+00 2.295E-02
  3.550003E+00 9.437E-03
  3.550036E+00 4.637E-03
  3.550070E+00 3.156E-03
  3.550103E+00 3.103E-03
  3.550136E+00 3.740E-03
  3.550169E+00 4.770E-03
  3.550203E+00 6.079E-03
  3.550236E+00 7.639E-03
  3.550269E+00 9.472E-03
  3.550301E+00 1.163E-02
  3.550334E+00 1.418E-02
  3.550367E+00 1.725E-02
  3.550400E+00 2.098E-02
  3.550432E+00 2.560E-02
  3.550465E+00 3.139E-02
  3.550497E+00 3.885E-02
  3.550530E+00 4.868E-02
  3.550562E+00 6.207E-02
  3.550594E+00 8.107E-02
  3.550626E+00 1.094E-01
  3.550658E+00 1.543E-01
  3.550690E+00 2.313E-01
  3.550722E+00 3.770E-01
  3.550754E+00 6.844E-01
  3.550786E+00 1.358E+00
  3.550818E+00 2.241E+00
  3.550850E+00 1.886E+00
  3.550881E+00 1.114E+00
  3.550913E+00 6.959E-01
  3.550944E+00 4.905E-01
  3.550976E+00 3.829E-01
  3.551007E+00 3.233E-01
  3.551038E+00 2.894E-01
  3.551069E+00 2.708E-01
  3.551100E+00 2.621E-01
  3.551163E+00 2.635E-01
  3.551224E+00 2.816E-01
  3.551286E+00 3.123E-01
  3.551378E+00 3.796E-01
  3.551469E+00 4.743E-01
  3.551559E+00 6.024E-01
  3.551649E+00 7.739E-01
  3.551739E+00 1.004E+00
  3.551828E+00 1.316E+00
  3.551916E+00 1.743E+00
  3.551974E+00 2.118E+00
  3.552033E+00 2.591E+00
  3.552091E+00 3.196E+00
  3.552148E+00 3.978E+00
  3.552206E+00 5.007E+00
  3.552235E+00 5.645E+00
  3.552292E+00 7.254E+00
  3.552349E+00 9.487E+00
  3.552377E+00 1.093E+01
  3.552405E+00 1.268E+01
  3.552434E+00 1.480E+01
  3.552462E+00 1.740E+01
  3.552490E+00 2.063E+01
  3.552518E+00 2.470E+01
  3.552546E+00 2.990E+01
  3.552574E+00 3.664E+01
  3.552602E+00 4.555E+01
  3.552630E+00 5.754E+01
  3.552657E+00 7.403E+01
  3.552685E+00 9.720E+01
  3.552713E+00 1.303E+02
  3.552740E+00 1.781E+02
  3.552768E+00 2.453E+02
  3.552823E+00 4.177E+02
  3.552850E+00 4.587E+02
  3.552878E+00 4.270E+02
  3.552932E+00 2.719E+02
  3.552959E+00 2.082E+02
  3.552986E+00 1.612E+02
  3.553013E+00 1.272E+02
  3.553040E+00 1.023E+02
  3.553067E+00 8.368E+01
  3.553094E+00 6.941E+01
  3.553121E+00 5.807E+01
  3.553174E+00 4.010E+01
  3.553201E+00 3.160E+01
  3.553227E+00 2.221E+01
  3.553254E+00 1.312E+01
  3.553280E+00 1.087E+01
  3.553307E+00 1.553E+01
  3.553333E+00 1.957E+01
  3.553360E+00 2.162E+01
  3.553386E+00 2.300E+01
  3.553412E+00 2.600E+01
  3.553438E+00 5.294E+01
  3.553464E+00 2.654E+01
  3.553490E+00 1.431E+01
  3.553748E+00 1.075E+01
  3.553900E+00 9.319E+00
  3.554075E+00 8.326E+00
  3.554271E+00 7.817E+00
  3.554465E+00 7.873E+00
  3.554632E+00 8.484E+00
  3.554750E+00 9.437E+00
  3.554844E+00 1.075E+01
  3.554913E+00 1.231E+01
  3.554982E+00 1.473E+01
  3.555028E+00 1.717E+01
  3.555074E+00 2.077E+01
  3.555097E+00 2.325E+01
  3.555119E+00 2.640E+01
  3.555142E+00 3.051E+01
  3.555165E+00 3.598E+01
  3.555187E+00 4.355E+01
  3.555210E+00 5.443E+01
  3.555232E+00 7.092E+01
  3.555255E+00 9.767E+01
  3.555277E+00 1.454E+02
  3.555300E+00 2.426E+02
  3.555322E+00 4.849E+02
  3.555344E+00 1.262E+03
  3.555367E+00 2.555E+03
  3.555389E+00 1.085E+03
  3.555411E+00 4.133E+02
  3.555433E+00 2.044E+02
  3.555455E+00 1.204E+02
  3.555477E+00 7.941E+01
  3.555499E+00 5.668E+01
  3.555521E+00 4.291E+01
  3.555543E+00 3.401E+01
  3.555565E+00 2.799E+01
  3.555587E+00 2.377E+01
  3.555609E+00 2.075E+01
  3.555630E+00 1.855E+01
  3.555652E+00 1.696E+01
  3.555695E+00 1.505E+01
  3.555738E+00 1.441E+01
  3.555760E+00 1.452E+01
  3.555781E+00 1.493E+01
  3.555803E+00 1.571E+01
  3.555824E+00 1.698E+01
  3.555846E+00 1.895E+01
  3.555867E+00 2.199E+01
  3.555888E+00 2.682E+01
  3.555909E+00 3.492E+01
  3.555930E+00 4.955E+01
  3.555952E+00 7.829E+01
  3.555973E+00 1.351E+02
  3.555994E+00 1.975E+02
  3.556015E+00 1.537E+02
  3.556036E+00 8.322E+01
  3.556057E+00 4.703E+01
  3.556077E+00 2.997E+01
  3.556098E+00 2.123E+01
  3.556119E+00 1.632E+01
  3.556140E+00 1.337E+01
  3.556161E+00 1.149E+01
  3.556181E+00 1.024E+01
  3.556202E+00 9.394E+00
  3.556222E+00 8.812E+00
  3.556264E+00 8.136E+00
  3.556325E+00 7.803E+00
  3.556406E+00 8.004E+00
  3.556507E+00 8.870E+00
  3.556607E+00 1.034E+01
  3.556686E+00 1.206E+01
  3.556764E+00 1.446E+01
  3.556823E+00 1.693E+01
  3.556881E+00 2.025E+01
  3.556939E+00 2.486E+01
  3.556977E+00 2.899E+01
  3.557015E+00 3.439E+01
  3.557053E+00 4.161E+01
  3.557091E+00 5.158E+01
  3.557110E+00 5.805E+01
  3.557129E+00 6.589E+01
  3.557148E+00 7.550E+01
  3.557167E+00 8.744E+01
  3.557186E+00 1.025E+02
  3.557204E+00 1.219E+02
  3.557223E+00 1.472E+02
  3.557242E+00 1.810E+02
  3.557261E+00 2.271E+02
  3.557279E+00 2.913E+02
  3.557298E+00 3.815E+02
  3.557316E+00 5.073E+02
  3.557335E+00 6.715E+02
  3.557353E+00 8.469E+02
  3.557372E+00 9.516E+02
  3.557390E+00 9.050E+02
  3.557409E+00 7.416E+02
  3.557427E+00 5.597E+02
  3.557445E+00 4.124E+02
  3.557463E+00 3.059E+02
  3.557482E+00 2.312E+02
  3.557500E+00 1.785E+02
  3.557518E+00 1.407E+02
  3.557536E+00 1.130E+02
  3.557554E+00 9.198E+01
  3.557572E+00 7.564E+01
  3.557590E+00 6.235E+01
  3.557626E+00 3.955E+01
  3.557644E+00 2.724E+01
  3.557662E+00 1.654E+01
  3.557680E+00 3.879E+01
  3.557698E+00 1.867E+02
  3.557716E+00 1.013E+01
  3.557734E+00 1.001E+01
  3.557751E+00 1.084E+01
  3.557769E+00 1.103E+01
  3.557787E+00 1.079E+01
  3.557910E+00 6.992E+00
  3.557979E+00 5.320E+00
  3.558048E+00 4.101E+00
  3.558117E+00 3.207E+00
  3.558185E+00 2.542E+00
  3.558269E+00 1.933E+00
  3.558353E+00 1.494E+00
  3.558436E+00 1.173E+00
  3.558518E+00 9.358E-01
  3.558599E+00 7.603E-01
  3.558680E+00 6.337E-01
  3.558760E+00 5.502E-01
  3.558824E+00 5.169E-01
  3.558871E+00 5.191E-01
  3.558902E+00 5.413E-01
  3.558934E+00 5.926E-01
  3.558949E+00 6.362E-01
  3.558965E+00 6.995E-01
  3.558981E+00 7.935E-01
  3.558996E+00 9.392E-01
  3.559012E+00 1.181E+00
  3.559027E+00 1.624E+00
  3.559043E+00 2.579E+00
  3.559058E+00 5.166E+00
  3.559073E+00 1.137E+01
  3.559089E+00 5.937E+00
  3.559104E+00 1.632E+00
  3.559119E+00 5.697E-01
  3.559135E+00 2.347E-01
  3.559150E+00 1.049E-01
  3.559165E+00 4.809E-02
  3.559180E+00 2.174E-02
  3.559196E+00 9.523E-03
  3.559211E+00 4.416E-03
  3.559226E+00 3.112E-03
  3.559241E+00 3.971E-03
  3.559256E+00 6.152E-03
  3.559271E+00 9.230E-03
  3.559286E+00 1.301E-02
  3.559301E+00 1.745E-02
  3.559316E+00 2.259E-02
  3.559331E+00 2.859E-02
  3.559346E+00 3.572E-02
  3.559361E+00 4.438E-02
  3.559376E+00 5.525E-02
  3.559391E+00 6.937E-02
  3.559406E+00 8.856E-02
  3.559420E+00 1.161E-01
  3.559435E+00 1.580E-01
  3.559450E+00 2.271E-01
  3.559465E+00 3.522E-01
  3.559479E+00 6.025E-01
  3.559494E+00 1.123E+00
  3.559509E+00 1.843E+00
  3.559523E+00 1.675E+00
  3.559538E+00 1.011E+00
  3.559553E+00 6.192E-01
  3.559567E+00 4.250E-01
  3.559582E+00 3.236E-01
  3.559596E+00 2.671E-01
  3.559611E+00 2.343E-01
  3.559625E+00 2.151E-01
  3.559639E+00 2.044E-01
  3.559668E+00 1.982E-01
  3.559697E+00 2.041E-01
  3.559740E+00 2.270E-01
  3.559797E+00 2.771E-01
  3.559853E+00 3.490E-01
  3.559909E+00 4.476E-01
  3.559951E+00 5.445E-01
  3.559992E+00 6.679E-01
  3.560034E+00 8.274E-01
  3.560075E+00 1.037E+00
  3.560102E+00 1.215E+00
  3.560130E+00 1.435E+00
  3.560157E+00 1.710E+00
  3.560184E+00 2.060E+00
  3.560211E+00 2.513E+00
  3.560238E+00 3.113E+00
  3.560264E+00 3.929E+00
  3.560278E+00 4.452E+00
  3.560291E+00 5.077E+00
  3.560318E+00 6.756E+00
  3.560331E+00 7.898E+00
  3.560344E+00 9.331E+00
  3.560358E+00 1.116E+01
  3.560371E+00 1.353E+01
  3.560384E+00 1.667E+01
  3.560397E+00 2.091E+01
  3.560410E+00 2.678E+01
  3.560423E+00 3.505E+01
  3.560436E+00 4.687E+01
  3.560450E+00 6.360E+01
  3.560463E+00 8.577E+01
  3.560476E+00 1.098E+02
  3.560489E+00 1.246E+02
  3.560502E+00 1.191E+02
  3.560515E+00 9.833E+01
  3.560528E+00 7.508E+01
  3.560540E+00 5.616E+01
  3.560553E+00 4.238E+01
  3.560566E+00 3.263E+01
  3.560579E+00 2.569E+01
  3.560592E+00 2.066E+01
  3.560605E+00 1.692E+01
  3.560618E+00 1.406E+01
  3.560630E+00 1.179E+01
  3.560656E+00 8.029E+00
  3.560669E+00 1.342E+01
  3.560681E+00 1.656E+01
  3.560694E+00 8.005E+00
  3.560707E+00 3.955E+00
  3.560719E+00 1.842E+00
  3.560732E+00 1.472E+00
  3.560757E+00 1.684E+00
  3.560770E+00 1.723E+00
  3.560795E+00 1.663E+00
  3.560894E+00 1.106E+00
  3.560943E+00 8.905E-01
  3.561004E+00 6.900E-01
  3.561065E+00 5.445E-01
  3.561125E+00 4.369E-01
  3.561185E+00 3.561E-01
  3.561244E+00 2.946E-01
  3.561314E+00 2.399E-01
  3.561384E+00 2.016E-01
  3.561453E+00 1.784E-01
  3.561499E+00 1.726E-01
  3.561533E+00 1.761E-01
  3.561556E+00 1.844E-01
  3.561578E+00 2.007E-01
  3.561601E+00 2.314E-01
  3.561612E+00 2.565E-01
  3.561623E+00 2.929E-01
  3.561634E+00 3.480E-01
  3.561645E+00 4.372E-01
  3.561657E+00 5.967E-01
  3.561668E+00 9.271E-01
  3.561679E+00 1.782E+00
  3.561690E+00 4.253E+00
  3.561701E+00 3.478E+00
  3.561712E+00 9.637E-01
  3.561723E+00 3.292E-01
  3.561734E+00 1.376E-01
  3.561745E+00 6.452E-02
  3.561756E+00 3.228E-02
  3.561767E+00 1.680E-02
  3.561778E+00 9.092E-03
  3.561789E+00 5.301E-03
  3.561800E+00 3.621E-03
  3.561811E+00 3.145E-03
  3.561822E+00 3.394E-03
  3.561833E+00 4.112E-03
  3.561843E+00 5.165E-03
  3.561854E+00 6.491E-03
  3.561865E+00 8.076E-03
  3.561876E+00 9.945E-03
  3.561887E+00 1.216E-02
  3.561898E+00 1.484E-02
  3.561908E+00 1.817E-02
  3.561919E+00 2.244E-02
  3.561930E+00 2.818E-02
  3.561940E+00 3.629E-02
  3.561951E+00 4.851E-02
  3.561962E+00 6.837E-02
  3.561972E+00 1.038E-01
  3.561983E+00 1.736E-01
  3.561994E+00 3.190E-01
  3.562004E+00 5.401E-01
  3.562015E+00 5.341E-01
  3.562026E+00 3.350E-01
  3.562036E+00 2.070E-01
  3.562047E+00 1.430E-01
  3.562057E+00 1.098E-01
  3.562068E+00 9.149E-02
  3.562078E+00 8.106E-02
  3.562089E+00 7.513E-02
  3.562099E+00 7.200E-02
  3.562120E+00 7.080E-02
  3.562141E+00 7.371E-02
  3.562172E+00 8.298E-02
  3.562203E+00 9.690E-02
  3.562234E+00 1.154E-01
  3.562275E+00 1.483E-01
  3.562305E+00 1.808E-01
  3.562346E+00 2.383E-01
  3.562376E+00 2.963E-01
  3.562403E+00 3.646E-01
  3.572393E+00 2.016E+00
  3.572403E+00 5.891E-01
  3.597347E+00 9.890E-02
  3.622290E+00 4.832E-02
  3.647233E+00 3.541E-02
  3.672176E+00 3.017E-02
  3.697120E+00 2.670E-02
  3.722063E+00 2.422E-02
  3.771950E+00 2.097E-02
  3.846780E+00 1.695E-02
  3.896666E+00 1.524E-02
  3.996439E+00 1.370E-02
  4.146099E+00 1.198E-02
  4.395532E+00 9.895E-03
  4.744739E+00 8.185E-03
  5.168775E+00 6.507E-03
  5.542925E+00 5.268E-03
  5.842244E+00 4.532E-03
  6.016848E+00 4.243E-03
  6.138397E+00 3.996E-03
  6.262398E+00 3.763E-03
  6.388906E+00 3.544E-03
  6.517974E+00 3.338E-03
  6.649646E+00 3.143E-03
  6.783976E+00 2.960E-03
  6.921019E+00 2.788E-03
  7.060834E+00 2.626E-03
  7.203472E+00 2.473E-03
  7.348996E+00 2.329E-03
  7.497453E+00 2.193E-03
  7.648910E+00 2.065E-03
  7.803432E+00 1.945E-03
  7.961069E+00 1.832E-03
  8.121891E+00 1.725E-03
  8.285967E+00 1.625E-03
  8.453353E+00 1.530E-03
  8.624125E+00 1.441E-03
  8.798340E+00 1.357E-03
  8.976084E+00 1.278E-03
  9.157408E+00 1.204E-03
  9.342400E+00 1.133E-03
  9.531132E+00 1.067E-03
  9.723674E+00 1.005E-03
  9.920101E+00 9.467E-04
  1.012050E+01 8.916E-04
  1.032495E+01 8.397E-04
  1.053353E+01 7.908E-04
  1.074632E+01 7.447E-04
  1.096341E+01 7.014E-04
  1.118488E+01 6.605E-04
  1.141083E+01 6.221E-04
  1.164135E+01 5.858E-04
  1.187652E+01 5.517E-04
  1.211644E+01 5.196E-04
  1.236121E+01 4.893E-04
  1.261093E+01 4.608E-04
  1.286568E+01 4.340E-04
  1.312558E+01 4.087E-04
  1.339074E+01 3.849E-04
  1.366125E+01 3.625E-04
  1.393723E+01 3.414E-04
  1.421877E+01 3.215E-04
  1.450601E+01 3.028E-04
  1.479906E+01 2.852E-04
  1.509802E+01 2.685E-04
  1.540302E+01 2.529E-04
  1.571418E+01 2.382E-04
  1.603162E+01 2.243E-04
  1.635548E+01 2.112E-04
  1.668587E+01 1.989E-04
  1.702296E+01 1.874E-04
  1.736684E+01 1.764E-04
  1.771768E+01 1.662E-04
  1.807559E+01 1.565E-04
  1.844075E+01 1.474E-04
  1.881326E+01 1.388E-04
  1.919333E+01 1.307E-04
  1.958105E+01 1.231E-04
  1.997662E+01 1.159E-04
  2.038017E+01 1.092E-04
  2.079189E+01 1.028E-04
  2.121190E+01 9.684E-05
  2.164043E+01 9.120E-05
  2.207758E+01 8.589E-05
  2.252359E+01 8.088E-05