  1.024947E-02 7.269E+01
  1.025945E-02 7.074E+01
  6.154415E-02 2.035E+00
  1.115249E-01 6.164E-01
  1.602457E-01 2.973E-01
  2.077483E-01 1.770E-01
  2.540731E-01 1.186E-01
  2.992588E-01 8.520E-02
  3.433423E-01 6.404E-02
  3.863592E-01 4.975E-02
  4.283437E-01 3.976E-02
  4.693285E-01 3.261E-02
  5.093451E-01 2.739E-02
  5.484238E-01 2.351E-02
  5.865937E-01 2.054E-02
  6.238826E-01 1.818E-02
  6.959245E-01 1.460E-02
  7.647526E-01 1.192E-02
  8.305554E-01 9.819E-03
  8.935075E-01 8.194E-03
  9.537713E-01 6.969E-03
  1.039454E+00 5.708E-03
  1.119891E+00 4.898E-03
  1.266666E+00 3.847E-03
  1.475916E+00 2.570E-03
  1.583875E+00 2.056E-03
  1.680829E+00 1.733E-03
  1.795446E+00 1.488E-03
  2.062639E+00 1.066E-03
  2.340845E+00 5.277E-04
  2.483022E+00 2.789E-04
  2.519311E+00 2.012E-04
  2.542528E+00 1.400E-04
  2.558119E+00 9.145E-05
  2.575820E+00 3.095E-05
  2.578668E+00 2.183E-05
  2.581489E+00 1.360E-05
  2.584283E+00 6.727E-06
  2.587049E+00 1.869E-06
  2.589788E+00 3.471E-10
  2.592501E+00 2.555E-06
  2.595188E+00 1.169E-05
  2.597848E+00 3.070E-05
  2.600484E+00 6.483E-05
  2.603094E+00 1.226E-04
  2.605679E+00 2.183E-04
  2.608240E+00 3.778E-04
  2.610776E+00 6.493E-04
  2.613289E+00 1.132E-03
  2.615778E+00 2.049E-03
  2.618243E+00 3.988E-03
  2.620686E+00 8.843E-03
  2.623105E+00 2.519E-02
  2.625503E+00 1.151E-01
  2.627878E+00 1.671E-01
  2.630231E+00 4.470E-02
  2.632563E+00 1.936E-02
  2.634873E+00 1.116E-02
  2.637162E+00 7.499E-03
  2.639430E+00 5.531E-03
  2.641677E+00 4.337E-03
  2.643904E+00 3.551E-03
  2.646111E+00 3.001E-03
  2.648299E+00 2.598E-03
  2.650466E+00 2.293E-03
  2.652614E+00 2.053E-03
  2.656853E+00 1.706E-03
  2.661017E+00 1.466E-03
  2.667126E+00 1.222E-03
  2.673076E+00 1.056E-03
  2.682655E+00 8.733E-04
  2.693620E+00 7.342E-04
  2.707405E+00 6.144E-04
  2.726453E+00 4.999E-04
  2.751824E+00 3.915E-04
  2.778467E+00 3.062E-04
  2.793332E+00 2.751E-04
  2.800234E+00 2.746E-04
  2.804031E+00 2.869E-04
  2.806812E+00 3.109E-04
  2.808635E+00 3.424E-04
  2.809537E+00 3.672E-04
  2.810433E+00 4.024E-04
  2.811323E+00 4.548E-04
  2.812207E+00 5.385E-04
  2.813085E+00 6.874E-04
  2.813958E+00 1.005E-03
  2.814825E+00 1.983E-03
  2.815686E+00 1.125E-02
  2.816541E+00 9.173E-03
  2.817390E+00 5.219E-04
  2.818235E+00 8.311E-05
  2.819073E+00 1.142E-05
  2.819906E+00 7.255E-08
  2.820734E+00 2.737E-06
  2.821556E+00 8.654E-06
  2.822373E+00 1.481E-05
  2.823185E+00 2.032E-05
  2.823991E+00 2.498E-05
  2.824792E+00 2.882E-05
  2.826379E+00 3.436E-05
  2.827946E+00 3.767E-05
  2.830258E+00 3.974E-05
  2.833274E+00 3.901E-05
  2.836938E+00 3.493E-05
  2.841880E+00 2.638E-05
  2.849873E+00 1.032E-05
  2.851783E+00 6.846E-06
  2.853037E+00 4.796E-06
  2.854276E+00 3.021E-06
  2.854890E+00 2.256E-06
  2.855501E+00 1.585E-06
  2.856107E+00 1.017E-06
  2.856711E+00 5.623E-07
  2.857311E+00 2.334E-07
  2.857907E+00 4.314E-08
  2.858500E+00 5.915E-09
  2.859089E+00 1.378E-07
  2.859675E+00 4.568E-07
  2.860258E+00 9.830E-07
  2.860837E+00 1.739E-06
  2.861413E+00 2.750E-06
  2.861985E+00 4.045E-06
  2.862554E+00 5.656E-06
  2.863120E+00 7.621E-06
  2.863683E+00 9.980E-06
  2.864242E+00 1.278E-05
  2.864799E+00 1.609E-05
  2.865352E+00 1.995E-05
  2.865902E+00 2.445E-05
  2.866448E+00 2.967E-05
  2.866992E+00 3.571E-05
  2.867533E+00 4.269E-05
  2.868070E+00 5.074E-05
  2.868605E+00 6.003E-05
  2.869136E+00 7.074E-05
  2.869665E+00 8.312E-05
  2.870191E+00 9.742E-05
  2.870713E+00 1.140E-04
  2.871233E+00 1.332E-04
  2.871750E+00 1.557E-04
  2.872264E+00 1.819E-04
  2.872775E+00 2.126E-04
  2.873283E+00 2.489E-04
  2.873789E+00 2.920E-04
  2.874291E+00 3.433E-04
  2.874791E+00 4.051E-04
  2.875288E+00 4.801E-04
  2.875783E+00 5.718E-04
  2.876274E+00 6.853E-04
  2.876763E+00 8.277E-04
  2.877250E+00 1.009E-03
  2.877733E+00 1.243E-03
  2.878214E+00 1.553E-03
  2.878693E+00 1.971E-03
  2.879169E+00 2.555E-03
  2.879642E+00 3.400E-03
  2.880113E+00 4.679E-03
  2.880581E+00 6.738E-03
  2.881047E+00 1.034E-02
  2.881510E+00 1.742E-02
  2.881970E+00 3.408E-02
  2.882428E+00 8.658E-02
  2.882884E+00 3.146E-01
  2.883338E+00 2.873E-01
  2.883788E+00 8.475E-02
  2.884237E+00 3.628E-02
  2.884683E+00 1.989E-02
  2.885127E+00 1.258E-02
  2.885568E+00 8.712E-03
  2.886007E+00 6.415E-03
  2.886444E+00 4.939E-03
  2.886878E+00 3.932E-03
  2.887311E+00 3.214E-03
  2.887740E+00 2.682E-03
  2.888168E+00 2.277E-03
  2.888593E+00 1.960E-03
  2.889017E+00 1.708E-03
  2.889438E+00 1.503E-03
  2.889856E+00 1.334E-03
  2.890688E+00 1.075E-03
  2.891510E+00 8.861E-04
  2.892324E+00 7.442E-04
  2.893530E+00 5.885E-04
  2.894717E+00 4.772E-04
  2.895886E+00 3.943E-04
  2.897417E+00 3.128E-04
  2.898918E+00 2.532E-04
  2.900752E+00 1.987E-04
  2.902542E+00 1.591E-04
  2.904287E+00 1.300E-04
  2.906327E+00 1.053E-04
  2.907982E+00 9.175E-05
  2.909598E+00 8.466E-05
  2.910863E+00 8.474E-05
  2.911796E+00 8.983E-05
  2.912411E+00 9.695E-05
  2.913020E+00 1.088E-04
  2.913323E+00 1.172E-04
  2.913624E+00 1.281E-04
  2.913923E+00 1.421E-04
  2.914222E+00 1.605E-04
  2.914519E+00 1.851E-04
  2.914814E+00 2.186E-04
  2.915108E+00 2.658E-04
  2.915401E+00 3.354E-04
  2.915692E+00 4.448E-04
  2.915982E+00 6.376E-04
  2.916271E+00 1.092E-03
  2.916559E+00 2.791E+00
  2.916845E+00 1.269E-03
  2.917130E+00 3.632E-03
  2.917413E+00 1.472E-02
  2.917695E+00 2.168E+00
  2.917976E+00 2.411E-02
  2.918256E+00 5.757E-03
  2.918534E+00 2.616E-03
  2.918811E+00 1.532E-03
  2.919087E+00 1.030E-03
  2.919362E+00 7.561E-04
  2.919635E+00 5.897E-04
  2.919907E+00 4.812E-04
  2.920178E+00 4.064E-04
  2.920448E+00 3.529E-04
  2.920716E+00 3.134E-04
  2.920984E+00 2.836E-04
  2.921515E+00 2.428E-04
  2.922041E+00 2.177E-04
  2.922822E+00 1.969E-04
  2.923847E+00 1.867E-04
  2.925103E+00 1.898E-04
  2.926574E+00 2.079E-04
  2.928243E+00 2.450E-04
  2.929862E+00 2.997E-04
  2.931213E+00 3.640E-04
  2.932529E+00 4.504E-04
  2.933601E+00 5.468E-04
  2.934652E+00 6.764E-04
  2.935476E+00 8.163E-04
  2.936287E+00 1.007E-03
  2.936887E+00 1.200E-03
  2.937480E+00 1.461E-03
  2.937871E+00 1.692E-03
  2.938259E+00 1.991E-03
  2.938643E+00 2.388E-03
  2.939025E+00 2.937E-03
  2.939215E+00 3.296E-03
  2.939404E+00 3.735E-03
  2.939592E+00 4.281E-03
  2.939779E+00 4.973E-03
  2.939966E+00 5.872E-03
  2.940152E+00 7.074E-03
  2.940337E+00 8.737E-03
  2.940522E+00 1.114E-02
  2.940706E+00 1.483E-02
  2.940889E+00 2.093E-02
  2.941071E+00 3.217E-02
  2.941252E+00 5.649E-02
  2.941433E+00 1.241E-01
  2.941614E+00 3.785E-01
  2.941793E+00 4.862E-01
  2.941972E+00 1.427E-01
  2.942150E+00 5.448E-02
  2.942327E+00 2.694E-02
  2.942504E+00 1.549E-02
  2.942680E+00 9.790E-03
  2.942855E+00 6.589E-03
  2.943030E+00 4.636E-03
  2.943204E+00 3.370E-03
  2.943377E+00 2.510E-03
  2.943550E+00 1.904E-03
  2.943722E+00 1.465E-03
  2.943893E+00 1.139E-03
  2.944063E+00 8.920E-04
  2.944233E+00 7.025E-04
  2.944403E+00 5.550E-04
  2.944571E+00 4.389E-04
  2.944739E+00 3.467E-04
  2.944907E+00 2.732E-04
  2.945073E+00 2.141E-04
  2.945239E+00 1.666E-04
  2.945405E+00 1.283E-04
  2.945570E+00 9.747E-05
  2.945734E+00 7.273E-05
  2.945897E+00 5.299E-05
  2.946060E+00 3.740E-05
  2.946223E+00 2.527E-05
  2.946384E+00 1.604E-05
  2.946546E+00 9.260E-06
  2.946706E+00 4.555E-06
  2.946866E+00 1.622E-06
  2.947025E+00 2.084E-07
  2.947184E+00 1.031E-07
  2.947342E+00 1.130E-06
  2.947499E+00 3.140E-06
  2.947656E+00 6.008E-06
  2.947813E+00 9.628E-06
  2.947968E+00 1.391E-05
  2.948124E+00 1.878E-05
  2.948432E+00 3.000E-05
  2.948738E+00 4.288E-05
  2.949194E+00 6.462E-05
  2.949941E+00 1.055E-04
  2.951395E+00 1.970E-04
  2.952521E+00 2.666E-04
  2.952935E+00 2.795E-04
  2.953072E+00 2.774E-04
  2.953209E+00 2.675E-04
  2.953345E+00 2.412E-04
  2.953480E+00 1.709E-04
  2.953615E+00 7.513E-06
  2.953750E+00 1.364E-03
  2.953884E+00 7.218E-04
  2.954017E+00 6.175E-04
  2.954150E+00 5.829E-04
  2.954415E+00 5.685E-04
  2.954939E+00 5.978E-04
  2.955839E+00 6.987E-04
  2.956592E+00 8.206E-04
  2.956963E+00 9.105E-04
  2.957209E+00 1.008E-03
  2.957331E+00 1.091E-03
  2.957452E+00 1.250E-03
  2.957573E+00 1.763E-03
  2.957694E+00 1.571E-02
  2.957814E+00 3.943E-04
  2.957934E+00 6.381E-04
  2.958054E+00 7.482E-04
  2.958173E+00 8.166E-04
  2.958527E+00 9.438E-04
  2.960692E+00 1.494E-03
  2.961884E+00 1.891E-03
  2.962827E+00 2.321E-03
  2.963643E+00 2.846E-03
  2.964241E+00 3.394E-03
  2.964730E+00 4.030E-03
  2.965116E+00 4.740E-03
  2.965403E+00 5.469E-03
  2.965686E+00 6.478E-03
  2.965874E+00 7.398E-03
  2.966060E+00 8.636E-03
  2.966246E+00 1.038E-02
  2.966338E+00 1.155E-02
  2.966430E+00 1.302E-02
  2.966521E+00 1.489E-02
  2.966613E+00 1.736E-02
  2.966704E+00 2.073E-02
  2.966794E+00 2.556E-02
  2.966885E+00 3.288E-02
  2.966975E+00 4.490E-02
  2.967065E+00 6.702E-02
  2.967154E+00 1.153E-01
  2.967244E+00 2.518E-01
  2.967333E+00 7.074E-01
  2.967422E+00 5.386E-01
  2.967510E+00 1.532E-01
  2.967598E+00 5.809E-02
  2.967686E+00 2.734E-02
  2.967774E+00 1.456E-02
  2.967861E+00 8.341E-03
  2.967949E+00 4.986E-03
  2.968035E+00 3.047E-03
  2.968122E+00 1.872E-03
  2.968208E+00 1.139E-03
  2.968295E+00 6.744E-04
  2.968380E+00 3.792E-04
  2.968466E+00 1.950E-04
  2.968551E+00 8.507E-05
  2.968636E+00 2.593E-05
  2.968721E+00 2.119E-06
  2.968806E+00 3.158E-06
  2.968890E+00 2.185E-05
  2.968974E+00 5.314E-05
  2.969058E+00 9.345E-05
  2.969141E+00 1.402E-04
  2.969307E+00 2.461E-04
  2.969800E+00 5.991E-04
  2.971071E+00 1.496E-03
  2.972357E+00 2.317E-03
  2.972723E+00 2.467E-03
  2.972868E+00 2.444E-03
  2.972940E+00 2.366E-03
  2.973012E+00 2.154E-03
  2.973084E+00 1.421E-03
  2.973156E+00 2.277E-02
  2.973227E+00 4.680E-03
  2.973298E+00 3.980E-03
  2.973369E+00 3.779E-03
  2.973510E+00 3.689E-03
  2.973929E+00 3.900E-03
  2.974545E+00 4.523E-03
  2.974946E+00 5.169E-03
  2.975144E+00 5.714E-03
  2.975276E+00 6.356E-03
  2.975341E+00 6.908E-03
  2.975406E+00 7.874E-03
  2.975471E+00 1.013E-02
  2.975536E+00 2.221E-02
  2.975600E+00 3.642E-03
  2.975665E+00 1.318E-03
  2.975729E+00 2.689E-03
  2.975793E+00 3.421E-03
  2.975857E+00 3.883E-03
  2.975984E+00 4.468E-03
  2.976237E+00 5.168E-03
  2.977694E+00 8.054E-03
  2.978331E+00 9.790E-03
  2.978838E+00 1.178E-02
  2.979224E+00 1.404E-02
  2.979496E+00 1.640E-02
  2.979710E+00 1.911E-02
  2.979870E+00 2.200E-02
  2.980028E+00 2.619E-02
  2.980133E+00 3.024E-02
  2.980237E+00 3.605E-02
  2.980289E+00 4.001E-02
  2.980341E+00 4.503E-02
  2.980393E+00 5.159E-02
  2.980444E+00 6.048E-02
  2.980496E+00 7.306E-02
  2.980547E+00 9.193E-02
  2.980598E+00 1.226E-01
  2.980649E+00 1.782E-01
  2.980700E+00 2.977E-01
  2.980751E+00 6.274E-01
  2.980801E+00 1.644E+00
  2.980852E+00 1.149E+00
  2.980902E+00 3.188E-01
  2.980952E+00 1.152E-01
  2.981002E+00 5.075E-02
  2.981052E+00 2.483E-02
  2.981102E+00 1.278E-02
  2.981152E+00 6.644E-03
  2.981202E+00 3.367E-03
  2.981251E+00 1.587E-03
  2.981300E+00 6.400E-04
  2.981350E+00 1.796E-04
  2.981399E+00 1.202E-05
  2.981448E+00 2.469E-05
  2.981496E+00 1.497E-04
  2.981545E+00 3.450E-04
  2.981594E+00 5.836E-04
  2.981691E+00 1.128E-03
  2.982026E+00 3.104E-03
  2.982355E+00 4.834E-03
  2.982906E+00 7.305E-03
  2.983615E+00 9.968E-03
  2.983831E+00 1.037E-02
  2.983917E+00 1.011E-02
  2.983960E+00 9.629E-03
  2.984002E+00 8.333E-03
  2.984045E+00 2.956E-03
  2.984087E+00 2.991E-02
  2.984129E+00 1.773E-02
  2.984172E+00 1.590E-02
  2.984214E+00 1.528E-02
  2.984339E+00 1.498E-02
  2.984670E+00 1.625E-02
  2.985034E+00 1.873E-02
  2.985233E+00 2.091E-02
  2.985352E+00 2.304E-02
  2.985430E+00 2.541E-02
  2.985469E+00 2.725E-02
  2.985508E+00 3.004E-02
  2.985547E+00 3.490E-02
  2.985586E+00 4.586E-02
  2.985625E+00 9.318E-02
  2.985663E+00 4.675E-01
  2.985702E+00 5.459E-04
  2.985740E+00 6.190E-03
  2.985779E+00 9.919E-03
  2.985817E+00 1.229E-02
  2.985855E+00 1.396E-02
  2.985931E+00 1.621E-02
  2.986082E+00 1.897E-02
  2.986600E+00 2.506E-02
  2.987136E+00 3.189E-02
  2.987484E+00 3.813E-02
  2.987756E+00 4.532E-02
  2.987957E+00 5.331E-02
  2.988123E+00 6.341E-02
  2.988221E+00 7.232E-02
  2.988319E+00 8.519E-02
  2.988384E+00 9.757E-02
  2.988449E+00 1.153E-01
  2.988481E+00 1.273E-01
  2.988513E+00 1.426E-01
  2.988545E+00 1.626E-01
  2.988577E+00 1.896E-01
  2.988609E+00 2.279E-01
  2.988641E+00 2.856E-01
  2.988672E+00 3.798E-01
  2.988704E+00 5.525E-01
  2.988736E+00 9.295E-01
  2.988767E+00 1.992E+00
  2.988799E+00 4.871E+00
  2.988830E+00 2.604E+00
  2.988861E+00 7.230E-01
  2.988893E+00 2.610E-01
  2.988924E+00 1.119E-01
  2.988955E+00 5.212E-02
  2.988986E+00 2.482E-02
  2.989017E+00 1.147E-02
  2.989048E+00 4.804E-03
  2.989079E+00 1.590E-03
  2.989110E+00 2.646E-04
  2.989140E+00 9.746E-06
  2.989171E+00 3.748E-04
  2.989202E+00 1.101E-03
  2.989232E+00 2.037E-03
  2.989263E+00 3.087E-03
  2.989444E+00 9.756E-03
  2.989623E+00 1.560E-02
  2.989887E+00 2.281E-02
  2.990344E+00 3.308E-02
  2.990595E+00 3.735E-02
  2.990677E+00 3.758E-02
  2.990732E+00 3.595E-02
  2.990759E+00 3.318E-02
  2.990786E+00 2.516E-02
  2.990814E+00 6.888E-02
  2.990841E+00 8.090E-02
  2.990868E+00 6.212E-02
  2.990895E+00 5.745E-02
  2.990948E+00 5.495E-02
  2.991082E+00 5.600E-02
  2.991345E+00 6.374E-02
  2.991551E+00 7.387E-02
  2.991653E+00 8.237E-02
  2.991729E+00 9.363E-02
  2.991754E+00 9.969E-02
  2.991779E+00 1.082E-01
  2.991804E+00 1.215E-01
  2.991829E+00 1.455E-01
  2.991854E+00 2.033E-01
  2.991879E+00 5.017E-01
  2.991904E+00 7.603E-01
  2.991929E+00 4.982E-04
  2.991954E+00 1.769E-02
  2.991979E+00 3.139E-02
  2.992003E+00 4.058E-02
  2.992028E+00 4.715E-02
  2.992052E+00 5.216E-02
  2.992126E+00 6.239E-02
  2.992271E+00 7.495E-02
  2.992791E+00 1.109E-01
  2.993042E+00 1.349E-01
  2.993221E+00 1.598E-01
  2.993354E+00 1.868E-01
  2.993463E+00 2.200E-01
  2.993550E+00 2.603E-01
  2.993614E+00 3.060E-01
  2.993657E+00 3.497E-01
  2.993700E+00 4.123E-01
  2.993721E+00 4.547E-01
  2.993742E+00 5.086E-01
  2.993764E+00 5.789E-01
  2.993785E+00 6.742E-01
  2.993806E+00 8.094E-01
  2.993827E+00 1.013E+00
  2.993848E+00 1.347E+00
  2.993869E+00 1.963E+00
  2.993890E+00 3.322E+00
  2.993911E+00 7.195E+00
  2.993932E+00 1.666E+01
  2.993953E+00 7.780E+00
  2.993974E+00 2.167E+00
  2.993994E+00 7.797E-01
  2.994015E+00 3.281E-01
  2.994036E+00 1.476E-01
  2.994056E+00 6.646E-02
  2.994077E+00 2.797E-02
  2.994097E+00 9.813E-03
  2.994118E+00 2.098E-03
  2.994138E+00 8.729E-06
  2.994159E+00 1.046E-03
  2.994179E+00 3.843E-03
  2.994200E+00 7.624E-03
  2.994220E+00 1.193E-02
  2.994361E+00 4.361E-02
  2.994481E+00 6.680E-02
  2.994677E+00 9.866E-02
  2.995021E+00 1.455E-01
  2.995134E+00 1.561E-01
  2.995189E+00 1.547E-01
  2.995208E+00 1.503E-01
  2.995226E+00 1.399E-01
  2.995245E+00 1.117E-01
  2.995263E+00 2.809E-04
  2.995281E+00 4.025E-01
  2.995300E+00 2.747E-01
  2.995318E+00 2.487E-01
  2.995336E+00 2.392E-01
  2.995373E+00 2.342E-01
  2.995481E+00 2.454E-01
  2.995659E+00 2.861E-01
  2.995782E+00 3.306E-01
  2.995851E+00 3.710E-01
  2.995903E+00 4.218E-01
  2.995920E+00 4.479E-01
  2.995937E+00 4.830E-01
  2.995954E+00 5.343E-01
  2.995971E+00 6.179E-01
  2.995988E+00 7.825E-01
  2.996005E+00 1.258E+00
  2.996022E+00 6.889E+00
  2.996039E+00 3.831E-01
  2.996056E+00 1.394E-02
  2.996073E+00 8.882E-02
  2.996090E+00 1.453E-01
  2.996107E+00 1.850E-01
  2.996124E+00 2.146E-01
  2.996157E+00 2.568E-01
  2.996224E+00 3.116E-01
  2.996421E+00 4.215E-01
  2.996631E+00 5.436E-01
  2.996788E+00 6.677E-01
  2.996912E+00 8.064E-01
  2.997004E+00 9.542E-01
  2.997080E+00 1.132E+00
  2.997141E+00 1.341E+00
  2.997186E+00 1.570E+00
  2.997216E+00 1.783E+00
  2.997245E+00 2.078E+00
  2.997260E+00 2.272E+00
  2.997275E+00 2.512E+00
  2.997290E+00 2.816E+00
  2.997304E+00 3.213E+00
  2.997319E+00 3.750E+00
  2.997334E+00 4.512E+00
  2.997349E+00 5.661E+00
  2.997363E+00 7.545E+00
  2.997378E+00 1.103E+01
  2.997392E+00 1.874E+01
  2.997407E+00 4.082E+01
  2.997422E+00 9.217E+01
  2.997436E+00 4.096E+01
  2.997451E+00 1.143E+01
  2.997465E+00 4.102E+00
  2.997480E+00 1.707E+00
  2.997494E+00 7.516E-01
  2.997508E+00 3.262E-01
  2.997523E+00 1.283E-01
  2.997537E+00 3.885E-02
  2.997551E+00 4.994E-03
  2.997566E+00 9.983E-04
  2.997580E+00 1.353E-02
  2.997594E+00 3.532E-02
  2.997609E+00 6.225E-02
  2.997637E+00 1.229E-01
  2.997694E+00 2.477E-01
  2.997805E+00 4.736E-01
  2.998252E+00 1.299E+00
  2.998291E+00 1.326E+00
  2.998304E+00 1.309E+00
  2.998317E+00 1.256E+00
  2.998330E+00 1.114E+00
  2.998343E+00 6.259E-01
  2.998356E+00 1.263E+01
  2.998369E+00 2.825E+00
  2.998382E+00 2.362E+00
  2.998395E+00 2.232E+00
  2.998421E+00 2.184E+00
  2.998472E+00 2.292E+00
  2.998561E+00 2.667E+00
  2.998649E+00 3.208E+00
  2.998712E+00 3.746E+00
  2.998761E+00 4.351E+00
  2.998798E+00 5.025E+00
  2.998822E+00 5.712E+00
  2.998835E+00 6.202E+00
  2.998847E+00 6.878E+00
  2.998859E+00 7.899E+00
  2.998871E+00 9.690E+00
  2.998883E+00 1.380E+01
  2.998895E+00 3.216E+01
  2.998908E+00 3.111E+02
  2.998920E+00 2.062E-01
  2.998932E+00 6.282E-01
  2.998944E+00 1.608E+00
  2.998956E+00 2.341E+00
  2.998968E+00 2.900E+00
  2.998980E+00 3.353E+00
  2.999004E+00 4.078E+00
  2.999075E+00 5.769E+00
  2.999169E+00 8.079E+00
  2.999239E+00 1.029E+01
  2.999308E+00 1.322E+01
  2.999365E+00 1.652E+01
  2.999410E+00 2.000E+01
  2.999455E+00 2.456E+01
  2.999489E+00 2.898E+01
  2.999522E+00 3.462E+01
  2.999556E+00 4.193E+01
  2.999589E+00 5.167E+01
  2.999622E+00 6.501E+01
  2.999644E+00 7.685E+01
  2.999655E+00 8.397E+01
  2.999676E+00 1.014E+02
  2.999698E+00 1.246E+02
  2.999720E+00 1.565E+02
  2.999731E+00 1.771E+02
  2.999752E+00 2.323E+02
  2.999763E+00 2.699E+02
  2.999774E+00 3.170E+02
  2.999784E+00 3.775E+02
  2.999795E+00 4.566E+02
  2.999806E+00 5.629E+02
  2.999816E+00 7.102E+02
  2.999827E+00 9.226E+02
  2.999838E+00 1.244E+03
  2.999848E+00 1.765E+03
  2.999859E+00 2.684E+03
  2.999870E+00 4.524E+03
  2.999880E+00 8.979E+03
  2.999891E+00 2.317E+04
  2.999901E+00 6.278E+04
  2.999912E+00 3.422E+04
  2.999922E+00 1.211E+04
  2.999933E+00 5.696E+03
  2.999943E+00 3.250E+03
  2.999954E+00 2.090E+03
  2.999964E+00 1.454E+03
  2.999975E+00 1.070E+03
  2.999985E+00 8.210E+02
  2.999996E+00 6.491E+02
  3.000006E+00 5.267E+02
  3.000016E+00 4.366E+02
  3.000027E+00 3.672E+02
  3.000037E+00 3.136E+02
  3.000047E+00 2.711E+02
  3.000068E+00 2.086E+02
  3.010250E+00 5.424E+00
  3.010259E+00 2.971E+00
  3.014377E+00 1.501E+00
  3.018449E+00 9.055E-01
  3.022476E+00 6.073E-01
  3.026459E+00 4.368E-01
  3.030398E+00 3.303E-01
  3.034295E+00 2.594E-01
  3.038149E+00 2.098E-01
  3.041961E+00 1.737E-01
  3.045732E+00 1.466E-01
  3.049462E+00 1.257E-01
  3.053152E+00 1.093E-01
  3.056803E+00 9.618E-02
  3.060415E+00 8.546E-02
  3.067525E+00 6.921E-02
  3.074486E+00 5.762E-02
  3.081302E+00 4.902E-02
  3.091263E+00 3.974E-02
  3.100920E+00 3.320E-02
  3.113344E+00 2.708E-02
  3.128186E+00 2.192E-02
  3.145052E+00 1.783E-02
  3.163525E+00 1.471E-02
  3.185542E+00 1.212E-02
  3.212193E+00 9.987E-03
  3.243580E+00 8.272E-03
  3.274143E+00 7.197E-03
  3.292164E+00 6.970E-03
  3.303266E+00 7.218E-03
  3.309866E+00 7.716E-03
  3.314967E+00 8.486E-03
  3.318694E+00 9.449E-03
  3.322339E+00 1.098E-02
  3.324724E+00 1.250E-02
  3.327074E+00 1.464E-02
  3.329390E+00 1.768E-02
  3.331672E+00 2.193E-02
  3.333922E+00 2.761E-02
  3.337236E+00 3.722E-02
  3.338325E+00 3.950E-02
  3.339406E+00 4.065E-02
  3.340479E+00 4.043E-02
  3.341545E+00 3.891E-02
  3.343654E+00 3.340E-02
  3.346763E+00 2.436E-02
  3.348799E+00 1.974E-02
  3.350806E+00 1.631E-02
  3.352787E+00 1.381E-02
  3.355706E+00 1.122E-02
  3.358565E+00 9.506E-03
  3.362288E+00 8.014E-03
  3.366803E+00 6.846E-03
  3.372875E+00 5.863E-03
  3.381078E+00 5.060E-03
  3.392436E+00 4.395E-03
  3.408544E+00 3.836E-03
  3.422508E+00 3.594E-03
  3.429811E+00 3.666E-03
  3.433255E+00 3.903E-03
  3.434691E+00 4.146E-03
  3.435636E+00 4.438E-03
  3.436104E+00 4.665E-03
  3.436570E+00 4.991E-03
  3.437034E+00 5.500E-03
  3.437494E+00 6.399E-03
  3.437953E+00 8.377E-03
  3.438409E+00 1.556E-02
  3.438862E+00 5.634E-01
  3.439313E+00 1.869E-03
  3.439762E+00 7.914E-04
  3.440208E+00 1.270E-03
  3.440652E+00 1.651E-03
  3.441094E+00 1.926E-03
  3.441533E+00 2.130E-03
  3.442405E+00 2.417E-03
  3.444121E+00 2.766E-03
  3.450639E+00 3.711E-03
  3.454450E+00 4.549E-03
  3.455922E+00 5.010E-03
  3.457007E+00 5.577E-03
  3.458428E+00 6.687E-03
  3.459822E+00 8.204E-03
  3.460850E+00 9.724E-03
  3.461863E+00 1.173E-02
  3.462861E+00 1.444E-02
  3.463845E+00 1.821E-02
  3.464493E+00 2.155E-02
  3.465135E+00 2.581E-02
  3.465771E+00 3.128E-02
  3.466401E+00 3.832E-02
  3.467025E+00 4.733E-02
  3.467643E+00 5.863E-02
  3.469462E+00 9.920E-02
  3.470058E+00 1.063E-01
  3.470648E+00 1.052E-01
  3.471232E+00 9.674E-02
  3.472954E+00 5.934E-02
  3.473797E+00 4.503E-02
  3.474628E+00 3.451E-02
  3.475720E+00 2.408E-02
  3.476258E+00 1.907E-02
  3.476526E+00 6.807E-02
  3.476792E+00 3.978E-02
  3.477057E+00 2.597E-02
  3.477321E+00 2.212E-02
  3.477583E+00 1.997E-02
  3.478105E+00 1.720E-02
  3.478879E+00 1.448E-02
  3.479896E+00 1.197E-02
  3.481141E+00 9.801E-03
  3.482600E+00 7.991E-03
  3.484255E+00 6.523E-03
  3.486312E+00 5.231E-03
  3.488507E+00 4.257E-03
  3.491023E+00 3.475E-03
  3.493418E+00 2.996E-03
  3.495140E+00 2.833E-03
  3.496437E+00 2.875E-03
  3.497342E+00 3.062E-03
  3.498053E+00 3.397E-03
  3.498579E+00 3.868E-03
  3.498926E+00 4.394E-03
  3.499099E+00 4.774E-03
  3.499271E+00 5.280E-03
  3.499442E+00 5.986E-03
  3.499613E+00 7.035E-03
  3.499783E+00 8.739E-03
  3.499952E+00 1.193E-02
  3.500121E+00 1.959E-02
  3.500289E+00 5.192E-02
  3.500457E+00 1.181E+00
  3.500623E+00 2.342E-02
  3.500789E+00 3.097E-03
  3.500955E+00 8.428E-04
  3.501120E+00 5.904E-04
  3.501284E+00 7.518E-04
  3.501448E+00 1.021E-03
  3.501773E+00 1.636E-03
  3.502096E+00 2.300E-03
  3.502416E+00 3.056E-03
  3.502734E+00 3.980E-03
  3.502893E+00 4.539E-03
  3.503050E+00 5.190E-03
  3.503207E+00 5.958E-03
  3.503363E+00 6.880E-03
  3.503519E+00 8.005E-03
  3.503674E+00 9.402E-03
  3.503829E+00 1.117E-02
  3.503983E+00 1.344E-02
  3.504136E+00 1.643E-02
  3.504289E+00 2.042E-02
  3.504442E+00 2.586E-02
  3.504593E+00 3.330E-02
  3.504745E+00 4.332E-02
  3.505045E+00 6.888E-02
  3.505195E+00 7.700E-02
  3.505344E+00 7.499E-02
  3.505492E+00 6.428E-02
  3.505640E+00 5.100E-02
  3.505787E+00 3.940E-02
  3.505934E+00 3.058E-02
  3.506081E+00 2.420E-02
  3.506226E+00 1.963E-02
  3.506371E+00 1.634E-02
  3.506516E+00 1.396E-02
  3.506660E+00 1.222E-02
  3.506804E+00 1.094E-02
  3.506947E+00 1.000E-02
  3.507090E+00 9.321E-03
  3.507373E+00 8.515E-03
  3.507655E+00 8.234E-03
  3.508073E+00 8.495E-03
  3.508487E+00 9.399E-03
  3.508897E+00 1.091E-02
  3.509302E+00 1.309E-02
  3.509703E+00 1.611E-02
  3.510099E+00 2.024E-02
  3.510492E+00 2.589E-02
  3.510751E+00 3.080E-02
  3.511009E+00 3.693E-02
  3.511264E+00 4.458E-02
  3.511518E+00 5.414E-02
  3.511770E+00 6.601E-02
  3.512145E+00 8.838E-02
  3.512516E+00 1.114E-01
  3.512639E+00 1.148E-01
  3.512762E+00 1.107E-01
  3.512884E+00 9.160E-02
  3.513005E+00 5.012E-02
  3.513126E+00 1.328E-02
  3.513247E+00 4.251E-02
  3.513367E+00 1.018E-01
  3.513487E+00 1.433E-01
  3.513607E+00 1.651E-01
  3.513726E+00 1.738E-01
  3.513845E+00 1.742E-01
  3.514081E+00 1.610E-01
  3.514780E+00 9.726E-02
  3.515124E+00 7.186E-02
  3.515464E+00 5.192E-02
  3.515802E+00 3.559E-02
  3.516024E+00 2.585E-02
  3.516135E+00 2.138E-02
  3.516246E+00 1.782E-02
  3.516356E+00 1.786E-02
  3.516466E+00 3.616E-02
  3.516575E+00 2.112E-01
  3.516684E+00 1.055E+00
  3.516793E+00 3.021E-01
  3.516902E+00 1.476E-01
  3.517010E+00 9.807E-02
  3.517117E+00 7.473E-02
  3.517224E+00 6.119E-02
  3.517331E+00 5.227E-02
  3.517438E+00 4.588E-02
  3.517544E+00 4.102E-02
  3.517756E+00 3.400E-02
  3.517966E+00 2.906E-02
  3.518278E+00 2.374E-02
  3.518587E+00 1.989E-02
  3.518995E+00 1.606E-02
  3.519498E+00 1.255E-02
  3.519992E+00 9.925E-03
  3.520575E+00 7.528E-03
  3.521147E+00 5.705E-03
  3.521708E+00 4.315E-03
  3.522167E+00 3.446E-03
  3.522530E+00 2.940E-03
  3.522888E+00 2.622E-03
  3.523154E+00 2.531E-03
  3.523417E+00 2.600E-03
  3.523591E+00 2.757E-03
  3.523764E+00 3.027E-03
  3.523936E+00 3.438E-03
  3.524106E+00 4.033E-03
  3.524276E+00 4.874E-03
  3.524361E+00 5.415E-03
  3.524445E+00 6.058E-03
  3.524529E+00 6.824E-03
  3.524613E+00 7.743E-03
  3.524696E+00 8.854E-03
  3.524780E+00 1.021E-02
  3.524863E+00 1.190E-02
  3.524945E+00 1.405E-02
  3.525028E+00 1.684E-02
  3.525110E+00 2.063E-02
  3.525192E+00 2.605E-02
  3.525274E+00 3.446E-02
  3.525355E+00 4.927E-02
  3.525437E+00 8.171E-02
  3.525518E+00 1.928E-01
  3.525598E+00 1.628E+00
  3.525679E+00 2.692E-01
  3.525759E+00 3.844E-02
  3.525839E+00 1.739E-02
  3.525919E+00 1.664E-02
  3.525999E+00 2.100E-02
  3.526078E+00 2.795E-02
  3.526157E+00 3.718E-02
  3.526236E+00 4.907E-02
  3.526315E+00 6.437E-02
  3.526393E+00 8.412E-02
  3.526471E+00 1.094E-01
  3.526549E+00 1.411E-01
  3.526704E+00 2.176E-01
  3.526781E+00 2.500E-01
  3.526858E+00 2.651E-01
  3.526935E+00 2.579E-01
  3.527012E+00 2.329E-01
  3.527164E+00 1.670E-01
  3.527240E+00 1.380E-01
  3.527316E+00 1.141E-01
  3.527391E+00 9.487E-02
  3.527466E+00 7.956E-02
  3.527541E+00 6.737E-02
  3.527616E+00 5.761E-02
  3.527691E+00 4.976E-02
  3.527765E+00 4.339E-02
  3.527839E+00 3.818E-02
  3.527913E+00 3.391E-02
  3.528060E+00 2.748E-02
  3.528206E+00 2.309E-02
  3.528352E+00 2.015E-02
  3.528496E+00 1.832E-02
  3.528640E+00 1.739E-02
  3.528783E+00 1.724E-02
  3.528925E+00 1.783E-02
  3.529066E+00 1.916E-02
  3.529207E+00 2.129E-02
  3.529347E+00 2.434E-02
  3.529486E+00 2.845E-02
  3.529624E+00 3.387E-02
  3.529761E+00 4.090E-02
  3.529897E+00 4.997E-02
  3.530033E+00 6.163E-02
  3.530168E+00 7.657E-02
  3.530302E+00 9.560E-02
  3.530436E+00 1.195E-01
  3.530635E+00 1.644E-01
  3.530766E+00 1.954E-01
  3.530832E+00 2.065E-01
  3.530897E+00 2.088E-01
  3.530962E+00 1.929E-01
  3.531027E+00 1.439E-01
  3.531092E+00 6.045E-02
  3.531157E+00 2.632E-02
  3.531221E+00 1.164E-01
  3.531285E+00 2.246E-01
  3.531349E+00 2.912E-01
  3.531413E+00 3.232E-01
  3.531477E+00 3.334E-01
  3.531541E+00 3.302E-01
  3.531667E+00 3.026E-01
  3.532043E+00 1.882E-01
  3.532228E+00 1.430E-01
  3.532412E+00 1.070E-01
  3.532594E+00 7.752E-02
  3.532715E+00 6.051E-02
  3.532775E+00 5.309E-02
  3.532835E+00 4.745E-02
  3.532895E+00 4.672E-02
  3.532955E+00 6.305E-02
  3.533014E+00 1.616E-01
  3.533073E+00 1.007E+00
  3.533133E+00 2.371E+00
  3.533192E+00 6.396E-01
  3.533250E+00 3.226E-01
  3.533309E+00 2.156E-01
  3.533368E+00 1.642E-01
  3.533426E+00 1.342E-01
  3.533484E+00 1.145E-01
  3.533542E+00 1.004E-01
  3.533600E+00 8.970E-02
  3.533715E+00 7.430E-02
  3.533830E+00 6.349E-02
  3.534001E+00 5.186E-02
  3.534171E+00 4.336E-02
  3.534395E+00 3.483E-02
  3.534671E+00 2.686E-02
  3.534944E+00 2.074E-02
  3.535267E+00 1.499E-02
  3.535585E+00 1.046E-02
  3.535846E+00 7.420E-03
  3.536052E+00 5.441E-03
  3.536206E+00 4.229E-03
  3.536358E+00 3.278E-03
  3.536459E+00 2.811E-03
  3.536559E+00 2.500E-03
  3.536609E+00 2.412E-03
  3.536659E+00 2.373E-03
  3.536709E+00 2.389E-03
  3.536758E+00 2.465E-03
  3.536808E+00 2.608E-03
  3.536857E+00 2.826E-03
  3.536907E+00 3.128E-03
  3.536956E+00 3.524E-03
  3.537005E+00 4.026E-03
  3.537053E+00 4.650E-03
  3.537102E+00 5.412E-03
  3.537151E+00 6.333E-03
  3.537199E+00 7.438E-03
  3.537248E+00 8.755E-03
  3.537296E+00 1.032E-02
  3.537344E+00 1.218E-02
  3.537392E+00 1.439E-02
  3.537440E+00 1.701E-02
  3.537487E+00 2.013E-02
  3.537535E+00 2.385E-02
  3.537583E+00 2.830E-02
  3.537630E+00 3.367E-02
  3.537677E+00 4.018E-02
  3.537724E+00 4.813E-02
  3.537771E+00 5.796E-02
  3.537818E+00 7.023E-02
  3.537865E+00 8.581E-02
  3.537912E+00 1.060E-01
  3.537958E+00 1.328E-01
  3.538005E+00 1.699E-01
  3.538051E+00 2.242E-01
  3.538097E+00 3.120E-01
  3.538143E+00 4.845E-01
  3.538189E+00 1.017E+00
  3.538235E+00 7.004E+00
  3.538281E+00 7.292E-01
  3.538326E+00 3.682E-01
  3.538372E+00 4.410E-01
  3.538417E+00 5.502E-01
  3.538463E+00 6.414E-01
  3.538508E+00 6.862E-01
  3.538553E+00 6.757E-01
  3.538598E+00 6.225E-01
  3.538732E+00 4.003E-01
  3.538777E+00 3.395E-01
  3.538821E+00 2.888E-01
  3.538865E+00 2.471E-01
  3.538909E+00 2.129E-01
  3.538954E+00 1.847E-01
  3.538998E+00 1.614E-01
  3.539041E+00 1.420E-01
  3.539129E+00 1.121E-01
  3.539216E+00 9.043E-02
  3.539302E+00 7.451E-02
  3.539388E+00 6.263E-02
  3.539474E+00 5.372E-02
  3.539559E+00 4.711E-02
  3.539687E+00 4.059E-02
  3.539813E+00 3.749E-02
  3.539938E+00 3.754E-02
  3.540021E+00 3.940E-02
  3.540104E+00 4.290E-02
  3.540186E+00 4.829E-02
  3.540268E+00 5.595E-02
  3.540349E+00 6.641E-02
  3.540431E+00 8.037E-02
  3.540511E+00 9.880E-02
  3.540592E+00 1.229E-01
  3.540671E+00 1.544E-01
  3.540751E+00 1.950E-01
  3.540830E+00 2.465E-01
  3.540987E+00 3.674E-01
  3.541026E+00 3.716E-01
  3.541065E+00 2.965E-01
  3.541104E+00 1.047E-01
  3.541143E+00 2.109E-01
  3.541182E+00 4.110E-01
  3.541220E+00 5.257E-01
  3.541259E+00 5.923E-01
  3.541297E+00 6.315E-01
  3.541336E+00 6.511E-01
  3.541412E+00 6.458E-01
  3.541488E+00 5.996E-01
  3.541752E+00 3.583E-01
  3.541863E+00 2.727E-01
  3.541974E+00 2.024E-01
  3.542084E+00 1.438E-01
  3.542157E+00 1.109E-01
  3.542193E+00 9.777E-02
  3.542230E+00 8.980E-02
  3.542266E+00 9.413E-02
  3.542302E+00 1.330E-01
  3.542338E+00 2.929E-01
  3.542374E+00 1.070E+00
  3.542410E+00 6.181E+00
  3.542445E+00 4.076E+00
  3.542481E+00 1.517E+00
  3.542517E+00 8.472E-01
  3.542552E+00 5.801E-01
  3.542588E+00 4.425E-01
  3.542623E+00 3.597E-01
  3.542658E+00 3.044E-01
  3.542694E+00 2.648E-01
  3.542729E+00 2.349E-01
  3.542764E+00 2.113E-01
  3.542834E+00 1.762E-01
  3.542903E+00 1.509E-01
  3.543007E+00 1.232E-01
  3.543110E+00 1.029E-01
  3.543246E+00 8.233E-02
  3.543415E+00 6.297E-02
  3.543581E+00 4.794E-02
  3.543746E+00 3.574E-02
  3.543941E+00 2.379E-02
  3.544102E+00 1.565E-02
  3.544198E+00 1.152E-02
  3.544293E+00 7.993E-03
  3.544356E+00 6.022E-03
  3.544387E+00 5.165E-03
  3.544450E+00 3.739E-03
  3.544481E+00 3.187E-03
  3.544512E+00 2.758E-03
  3.544543E+00 2.462E-03
  3.544574E+00 2.315E-03
  3.544605E+00 2.335E-03
  3.544636E+00 2.540E-03
  3.544667E+00 2.956E-03
  3.544698E+00 3.609E-03
  3.544728E+00 4.533E-03
  3.544759E+00 5.766E-03
  3.544789E+00 7.355E-03
  3.544820E+00 9.355E-03
  3.544850E+00 1.183E-02
  3.544881E+00 1.487E-02
  3.544911E+00 1.855E-02
  3.544941E+00 2.301E-02
  3.544971E+00 2.838E-02
  3.545001E+00 3.485E-02
  3.545031E+00 4.262E-02
  3.545061E+00 5.199E-02
  3.545091E+00 6.329E-02
  3.545121E+00 7.697E-02
  3.545151E+00 9.360E-02
  3.545180E+00 1.139E-01
  3.545210E+00 1.388E-01
  3.545239E+00 1.697E-01
  3.545269E+00 2.081E-01
  3.545298E+00 2.563E-01
  3.545328E+00 3.173E-01
  3.545357E+00 3.952E-01
  3.545386E+00 4.953E-01
  3.545415E+00 6.247E-01
  3.545444E+00 7.921E-01
  3.545473E+00 1.007E+00
  3.545502E+00 1.280E+00
  3.545531E+00 1.615E+00
  3.545560E+00 2.022E+00
  3.545589E+00 2.624E+00
  3.545618E+00 5.397E+00
  3.545646E+00 1.118E+01
  3.545675E+00 2.889E+00
  3.545704E+00 2.087E+00
  3.545732E+00 1.694E+00
  3.545760E+00 1.405E+00
  3.545789E+00 1.176E+00
  3.545817E+00 9.920E-01
  3.545845E+00 8.438E-01
  3.545874E+00 7.239E-01
  3.545902E+00 6.263E-01
  3.545930E+00 5.463E-01
  3.545958E+00 4.801E-01
  3.545986E+00 4.248E-01
  3.546041E+00 3.388E-01
  3.546097E+00 2.760E-01
  3.546152E+00 2.289E-01
  3.546207E+00 1.929E-01
  3.546289E+00 1.535E-01
  3.546371E+00 1.265E-01
  3.546452E+00 1.086E-01
  3.546533E+00 9.814E-02
  3.546613E+00 9.467E-02
  3.546692E+00 9.857E-02
  3.546745E+00 1.059E-01
  3.546798E+00 1.176E-01
  3.546850E+00 1.348E-01
  3.546902E+00 1.587E-01
  3.546954E+00 1.910E-01
  3.547006E+00 2.339E-01
  3.547057E+00 2.905E-01
  3.547108E+00 3.642E-01
  3.547160E+00 4.586E-01
  3.547261E+00 6.871E-01
  3.547286E+00 6.803E-01
  3.547311E+00 4.327E-01
  3.547337E+00 6.103E-01
  3.547362E+00 1.003E+00
  3.547387E+00 1.193E+00
  3.547412E+00 1.327E+00
  3.547462E+00 1.518E+00
  3.547511E+00 1.612E+00
  3.547561E+00 1.601E+00
  3.547610E+00 1.502E+00
  3.547805E+00 8.453E-01
  3.547877E+00 6.411E-01
  3.547949E+00 4.719E-01
  3.548020E+00 3.314E-01
  3.548068E+00 2.573E-01
  3.548091E+00 2.326E-01
  3.548115E+00 2.270E-01
  3.548138E+00 2.643E-01
  3.548162E+00 4.127E-01
  3.548185E+00 9.109E-01
  3.548209E+00 2.899E+00
  3.548232E+00 1.349E+01
  3.548255E+00 1.629E+01
  3.548279E+00 6.057E+00
  3.548302E+00 3.157E+00
  3.548325E+00 2.059E+00
  3.548348E+00 1.518E+00
  3.548371E+00 1.203E+00
  3.548394E+00 9.994E-01
  3.548417E+00 8.569E-01
  3.548440E+00 7.515E-01
  3.548463E+00 6.701E-01
  3.548509E+00 5.515E-01
  3.548554E+00 4.682E-01
  3.548622E+00 3.795E-01
  3.548689E+00 3.156E-01
  3.548779E+00 2.521E-01
  3.548889E+00 1.928E-01
  3.548999E+00 1.468E-01
  3.549129E+00 1.025E-01
  3.549236E+00 7.192E-02
  3.549342E+00 4.597E-02
  3.549406E+00 3.258E-02
  3.549447E+00 2.465E-02
  3.549489E+00 1.761E-02
  3.549510E+00 1.447E-02
  3.549531E+00 1.162E-02
  3.549552E+00 9.066E-03
  3.549572E+00 6.857E-03
  3.549593E+00 5.025E-03
  3.549614E+00 3.615E-03
  3.549634E+00 2.678E-03
  3.549655E+00 2.277E-03
  3.549675E+00 2.483E-03
  3.549696E+00 3.383E-03
  3.549716E+00 5.078E-03
  3.549737E+00 7.689E-03
  3.549757E+00 1.136E-02
  3.549777E+00 1.627E-02
  3.549798E+00 2.262E-02
  3.549818E+00 3.067E-02
  3.549838E+00 4.073E-02
  3.549858E+00 5.318E-02
  3.549878E+00 6.847E-02
  3.549899E+00 8.719E-02
  3.549919E+00 1.101E-01
  3.549939E+00 1.380E-01
  3.549959E+00 1.721E-01
  3.549979E+00 2.139E-01
  3.549999E+00 2.653E-01
  3.550018E+00 3.287E-01
  3.550038E+00 4.073E-01
  3.550058E+00 5.054E-01
  3.550078E+00 6.286E-01
  3.550097E+00 7.844E-01
  3.550117E+00 9.830E-01
  3.550137E+00 1.237E+00
  3.550156E+00 1.565E+00
  3.550176E+00 1.986E+00
  3.550196E+00 2.524E+00
  3.550215E+00 3.194E+00
  3.550235E+00 3.987E+00
  3.550273E+00 5.609E+00
  3.550293E+00 6.086E+00
  3.550312E+00 6.135E+00
  3.550331E+00 5.872E+00
  3.550351E+00 6.073E+00
  3.550370E+00 1.502E+01
  3.550389E+00 5.431E+01
  3.550408E+00 1.096E+01
  3.550427E+00 6.137E+00
  3.550446E+00 4.396E+00
  3.550465E+00 3.447E+00
  3.550484E+00 2.827E+00
  3.550503E+00 2.382E+00
  3.550522E+00 2.044E+00
  3.550541E+00 1.779E+00
  3.550560E+00 1.566E+00
  3.550579E+00 1.390E+00
  3.550616E+00 1.120E+00
  3.550654E+00 9.242E-01
  3.550691E+00 7.765E-01
  3.550728E+00 6.626E-01
  3.550784E+00 5.359E-01
  3.550839E+00 4.467E-01
  3.550894E+00 3.853E-01
  3.550948E+00 3.469E-01
  3.551002E+00 3.301E-01
  3.551056E+00 3.360E-01
  3.551110E+00 3.689E-01
  3.551145E+00 4.094E-01
  3.551181E+00 4.685E-01
  3.551216E+00 5.509E-01
  3.551251E+00 6.626E-01
  3.551287E+00 8.112E-01
  3.551322E+00 1.006E+00
  3.551356E+00 1.254E+00
  3.551408E+00 1.705E+00
  3.551426E+00 1.819E+00
  3.551443E+00 1.761E+00
  3.551460E+00 1.470E+00
  3.551477E+00 3.076E+00
  3.551494E+00 3.666E+00
  3.551563E+00 5.097E+00
  3.551597E+00 5.621E+00
  3.551631E+00 5.837E+00
  3.551664E+00 5.705E+00
  3.551715E+00 5.022E+00
  3.551815E+00 3.230E+00
  3.551864E+00 2.475E+00
  3.551913E+00 1.845E+00
  3.551962E+00 1.320E+00
  3.551995E+00 1.040E+00
  3.552011E+00 9.393E-01
  3.552027E+00 8.922E-01
  3.552044E+00 9.529E-01
  3.552060E+00 1.256E+00
  3.552076E+00 2.180E+00
  3.552092E+00 5.043E+00
  3.552108E+00 1.598E+01
  3.552124E+00 6.564E+01
  3.552140E+00 6.505E+01
  3.552156E+00 2.614E+01
  3.552172E+00 1.403E+01
  3.552188E+00 9.225E+00
  3.552204E+00 6.813E+00
  3.552220E+00 5.401E+00
  3.552236E+00 4.484E+00
  3.552251E+00 3.843E+00
  3.552267E+00 3.370E+00
  3.552283E+00 3.005E+00
  3.552314E+00 2.477E+00
  3.552346E+00 2.109E+00
  3.552392E+00 1.720E+00
  3.552439E+00 1.442E+00
  3.552501E+00 1.165E+00
  3.552577E+00 9.059E-01
  3.552668E+00 6.652E-01
  3.552758E+00 4.690E-01
  3.552847E+00 3.017E-01
  3.552906E+00 2.038E-01
  3.552950E+00 1.383E-01
  3.552979E+00 9.924E-02
  3.552993E+00 8.136E-02
  3.553022E+00 4.959E-02
  3.553037E+00 3.605E-02
  3.553051E+00 2.436E-02
  3.553066E+00 1.479E-02
  3.553080E+00 7.663E-03
  3.553094E+00 3.357E-03
  3.553109E+00 2.327E-03
  3.553123E+00 5.112E-03
  3.553137E+00 1.236E-02
  3.553152E+00 2.486E-02
  3.553166E+00 4.355E-02
  3.553180E+00 6.957E-02
  3.553194E+00 1.043E-01
  3.553208E+00 1.495E-01
  3.553223E+00 2.072E-01
  3.553237E+00 2.800E-01
  3.553251E+00 3.712E-01
  3.553265E+00 4.849E-01
  3.553279E+00 6.261E-01
  3.553293E+00 8.014E-01
  3.553307E+00 1.019E+00
  3.553321E+00 1.291E+00
  3.553335E+00 1.630E+00
  3.553349E+00 2.055E+00
  3.553363E+00 2.592E+00
  3.553377E+00 3.274E+00
  3.553390E+00 4.146E+00
  3.553404E+00 5.268E+00
  3.553418E+00 6.721E+00
  3.553432E+00 8.611E+00
  3.553446E+00 1.107E+01
  3.553459E+00 1.424E+01
  3.553473E+00 1.822E+01
  3.553514E+00 3.287E+01
  3.553528E+00 3.577E+01
  3.553541E+00 3.592E+01
  3.553555E+00 3.345E+01
  3.553582E+00 2.602E+01
  3.553596E+00 2.677E+01
  3.553609E+00 5.995E+01
  3.553623E+00 6.838E+02
  3.553636E+00 1.106E+02
  3.553649E+00 4.676E+01
  3.553663E+00 3.003E+01
  3.553676E+00 2.245E+01
  3.553690E+00 1.804E+01
  3.553703E+00 1.510E+01
  3.553716E+00 1.298E+01
  3.553730E+00 1.136E+01
  3.553743E+00 1.009E+01
  3.553756E+00 9.047E+00
  3.553769E+00 8.186E+00
  3.553796E+00 6.840E+00
  3.553822E+00 5.840E+00
  3.553861E+00 4.752E+00
  3.553900E+00 3.989E+00
  3.553939E+00 3.450E+00
  3.553978E+00 3.086E+00
  3.554017E+00 2.879E+00
  3.554055E+00 2.833E+00
  3.554093E+00 2.977E+00
  3.554119E+00 3.206E+00
  3.554144E+00 3.569E+00
  3.554169E+00 4.101E+00
  3.554194E+00 4.851E+00
  3.554207E+00 5.326E+00
  3.554232E+00 6.523E+00
  3.554256E+00 8.123E+00
  3.554269E+00 9.101E+00
  3.554294E+00 1.144E+01
  3.554318E+00 1.413E+01
  3.554331E+00 1.526E+01
  3.554343E+00 1.552E+01
  3.554355E+00 1.624E+01
  3.554367E+00 3.524E+01
  3.554392E+00 4.109E+01
  3.554416E+00 4.909E+01
  3.554465E+00 6.639E+01
  3.554489E+00 7.151E+01
  3.554513E+00 7.256E+01
  3.554537E+00 6.985E+01
  3.554585E+00 5.813E+01
  3.554644E+00 4.184E+01
  3.554691E+00 3.071E+01
  3.554726E+00 2.348E+01
  3.554750E+00 1.942E+01
  3.554761E+00 1.789E+01
  3.554773E+00 1.713E+01
  3.554784E+00 1.787E+01
  3.554796E+00 2.189E+01
  3.554808E+00 3.370E+01
  3.554819E+00 6.673E+01
  3.554831E+00 1.710E+02
  3.554842E+00 5.942E+02
  3.554854E+00 1.920E+03
  3.554865E+00 1.138E+03
  3.554876E+00 5.194E+02
  3.554888E+00 3.085E+02
  3.554899E+00 2.164E+02
  3.554911E+00 1.674E+02
  3.554922E+00 1.379E+02
  3.554933E+00 1.185E+02
  3.554945E+00 1.048E+02
  3.554956E+00 9.482E+01
  3.554967E+00 8.719E+01
  3.554990E+00 7.643E+01
  3.555012E+00 6.932E+01
  3.555057E+00 6.083E+01
  3.555113E+00 5.565E+01
  3.555190E+00 5.340E+01
  3.555277E+00 5.523E+01
  3.555363E+00 6.129E+01
  3.555427E+00 6.941E+01
  3.555490E+00 8.223E+01
  3.555532E+00 9.487E+01
  3.555563E+00 1.077E+02
  3.555594E+00 1.246E+02
  3.555625E+00 1.476E+02
  3.555656E+00 1.800E+02
  3.555687E+00 2.277E+02
  3.555707E+00 2.731E+02
  3.555727E+00 3.356E+02
  3.555737E+00 3.761E+02
  3.555747E+00 4.246E+02
  3.555768E+00 5.552E+02
  3.555778E+00 6.429E+02
  3.555788E+00 7.503E+02
  3.555798E+00 8.804E+02
  3.555815E+00 1.158E+03
  3.565805E+00 1.207E-01
  3.565815E+00 4.270E-01
  3.590758E+00 3.770E-02
  3.615702E+00 1.729E-02
  3.640645E+00 1.242E-02
  3.665588E+00 1.035E-02
  3.690532E+00 9.068E-03
  3.715475E+00 8.186E-03
  3.765362E+00 7.088E-03
  3.840191E+00 5.925E-03
  3.890078E+00 5.509E-03
  4.039738E+00 5.147E-03
  4.339058E+00 4.718E-03
  4.763094E+00 3.979E-03
  5.336790E+00 3.138E-03
  5.810713E+00 2.459E-03
  6.010259E+00 2.290E-03
  6.131676E+00 2.157E-03
  6.255540E+00 2.031E-03
  6.381910E+00 1.913E-03
  6.510836E+00 1.801E-03
  6.642365E+00 1.696E-03
  6.776546E+00 1.598E-03
  6.913440E+00 1.505E-03
  7.053102E+00 1.417E-03
  7.195583E+00 1.334E-03
  7.340948E+00 1.257E-03
  7.489243E+00 1.184E-03
  7.640533E+00 1.115E-03
  7.794887E+00 1.050E-03
  7.952351E+00 9.886E-04
  8.112997E+00 9.310E-04
  8.276893E+00 8.768E-04
  8.444097E+00 8.258E-04
  8.614681E+00 7.777E-04
  8.788705E+00 7.324E-04
  8.966254E+00 6.897E-04
  9.147380E+00 6.496E-04
  9.332169E+00 6.117E-04
  9.520694E+00 5.761E-04
  9.713026E+00 5.426E-04
  9.909238E+00 5.110E-04
  1.010942E+01 4.812E-04
  1.031365E+01 4.532E-04
  1.052199E+01 4.268E-04
  1.073455E+01 4.019E-04
  1.095140E+01 3.785E-04
  1.117264E+01 3.565E-04
  1.139834E+01 3.357E-04
  1.162860E+01 3.162E-04
  1.186352E+01 2.978E-04
  1.210318E+01 2.804E-04
  1.234767E+01 2.641E-04
  1.259712E+01 2.487E-04
  1.285159E+01 2.342E-04
  1.311121E+01 2.206E-04
  1.337608E+01 2.077E-04
  1.364629E+01 1.956E-04
  1.392197E+01 1.843E-04
  1.420320E+01 1.735E-04
  1.449013E+01 1.634E-04
  1.478285E+01 1.539E-04
  1.508149E+01 1.449E-04
  1.538615E+01 1.365E-04
  1.569697E+01 1.285E-04
  1.601407E+01 1.211E-04
  1.633757E+01 1.140E-04
  1.666760E+01 1.074E-04
  1.700432E+01 1.011E-04
  1.734782E+01 9.523E-05
  1.769827E+01 8.969E-05
  1.805580E+01 8.446E-05
  1.842056E+01 7.954E-05
  1.879266E+01 7.491E-05
  1.917232E+01 7.055E-05
  1.955960E+01 6.644E-05
  1.995474E+01 6.257E-05
  2.035785E+01 5.893E-05
  2.076912E+01 5.550E-05
  2.118867E+01 5.226E-05
  2.161671E+01 4.922E-05
  2.205339E+01 4.635E-05
  2.249892E+01 4.365E-05
  2.295341E+01 4.111E-05
  2.341711E+01 3.872E-05