  2.762402E-02 7.577E+01
  7.890874E-02 6.813E+00
  1.288895E-01 2.012E+00
  1.776102E-01 8.736E-01
  2.251129E-01 4.620E-01
  2.714377E-01 2.743E-01
  3.166234E-01 1.754E-01
  3.607069E-01 1.184E-01
  4.037238E-01 8.356E-02
  4.457083E-01 6.129E-02
  4.866931E-01 4.654E-02
  5.267097E-01 3.641E-02
  5.657884E-01 2.917E-02
  6.039582E-01 2.379E-02
  6.412472E-01 1.965E-02
  6.776822E-01 1.638E-02
  7.132891E-01 1.374E-02
  7.480927E-01 1.159E-02
  7.821172E-01 9.827E-03
  8.153855E-01 8.386E-03
  8.479200E-01 7.208E-03
  8.797419E-01 6.246E-03
  9.108721E-01 5.461E-03
  9.413304E-01 4.819E-03
  1.000307E+00 3.857E-03
  1.056818E+00 3.185E-03
  1.137255E+00 2.482E-03
  1.212866E+00 1.970E-03
  1.306823E+00 1.453E-03
  1.393668E+00 1.079E-03
  1.454558E+00 8.752E-04
  1.512108E+00 7.247E-04
  1.584054E+00 5.852E-04
  1.650996E+00 4.938E-04
  1.728323E+00 4.223E-04
  1.812811E+00 3.734E-04
  1.901364E+00 3.464E-04
  1.980576E+00 3.433E-04
  2.051716E+00 3.615E-04
  2.124488E+00 4.053E-04
  2.189413E+00 4.707E-04
  2.247581E+00 5.589E-04
  2.293651E+00 6.620E-04
  2.329967E+00 7.824E-04
  2.358210E+00 9.220E-04
  2.379588E+00 1.080E-03
  2.394956E+00 1.246E-03
  2.409784E+00 1.486E-03
  2.419382E+00 1.721E-03
  2.424097E+00 1.875E-03
  2.428758E+00 2.065E-03
  2.433364E+00 2.306E-03
  2.437918E+00 2.621E-03
  2.442420E+00 3.050E-03
  2.446870E+00 3.662E-03
  2.451270E+00 4.591E-03
  2.455620E+00 6.123E-03
  2.459921E+00 8.941E-03
  2.464173E+00 1.490E-02
  2.468378E+00 2.875E-02
  2.472536E+00 4.416E-02
  2.476648E+00 2.516E-02
  2.480715E+00 1.071E-02
  2.484736E+00 5.431E-03
  2.488713E+00 3.315E-03
  2.492647E+00 2.345E-03
  2.496538E+00 1.860E-03
  2.500387E+00 1.607E-03
  2.504193E+00 1.478E-03
  2.507959E+00 1.421E-03
  2.511685E+00 1.409E-03
  2.519016E+00 1.465E-03
  2.529724E+00 1.670E-03
  2.540096E+00 1.982E-03
  2.550149E+00 2.411E-03
  2.559893E+00 3.001E-03
  2.566224E+00 3.525E-03
  2.572428E+00 4.204E-03
  2.578508E+00 5.107E-03
  2.584466E+00 6.354E-03
  2.587401E+00 7.166E-03
  2.590307E+00 8.153E-03
  2.593184E+00 9.372E-03
  2.596033E+00 1.091E-02
  2.598854E+00 1.287E-02
  2.601647E+00 1.546E-02
  2.604413E+00 1.896E-02
  2.607153E+00 2.389E-02
  2.609866E+00 3.113E-02
  2.612552E+00 4.242E-02
  2.615213E+00 6.147E-02
  2.617848E+00 9.730E-02
  2.620458E+00 1.760E-01
  2.623044E+00 3.900E-01
  2.625604E+00 9.749E-01
  2.628141E+00 8.520E-01
  2.630653E+00 3.197E-01
  2.633142E+00 1.424E-01
  2.635608E+00 7.690E-02
  2.638050E+00 4.709E-02
  2.640470E+00 3.136E-02
  2.642867E+00 2.214E-02
  2.645242E+00 1.632E-02
  2.647596E+00 1.243E-02
  2.649927E+00 9.716E-03
  2.652237E+00 7.754E-03
  2.654526E+00 6.294E-03
  2.656794E+00 5.183E-03
  2.659042E+00 4.320E-03
  2.661269E+00 3.639E-03
  2.663476E+00 3.093E-03
  2.665663E+00 2.651E-03
  2.667831E+00 2.289E-03
  2.669979E+00 1.990E-03
  2.672108E+00 1.740E-03
  2.676309E+00 1.354E-03
  2.680436E+00 1.077E-03
  2.684491E+00 8.739E-04
  2.688475E+00 7.245E-04
  2.692390E+00 6.141E-04
  2.696238E+00 5.327E-04
  2.701886E+00 4.507E-04
  2.707392E+00 4.035E-04
  2.712759E+00 3.815E-04
  2.719708E+00 3.807E-04
  2.726429E+00 4.045E-04
  2.734525E+00 4.608E-04
  2.743817E+00 5.612E-04
  2.752674E+00 6.957E-04
  2.761123E+00 8.686E-04
  2.769189E+00 1.094E-03
  2.775633E+00 1.347E-03
  2.780617E+00 1.633E-03
  2.784258E+00 1.953E-03
  2.786641E+00 2.277E-03
  2.787820E+00 2.506E-03
  2.788990E+00 2.817E-03
  2.790151E+00 3.270E-03
  2.791304E+00 4.009E-03
  2.792448E+00 5.453E-03
  2.793584E+00 9.386E-03
  2.794712E+00 3.529E-02
  2.795832E+00 4.668E-02
  2.796944E+00 2.442E-03
  2.798047E+00 8.239E-04
  2.799143E+00 7.551E-04
  2.800231E+00 8.833E-04
  2.803449E+00 1.327E-03
  2.814682E+00 2.647E-03
  2.819510E+00 3.353E-03
  2.823256E+00 4.070E-03
  2.826901E+00 5.020E-03
  2.829572E+00 5.982E-03
  2.832189E+00 7.299E-03
  2.833905E+00 8.489E-03
  2.835599E+00 1.007E-02
  2.837271E+00 1.227E-02
  2.838098E+00 1.372E-02
  2.838921E+00 1.550E-02
  2.839738E+00 1.773E-02
  2.840549E+00 2.058E-02
  2.841355E+00 2.432E-02
  2.842157E+00 2.937E-02
  2.842953E+00 3.643E-02
  2.843744E+00 4.672E-02
  2.844529E+00 6.246E-02
  2.845310E+00 8.792E-02
  2.846086E+00 1.313E-01
  2.846857E+00 2.060E-01
  2.847623E+00 3.101E-01
  2.848384E+00 3.521E-01
  2.849140E+00 2.630E-01
  2.849892E+00 1.618E-01
  2.850639E+00 1.000E-01
  2.851381E+00 6.571E-02
  2.852118E+00 4.600E-02
  2.852851E+00 3.403E-02
  2.853579E+00 2.638E-02
  2.854303E+00 2.126E-02
  2.855022E+00 1.772E-02
  2.855737E+00 1.521E-02
  2.856447E+00 1.338E-02
  2.857153E+00 1.204E-02
  2.857854E+00 1.104E-02
  2.859245E+00 9.757E-03
  2.860618E+00 9.080E-03
  2.862646E+00 8.751E-03
  2.864638E+00 8.948E-03
  2.867238E+00 9.790E-03
  2.869776E+00 1.122E-02
  2.872255E+00 1.333E-02
  2.874075E+00 1.549E-02
  2.875864E+00 1.838E-02
  2.877622E+00 2.232E-02
  2.879350E+00 2.791E-02
  2.880485E+00 3.307E-02
  2.881607E+00 4.002E-02
  2.882163E+00 4.444E-02
  2.882716E+00 4.974E-02
  2.883266E+00 5.615E-02
  2.883813E+00 6.403E-02
  2.884357E+00 7.389E-02
  2.884897E+00 8.647E-02
  2.885435E+00 1.029E-01
  2.885969E+00 1.250E-01
  2.886501E+00 1.558E-01
  2.887030E+00 2.005E-01
  2.887555E+00 2.693E-01
  2.888078E+00 3.832E-01
  2.888598E+00 5.912E-01
  2.889114E+00 1.025E+00
  2.889628E+00 2.084E+00
  2.890139E+00 4.411E+00
  2.890648E+00 4.158E+00
  2.891153E+00 1.820E+00
  2.891656E+00 8.430E-01
  2.892156E+00 4.570E-01
  2.892653E+00 2.779E-01
  2.893147E+00 1.829E-01
  2.893639E+00 1.274E-01
  2.894128E+00 9.244E-02
  2.894614E+00 6.923E-02
  2.895098E+00 5.313E-02
  2.895579E+00 4.157E-02
  2.896057E+00 3.304E-02
  2.896533E+00 2.660E-02
  2.897007E+00 2.164E-02
  2.897477E+00 1.776E-02
  2.897945E+00 1.468E-02
  2.898411E+00 1.220E-02
  2.898874E+00 1.020E-02
  2.899335E+00 8.560E-03
  2.899793E+00 7.211E-03
  2.900249E+00 6.094E-03
  2.900702E+00 5.164E-03
  2.901153E+00 4.387E-03
  2.901601E+00 3.737E-03
  2.902048E+00 3.191E-03
  2.902491E+00 2.734E-03
  2.902933E+00 2.350E-03
  2.903372E+00 2.030E-03
  2.903808E+00 1.763E-03
  2.904243E+00 1.543E-03
  2.904675E+00 1.363E-03
  2.905105E+00 1.218E-03
  2.905533E+00 1.104E-03
  2.905958E+00 1.017E-03
  2.906381E+00 9.537E-04
  2.906802E+00 9.127E-04
  2.907221E+00 8.914E-04
  2.908052E+00 9.018E-04
  2.908875E+00 9.758E-04
  2.909689E+00 1.109E-03
  2.910494E+00 1.305E-03
  2.911292E+00 1.573E-03
  2.911688E+00 1.744E-03
  2.912081E+00 1.949E-03
  2.912473E+00 2.201E-03
  2.912863E+00 2.525E-03
  2.913250E+00 2.968E-03
  2.913636E+00 3.641E-03
  2.914020E+00 4.836E-03
  2.914402E+00 7.656E-03
  2.914782E+00 2.020E-02
  2.915160E+00 4.168E+00
  2.915536E+00 9.710E-03
  2.915910E+00 2.860E-03
  2.916283E+00 2.105E-03
  2.916653E+00 2.079E-03
  2.917022E+00 2.218E-03
  2.918478E+00 3.056E-03
  2.920610E+00 4.487E-03
  2.922679E+00 6.186E-03
  2.924358E+00 7.929E-03
  2.925997E+00 1.012E-02
  2.927598E+00 1.300E-02
  2.928851E+00 1.607E-02
  2.929776E+00 1.909E-02
  2.930687E+00 2.306E-02
  2.931586E+00 2.861E-02
  2.932179E+00 3.387E-02
  2.932473E+00 3.734E-02
  2.932766E+00 4.179E-02
  2.933057E+00 4.808E-02
  2.933347E+00 5.894E-02
  2.933636E+00 8.783E-02
  2.933923E+00 9.689E-03
  2.934209E+00 3.373E-02
  2.934494E+00 4.718E-02
  2.935060E+00 6.920E-02
  2.935341E+00 8.191E-02
  2.935620E+00 9.730E-02
  2.935899E+00 1.167E-01
  2.936176E+00 1.420E-01
  2.936452E+00 1.762E-01
  2.936726E+00 2.241E-01
  2.937000E+00 2.939E-01
  2.937272E+00 4.007E-01
  2.937543E+00 5.727E-01
  2.937813E+00 8.630E-01
  2.938081E+00 1.355E+00
  2.938348E+00 2.047E+00
  2.938614E+00 2.417E+00
  2.938879E+00 1.941E+00
  2.939143E+00 1.261E+00
  2.939406E+00 8.045E-01
  2.939667E+00 5.378E-01
  2.939927E+00 3.800E-01
  2.940186E+00 2.820E-01
  2.940444E+00 2.181E-01
  2.940701E+00 1.745E-01
  2.940957E+00 1.438E-01
  2.941211E+00 1.214E-01
  2.941465E+00 1.047E-01
  2.941717E+00 9.206E-02
  2.941968E+00 8.227E-02
  2.942218E+00 7.462E-02
  2.942715E+00 6.380E-02
  2.943208E+00 5.697E-02
  2.943939E+00 5.130E-02
  2.944660E+00 4.910E-02
  2.945608E+00 4.969E-02
  2.946539E+00 5.337E-02
  2.947454E+00 5.998E-02
  2.948355E+00 7.001E-02
  2.949240E+00 8.472E-02
  2.949894E+00 1.003E-01
  2.950540E+00 1.216E-01
  2.951178E+00 1.521E-01
  2.951599E+00 1.803E-01
  2.952016E+00 2.182E-01
  2.952224E+00 2.423E-01
  2.952430E+00 2.710E-01
  2.952636E+00 3.057E-01
  2.952841E+00 3.481E-01
  2.953045E+00 4.007E-01
  2.953248E+00 4.674E-01
  2.953450E+00 5.534E-01
  2.953652E+00 6.676E-01
  2.953853E+00 8.235E-01
  2.954053E+00 1.045E+00
  2.954252E+00 1.374E+00
  2.954450E+00 1.894E+00
  2.954648E+00 2.780E+00
  2.954844E+00 4.451E+00
  2.955040E+00 7.994E+00
  2.955430E+00 2.355E+01
  2.955816E+00 7.406E+00
  2.956008E+00 3.910E+00
  2.956199E+00 2.316E+00
  2.956390E+00 1.497E+00
  2.956579E+00 1.032E+00
  2.956768E+00 7.448E-01
  2.956956E+00 5.572E-01
  2.957144E+00 4.286E-01
  2.957331E+00 3.370E-01
  2.957517E+00 2.697E-01
  2.957702E+00 2.190E-01
  2.957886E+00 1.800E-01
  2.958070E+00 1.494E-01
  2.958253E+00 1.251E-01
  2.958435E+00 1.055E-01
  2.958617E+00 8.947E-02
  2.958798E+00 7.626E-02
  2.958978E+00 6.527E-02
  2.959158E+00 5.606E-02
  2.959336E+00 4.827E-02
  2.959514E+00 4.166E-02
  2.959692E+00 3.601E-02
  2.959868E+00 3.116E-02
  2.960044E+00 2.697E-02
  2.960394E+00 2.021E-02
  2.960568E+00 1.747E-02
  2.960914E+00 1.300E-02
  2.961257E+00 9.569E-03
  2.961428E+00 8.167E-03
  2.961598E+00 6.940E-03
  2.961767E+00 5.867E-03
  2.961936E+00 4.930E-03
  2.962104E+00 4.114E-03
  2.962271E+00 3.405E-03
  2.962438E+00 2.794E-03
  2.962604E+00 2.269E-03
  2.962769E+00 1.824E-03
  2.962934E+00 1.450E-03
  2.963098E+00 1.143E-03
  2.963262E+00 8.982E-04
  2.963425E+00 7.163E-04
  2.963587E+00 6.046E-04
  2.963749E+00 5.969E-04
  2.963910E+00 8.555E-04
  2.964071E+00 2.900E-03
  2.964231E+00 5.667E-01
  2.964390E+00 3.165E-03
  2.964548E+00 1.298E-03
  2.964707E+00 9.870E-04
  2.964864E+00 9.570E-04
  2.965021E+00 1.032E-03
  2.965177E+00 1.163E-03
  2.965333E+00 1.334E-03
  2.965643E+00 1.764E-03
  2.965950E+00 2.288E-03
  2.966407E+00 3.220E-03
  2.967008E+00 4.688E-03
  2.967894E+00 7.257E-03
  2.969186E+00 1.120E-02
  2.969747E+00 1.228E-02
  2.970024E+00 1.261E-02
  2.970162E+00 1.302E-02
  2.970300E+00 1.424E-02
  2.970437E+00 1.832E-02
  2.970573E+00 3.377E-02
  2.970709E+00 1.158E-01
  2.970845E+00 1.431E+00
  2.970980E+00 1.283E+00
  2.971114E+00 3.087E-01
  2.971248E+00 1.725E-01
  2.971382E+00 1.274E-01
  2.971515E+00 1.069E-01
  2.971648E+00 9.626E-02
  2.971780E+00 9.044E-02
  2.972043E+00 8.604E-02
  2.972434E+00 8.823E-02
  2.972821E+00 9.633E-02
  2.973203E+00 1.094E-01
  2.973582E+00 1.281E-01
  2.973957E+00 1.549E-01
  2.974205E+00 1.793E-01
  2.974451E+00 2.116E-01
  2.974695E+00 2.554E-01
  2.974817E+00 2.835E-01
  2.974938E+00 3.172E-01
  2.975059E+00 3.582E-01
  2.975179E+00 4.088E-01
  2.975299E+00 4.723E-01
  2.975418E+00 5.534E-01
  2.975537E+00 6.594E-01
  2.975656E+00 8.014E-01
  2.975774E+00 9.976E-01
  2.975892E+00 1.278E+00
  2.976009E+00 1.697E+00
  2.976126E+00 2.352E+00
  2.976243E+00 3.425E+00
  2.976359E+00 5.232E+00
  2.976591E+00 1.087E+01
  2.976706E+00 1.049E+01
  2.976820E+00 7.452E+00
  2.976935E+00 4.811E+00
  2.977049E+00 3.175E+00
  2.977162E+00 2.206E+00
  2.977275E+00 1.613E+00
  2.977388E+00 1.233E+00
  2.977500E+00 9.779E-01
  2.977612E+00 8.006E-01
  2.977724E+00 6.732E-01
  2.977835E+00 5.792E-01
  2.977946E+00 5.085E-01
  2.978057E+00 4.544E-01
  2.978167E+00 4.125E-01
  2.978386E+00 3.540E-01
  2.978604E+00 3.180E-01
  2.978928E+00 2.895E-01
  2.979248E+00 2.806E-01
  2.979671E+00 2.893E-01
  2.980088E+00 3.172E-01
  2.980500E+00 3.649E-01
  2.980907E+00 4.380E-01
  2.981208E+00 5.166E-01
  2.981507E+00 6.256E-01
  2.981802E+00 7.818E-01
  2.981998E+00 9.266E-01
  2.982192E+00 1.122E+00
  2.982289E+00 1.246E+00
  2.982385E+00 1.394E+00
  2.982481E+00 1.573E+00
  2.982577E+00 1.791E+00
  2.982672E+00 2.063E+00
  2.982767E+00 2.407E+00
  2.982862E+00 2.852E+00
  2.982957E+00 3.443E+00
  2.983051E+00 4.251E+00
  2.983145E+00 5.399E+00
  2.983239E+00 7.110E+00
  2.983332E+00 9.819E+00
  2.983425E+00 1.446E+01
  2.983518E+00 2.326E+01
  2.983610E+00 4.205E+01
  2.983702E+00 8.324E+01
  2.983794E+00 1.212E+02
  2.983886E+00 7.620E+01
  2.983977E+00 3.657E+01
  2.984068E+00 1.933E+01
  2.984159E+00 1.147E+01
  2.984249E+00 7.415E+00
  2.984340E+00 5.105E+00
  2.984429E+00 3.680E+00
  2.984519E+00 2.748E+00
  2.984608E+00 2.107E+00
  2.984697E+00 1.651E+00
  2.984786E+00 1.316E+00
  2.984875E+00 1.064E+00
  2.984963E+00 8.693E-01
  2.985051E+00 7.170E-01
  2.985139E+00 5.958E-01
  2.985226E+00 4.981E-01
  2.985313E+00 4.183E-01
  2.985400E+00 3.525E-01
  2.985487E+00 2.977E-01
  2.985573E+00 2.518E-01
  2.985659E+00 2.130E-01
  2.985745E+00 1.799E-01
  2.985830E+00 1.515E-01
  2.985916E+00 1.270E-01
  2.986001E+00 1.056E-01
  2.986086E+00 8.676E-02
  2.986170E+00 6.992E-02
  2.986422E+00 2.447E-02
  2.986506E+00 7.069E-03
  2.986589E+00 4.994E-02
  2.986672E+00 2.628E-01
  2.986755E+00 7.808E-02
  2.986837E+00 4.680E-02
  2.986919E+00 3.253E-02
  2.987001E+00 2.374E-02
  2.987083E+00 1.757E-02
  2.987164E+00 1.298E-02
  2.987246E+00 9.466E-03
  2.987327E+00 6.757E-03
  2.987407E+00 4.691E-03
  2.987488E+00 3.156E-03
  2.987568E+00 2.076E-03
  2.987648E+00 1.392E-03
  2.987728E+00 1.060E-03
  2.987808E+00 1.043E-03
  2.987887E+00 1.314E-03
  2.987966E+00 1.849E-03
  2.988045E+00 2.627E-03
  2.988123E+00 3.632E-03
  2.988202E+00 4.849E-03
  2.988280E+00 6.267E-03
  2.988358E+00 7.874E-03
  2.988436E+00 9.662E-03
  2.988590E+00 1.375E-02
  2.988821E+00 2.113E-02
  2.988973E+00 2.696E-02
  2.989124E+00 3.414E-02
  2.989200E+00 3.972E-02
  2.989275E+00 7.846E-02
  2.989350E+00 3.340E-02
  2.989425E+00 4.061E-02
  2.989795E+00 6.160E-02
  2.989942E+00 7.216E-02
  2.990015E+00 7.963E-02
  2.990088E+00 9.040E-02
  2.990160E+00 1.077E-01
  2.990233E+00 1.389E-01
  2.990305E+00 2.023E-01
  2.990377E+00 3.510E-01
  2.990449E+00 7.836E-01
  2.990520E+00 2.667E+00
  2.990592E+00 2.731E+01
  2.990663E+00 2.183E+01
  2.990734E+00 4.595E+00
  2.990804E+00 2.283E+00
  2.990875E+00 1.539E+00
  2.990945E+00 1.206E+00
  2.991015E+00 1.030E+00
  2.991085E+00 9.292E-01
  2.991155E+00 8.702E-01
  2.991225E+00 8.366E-01
  2.991363E+00 8.158E-01
  2.991569E+00 8.534E-01
  2.991774E+00 9.480E-01
  2.991977E+00 1.097E+00
  2.992178E+00 1.315E+00
  2.992377E+00 1.633E+00
  2.992509E+00 1.928E+00
  2.992640E+00 2.326E+00
  2.992771E+00 2.877E+00
  2.992836E+00 3.237E+00
  2.992900E+00 3.674E+00
  2.992965E+00 4.214E+00
  2.993029E+00 4.889E+00
  2.993094E+00 5.750E+00
  2.993158E+00 6.871E+00
  2.993222E+00 8.365E+00
  2.993285E+00 1.041E+01
  2.993349E+00 1.332E+01
  2.993412E+00 1.759E+01
  2.993475E+00 2.417E+01
  2.993538E+00 3.476E+01
  2.993601E+00 5.243E+01
  2.993664E+00 8.112E+01
  2.993726E+00 1.173E+02
  2.993789E+00 1.309E+02
  2.993851E+00 1.045E+02
  2.993913E+00 7.046E+01
  2.993975E+00 4.692E+01
  2.994036E+00 3.259E+01
  2.994098E+00 2.380E+01
  2.994159E+00 1.819E+01
  2.994220E+00 1.446E+01
  2.994281E+00 1.187E+01
  2.994342E+00 1.003E+01
  2.994402E+00 8.677E+00
  2.994463E+00 7.666E+00
  2.994523E+00 6.899E+00
  2.994583E+00 6.310E+00
  2.994703E+00 5.505E+00
  2.994822E+00 5.034E+00
  2.995000E+00 4.719E+00
  2.995176E+00 4.722E+00
  2.995350E+00 4.969E+00
  2.995581E+00 5.647E+00
  2.995752E+00 6.449E+00
  2.995922E+00 7.568E+00
  2.996091E+00 9.113E+00
  2.996258E+00 1.127E+01
  2.996369E+00 1.318E+01
  2.996479E+00 1.563E+01
  2.996589E+00 1.882E+01
  2.996698E+00 2.307E+01
  2.996806E+00 2.888E+01
  2.996860E+00 3.260E+01
  2.996914E+00 3.706E+01
  2.996968E+00 4.246E+01
  2.997021E+00 4.908E+01
  2.997075E+00 5.731E+01
  2.997128E+00 6.768E+01
  2.997181E+00 8.102E+01
  2.997234E+00 9.853E+01
  2.997287E+00 1.221E+02
  2.997340E+00 1.549E+02
  2.997393E+00 2.021E+02
  2.997445E+00 2.735E+02
  2.997498E+00 3.879E+02
  2.997550E+00 5.861E+02
  2.997602E+00 9.646E+02
  2.997654E+00 1.773E+03
  2.997757E+00 5.309E+03
  2.997809E+00 3.627E+03
  2.997860E+00 1.852E+03
  2.997911E+00 1.024E+03
  2.997963E+00 6.321E+02
  2.998014E+00 4.254E+02
  2.998065E+00 3.049E+02
  2.998115E+00 2.291E+02
  2.998166E+00 1.784E+02
  2.998216E+00 1.430E+02
  2.998267E+00 1.172E+02
  2.998317E+00 9.790E+01
  2.998367E+00 8.303E+01
  2.998417E+00 7.132E+01
  2.998467E+00 6.193E+01
  2.998517E+00 5.427E+01
  2.998566E+00 4.793E+01
  2.998665E+00 3.805E+01
  2.998763E+00 3.065E+01
  2.998958E+00 1.909E+01
  2.999007E+00 1.581E+01
  2.999055E+00 1.108E+01
  2.999103E+00 1.449E+00
  2.999151E+00 1.063E+02
  2.999199E+00 3.346E+01
  2.999247E+00 2.499E+01
  2.999295E+00 2.134E+01
  2.999343E+00 1.910E+01
  2.999390E+00 1.748E+01
  2.999485E+00 1.518E+01
  2.999626E+00 1.283E+01
  2.999812E+00 1.070E+01
  3.000043E+00 8.876E+00
  3.000315E+00 7.416E+00
  3.000540E+00 6.674E+00
  3.000673E+00 6.608E+00
  3.000717E+00 6.800E+00
  3.000761E+00 7.407E+00
  3.000805E+00 1.039E+01
  3.000849E+00 4.045E-02
  3.000893E+00 3.171E+00
  3.000936E+00 3.960E+00
  3.000980E+00 4.287E+00
  3.001110E+00 4.892E+00
  3.001153E+00 5.203E+00
  3.001196E+00 5.680E+00
  3.001239E+00 6.444E+00
  3.001282E+00 7.726E+00
  3.001324E+00 9.992E+00
  3.001367E+00 1.433E+01
  3.001409E+00 2.368E+01
  3.001452E+00 4.831E+01
  3.001494E+00 1.438E+02
  3.001536E+00 1.178E+03
  3.001578E+00 1.053E+03
  3.001620E+00 1.863E+02
  3.001662E+00 8.079E+01
  3.001704E+00 4.838E+01
  3.001746E+00 3.406E+01
  3.001787E+00 2.639E+01
  3.001829E+00 2.176E+01
  3.001870E+00 1.873E+01
  3.001911E+00 1.664E+01
  3.001952E+00 1.513E+01
  3.002035E+00 1.315E+01
  3.002116E+00 1.199E+01
  3.002238E+00 1.107E+01
  3.002399E+00 1.077E+01
  3.002558E+00 1.125E+01
  3.002677E+00 1.217E+01
  3.002795E+00 1.378E+01
  3.002873E+00 1.545E+01
  3.002950E+00 1.788E+01
  3.002989E+00 1.950E+01
  3.003028E+00 2.151E+01
  3.003066E+00 2.404E+01
  3.003105E+00 2.727E+01
  3.003143E+00 3.147E+01
  3.003181E+00 3.707E+01
  3.003220E+00 4.476E+01
  3.003258E+00 5.566E+01
  3.003296E+00 7.175E+01
  3.003333E+00 9.652E+01
  3.003371E+00 1.363E+02
  3.003409E+00 2.008E+02
  3.003447E+00 2.946E+02
  3.003484E+00 3.723E+02
  3.003522E+00 3.390E+02
  3.003559E+00 2.342E+02
  3.003596E+00 1.491E+02
  3.003633E+00 9.701E+01
  3.003671E+00 6.631E+01
  3.003708E+00 4.759E+01
  3.003745E+00 3.565E+01
  3.003781E+00 2.769E+01
  3.003818E+00 2.217E+01
  3.003855E+00 1.823E+01
  3.003891E+00 1.532E+01
  3.003928E+00 1.314E+01
  3.003964E+00 1.146E+01
  3.004001E+00 1.016E+01
  3.004037E+00 9.122E+00
  3.004109E+00 7.625E+00
  3.004181E+00 6.634E+00
  3.004288E+00 5.714E+00
  3.004395E+00 5.205E+00
  3.004536E+00 4.906E+00
  3.004710E+00 4.933E+00
  3.004883E+00 5.325E+00
  3.005019E+00 5.940E+00
  3.005155E+00 6.945E+00
  3.005255E+00 8.107E+00
  3.005322E+00 9.189E+00
  3.005388E+00 1.065E+01
  3.005455E+00 1.268E+01
  3.005488E+00 1.401E+01
  3.005520E+00 1.564E+01
  3.005553E+00 1.766E+01
  3.005586E+00 2.021E+01
  3.005619E+00 2.351E+01
  3.005651E+00 2.788E+01
  3.005684E+00 3.387E+01
  3.005716E+00 4.239E+01
  3.005749E+00 5.512E+01
  3.005781E+00 7.539E+01
  3.005813E+00 1.103E+02
  3.005845E+00 1.769E+02
  3.005878E+00 3.162E+02
  3.005910E+00 5.761E+02
  3.005942E+00 6.485E+02
  3.005973E+00 3.610E+02
  3.006005E+00 1.774E+02
  3.006037E+00 9.622E+01
  3.006069E+00 5.773E+01
  3.006100E+00 3.738E+01
  3.006132E+00 2.559E+01
  3.006163E+00 1.828E+01
  3.006195E+00 1.348E+01
  3.006226E+00 1.019E+01
  3.006257E+00 7.860E+00
  3.006288E+00 6.161E+00
  3.006320E+00 4.892E+00
  3.006351E+00 3.926E+00
  3.006382E+00 3.178E+00
  3.006413E+00 2.591E+00
  3.006443E+00 2.123E+00
  3.006474E+00 1.747E+00
  3.006505E+00 1.441E+00
  3.006536E+00 1.189E+00
  3.006566E+00 9.808E-01
  3.006597E+00 8.054E-01
  3.006627E+00 6.550E-01
  3.006688E+00 3.899E-01
  3.006718E+00 2.146E-01
  3.006748E+00 5.171E+00
  3.006778E+00 4.914E-01
  3.006808E+00 3.346E-01
  3.006838E+00 2.571E-01
  3.006868E+00 2.038E-01
  3.006898E+00 1.631E-01
  3.006928E+00 1.307E-01
  3.006958E+00 1.043E-01
  3.006987E+00 8.260E-02
  3.007017E+00 6.473E-02
  3.007047E+00 5.001E-02
  3.007076E+00 3.796E-02
  3.007105E+00 2.815E-02
  3.007135E+00 2.027E-02
  3.007164E+00 1.405E-02
  3.007193E+00 9.257E-03
  3.007222E+00 5.706E-03
  3.007252E+00 3.235E-03
  3.007281E+00 1.706E-03
  3.007310E+00 1.000E-03
  3.007339E+00 1.017E-03
  3.007367E+00 1.669E-03
  3.007396E+00 2.881E-03
  3.007425E+00 4.589E-03
  3.007454E+00 6.740E-03
  3.007482E+00 9.288E-03
  3.007511E+00 1.220E-02
  3.007568E+00 1.901E-02
  3.007624E+00 2.708E-02
  3.007681E+00 3.666E-02
  3.007709E+00 4.226E-02
  3.007737E+00 4.881E-02
  3.007765E+00 5.712E-02
  3.007793E+00 6.977E-02
  3.007821E+00 1.019E-01
  3.007849E+00 1.727E+00
  3.007876E+00 3.442E-02
  3.007904E+00 5.470E-02
  3.007987E+00 9.427E-02
  3.008014E+00 1.113E-01
  3.008042E+00 1.339E-01
  3.008069E+00 1.665E-01
  3.008097E+00 2.167E-01
  3.008124E+00 3.004E-01
  3.008151E+00 4.538E-01
  3.008178E+00 7.731E-01
  3.008205E+00 1.579E+00
  3.008232E+00 4.458E+00
  3.008259E+00 2.846E+01
  3.008286E+00 6.805E+01
  3.008313E+00 9.292E+00
  3.008340E+00 3.767E+00
  3.008367E+00 2.214E+00
  3.008393E+00 1.558E+00
  3.008420E+00 1.219E+00
  3.008446E+00 1.020E+00
  3.008473E+00 8.948E-01
  3.008499E+00 8.117E-01
  3.008526E+00 7.550E-01
  3.008579E+00 6.892E-01
  3.008657E+00 6.554E-01
  3.008735E+00 6.646E-01
  3.008839E+00 7.229E-01
  3.008941E+00 8.346E-01
  3.009018E+00 9.670E-01
  3.009093E+00 1.166E+00
  3.009144E+00 1.359E+00
  3.009194E+00 1.629E+00
  3.009219E+00 1.807E+00
  3.009244E+00 2.025E+00
  3.009269E+00 2.296E+00
  3.009294E+00 2.639E+00
  3.009318E+00 3.083E+00
  3.009343E+00 3.671E+00
  3.009368E+00 4.470E+00
  3.009392E+00 5.594E+00
  3.009417E+00 7.236E+00
  3.009442E+00 9.742E+00
  3.009466E+00 1.374E+01
  3.009490E+00 2.034E+01
  3.009515E+00 3.082E+01
  3.009539E+00 4.325E+01
  3.009563E+00 4.621E+01
  3.009588E+00 3.534E+01
  3.009612E+00 2.312E+01
  3.009636E+00 1.505E+01
  3.009660E+00 1.023E+01
  3.009684E+00 7.321E+00
  3.009708E+00 5.482E+00
  3.009732E+00 4.267E+00
  3.009756E+00 3.431E+00
  3.009780E+00 2.836E+00
  3.009804E+00 2.401E+00
  3.009827E+00 2.075E+00
  3.009851E+00 1.826E+00
  3.009875E+00 1.632E+00
  3.009898E+00 1.480E+00
  3.009946E+00 1.262E+00
  3.009992E+00 1.120E+00
  3.010062E+00 9.953E-01
  3.010132E+00 9.353E-01
  3.010224E+00 9.182E-01
  3.010338E+00 9.695E-01
  3.010429E+00 1.064E+00
  3.010519E+00 1.216E+00
  3.010608E+00 1.450E+00
  3.010674E+00 1.711E+00
  3.010740E+00 2.094E+00
  3.010784E+00 2.457E+00
  3.010828E+00 2.958E+00
  3.010871E+00 3.682E+00
  3.010893E+00 4.173E+00
  3.010914E+00 4.789E+00
  3.010936E+00 5.580E+00
  3.010957E+00 6.620E+00
  3.010979E+00 8.030E+00
  3.011000E+00 1.001E+01
  3.011022E+00 1.292E+01
  3.011043E+00 1.746E+01
  3.011065E+00 2.506E+01
  3.011086E+00 3.904E+01
  3.011107E+00 6.751E+01
  3.011128E+00 1.259E+02
  3.011149E+00 1.816E+02
  3.011171E+00 1.237E+02
  3.011192E+00 6.125E+01
  3.011213E+00 3.228E+01
  3.011234E+00 1.891E+01
  3.011255E+00 1.205E+01
  3.011276E+00 8.164E+00
  3.011296E+00 5.794E+00
  3.011317E+00 4.258E+00
  3.011338E+00 3.216E+00
  3.011359E+00 2.482E+00
  3.011380E+00 1.949E+00
  3.011400E+00 1.551E+00
  3.011421E+00 1.249E+00
  3.011441E+00 1.016E+00
  3.011462E+00 8.320E-01
  3.011483E+00 6.856E-01
  3.011503E+00 5.676E-01
  3.011523E+00 4.715E-01
  3.011544E+00 3.924E-01
  3.011564E+00 3.267E-01
  3.011585E+00 2.714E-01
  3.011605E+00 2.241E-01
  3.011645E+00 1.410E-01
  3.011666E+00 8.058E-02
  3.011686E+00 2.793E-01
  3.011706E+00 1.332E-01
  3.011726E+00 1.011E-01
  3.011746E+00 8.101E-02
  3.011766E+00 6.583E-02
  3.011786E+00 5.365E-02
  3.011806E+00 4.363E-02
  3.011826E+00 3.530E-02
  3.011845E+00 2.834E-02
  3.011865E+00 2.252E-02
  3.011885E+00 1.768E-02
  3.011905E+00 1.366E-02
  3.011924E+00 1.035E-02
  3.011944E+00 7.669E-03
  3.011964E+00 5.528E-03
  3.011983E+00 3.861E-03
  3.012003E+00 2.612E-03
  3.012022E+00 1.730E-03
  3.012042E+00 1.175E-03
  3.012061E+00 9.085E-04
  3.012081E+00 9.004E-04
  3.012100E+00 1.123E-03
  3.012119E+00 1.554E-03
  3.012138E+00 2.173E-03
  3.012158E+00 2.964E-03
  3.012177E+00 3.913E-03
  3.012196E+00 5.011E-03
  3.012215E+00 6.250E-03
  3.012253E+00 9.146E-03
  3.012291E+00 1.265E-02
  3.012329E+00 1.699E-02
  3.012348E+00 1.970E-02
  3.012367E+00 2.313E-02
  3.012386E+00 2.823E-02
  3.012405E+00 4.000E-02
  3.012423E+00 2.450E+00
  3.012442E+00 1.488E-02
  3.012461E+00 2.431E-02
  3.012498E+00 3.728E-02
  3.012517E+00 4.483E-02
  3.012535E+00 5.458E-02
  3.012554E+00 6.811E-02
  3.012572E+00 8.826E-02
  3.012591E+00 1.205E-01
  3.012609E+00 1.768E-01
  3.012628E+00 2.864E-01
  3.012646E+00 5.369E-01
  3.012664E+00 1.284E+00
  3.012682E+00 5.196E+00
  3.012701E+00 7.110E+01
  3.012719E+00 7.503E+00
  3.012737E+00 2.256E+00
  3.012755E+00 1.169E+00
  3.012773E+00 7.676E-01
  3.012791E+00 5.739E-01
  3.012809E+00 4.657E-01
  3.012827E+00 3.993E-01
  3.012845E+00 3.562E-01
  3.012863E+00 3.271E-01
  3.012899E+00 2.934E-01
  3.012935E+00 2.783E-01
  3.012988E+00 2.747E-01
  3.013059E+00 2.920E-01
  3.013129E+00 3.306E-01
  3.013181E+00 3.766E-01
  3.013233E+00 4.440E-01
  3.013267E+00 5.068E-01
  3.013302E+00 5.915E-01
  3.013336E+00 7.094E-01
  3.013353E+00 7.866E-01
  3.013370E+00 8.809E-01
  3.013387E+00 9.977E-01
  3.013404E+00 1.145E+00
  3.013421E+00 1.334E+00
  3.013438E+00 1.582E+00
  3.013455E+00 1.918E+00
  3.013471E+00 2.385E+00
  3.013488E+00 3.060E+00
  3.013505E+00 4.077E+00
  3.013522E+00 5.685E+00
  3.013539E+00 8.327E+00
  3.013555E+00 1.266E+01
  3.013572E+00 1.865E+01
  3.013589E+00 2.227E+01
  3.013605E+00 1.873E+01
  3.013622E+00 1.260E+01
  3.013638E+00 8.150E+00
  3.013655E+00 5.467E+00
  3.013671E+00 3.861E+00
  3.013688E+00 2.860E+00
  3.013704E+00 2.207E+00
  3.013721E+00 1.764E+00
  3.013737E+00 1.451E+00
  3.013753E+00 1.224E+00
  3.013770E+00 1.055E+00
  3.013786E+00 9.261E-01
  3.013802E+00 8.268E-01
  3.013818E+00 7.490E-01
  3.013851E+00 6.382E-01
  3.013883E+00 5.671E-01
  3.013931E+00 5.052E-01
  3.013979E+00 4.764E-01
  3.014043E+00 4.704E-01
  3.014122E+00 5.005E-01
  3.014200E+00 5.701E-01
  3.014262E+00 6.621E-01
  3.014323E+00 8.035E-01
  3.014369E+00 9.621E-01
  3.014400E+00 1.107E+00
  3.014430E+00 1.301E+00
  3.014460E+00 1.567E+00
  3.014475E+00 1.740E+00
  3.014490E+00 1.950E+00
  3.014505E+00 2.208E+00
  3.014520E+00 2.532E+00
  3.014535E+00 2.945E+00
  3.014550E+00 3.485E+00
  3.014565E+00 4.213E+00
  3.014580E+00 5.226E+00
  3.014595E+00 6.702E+00
  3.014610E+00 8.968E+00
  3.014625E+00 1.270E+01
  3.014639E+00 1.941E+01
  3.014654E+00 3.279E+01
  3.014669E+00 6.078E+01
  3.014684E+00 9.782E+01
  3.014698E+00 7.830E+01
  3.014713E+00 3.970E+01
  3.014728E+00 2.053E+01
  3.014742E+00 1.180E+01
  3.014757E+00 7.413E+00
  3.014772E+00 4.974E+00
  3.014786E+00 3.506E+00
  3.014801E+00 2.564E+00
  3.014815E+00 1.930E+00
  3.014830E+00 1.486E+00
  3.014844E+00 1.165E+00
  3.014859E+00 9.265E-01
  3.014873E+00 7.460E-01
  3.014887E+00 6.066E-01
  3.014902E+00 4.973E-01
  3.014916E+00 4.103E-01
  3.014930E+00 3.403E-01
  3.014945E+00 2.833E-01
  3.014959E+00 2.365E-01
  3.014973E+00 1.977E-01
  3.014987E+00 1.651E-01
  3.015016E+00 1.132E-01
  3.015030E+00 9.015E-02
  3.015044E+00 5.679E-02
  3.015058E+00 1.164E-01
  3.015072E+00 7.258E-02
  3.015086E+00 5.742E-02
  3.015100E+00 4.685E-02
  3.015114E+00 3.849E-02
  3.015128E+00 3.163E-02
  3.015142E+00 2.590E-02
  3.015156E+00 2.109E-02
  3.015170E+00 1.704E-02
  3.015184E+00 1.364E-02
  3.015198E+00 1.079E-02
  3.015212E+00 8.424E-03
  3.015225E+00 6.470E-03
  3.015239E+00 4.879E-03
  3.015253E+00 3.606E-03
  3.015267E+00 2.612E-03
  3.015280E+00 1.867E-03
  3.015294E+00 1.340E-03
  3.015308E+00 1.010E-03
  3.015321E+00 8.534E-04
  3.015335E+00 8.539E-04
  3.015349E+00 9.957E-04
  3.015362E+00 1.266E-03
  3.015376E+00 1.653E-03
  3.015389E+00 2.148E-03
  3.015403E+00 2.743E-03
  3.015430E+00 4.218E-03
  3.015457E+00 6.062E-03
  3.015484E+00 8.317E-03
  3.015510E+00 1.114E-02
  3.015524E+00 1.292E-02
  3.015537E+00 1.515E-02
  3.015550E+00 1.840E-02
  3.015563E+00 2.552E-02
  3.015577E+00 3.877E-01
  3.015590E+00 1.066E-02
  3.015603E+00 1.718E-02
  3.015629E+00 2.673E-02
  3.015642E+00 3.261E-02
  3.015656E+00 4.041E-02
  3.015669E+00 5.152E-02
  3.015682E+00 6.849E-02
  3.015695E+00 9.643E-02
  3.015708E+00 1.469E-01
  3.015721E+00 2.506E-01
  3.015734E+00 5.086E-01
  3.015747E+00 1.420E+00
  3.015760E+00 8.943E+00
  3.015773E+00 1.997E+01
  3.015785E+00 2.736E+00
  3.015798E+00 1.093E+00
  3.015811E+00 6.320E-01
  3.015824E+00 4.383E-01
  3.015837E+00 3.384E-01
  3.015850E+00 2.801E-01
  3.015862E+00 2.435E-01
  3.015875E+00 2.192E-01
  3.015900E+00 1.913E-01
  3.015926E+00 1.782E-01
  3.015964E+00 1.728E-01
  3.016001E+00 1.776E-01
  3.016051E+00 1.959E-01
  3.016101E+00 2.285E-01
  3.016138E+00 2.662E-01
  3.016163E+00 3.009E-01
  3.016187E+00 3.468E-01
  3.016211E+00 4.094E-01
  3.016224E+00 4.496E-01
  3.016236E+00 4.978E-01
  3.016248E+00 5.565E-01
  3.016260E+00 6.290E-01
  3.016272E+00 7.199E-01
  3.016284E+00 8.361E-01
  3.016296E+00 9.881E-01
  3.016308E+00 1.192E+00
  3.016320E+00 1.473E+00
  3.016332E+00 1.877E+00
  3.016344E+00 2.479E+00
  3.016356E+00 3.420E+00
  3.016368E+00 4.957E+00
  3.016380E+00 7.509E+00
  3.016392E+00 1.132E+01
  3.016404E+00 1.461E+01
  3.016416E+00 1.342E+01
  3.016428E+00 9.345E+00
  3.016440E+00 6.034E+00
  3.016451E+00 4.001E+00
  3.016463E+00 2.791E+00
  3.016475E+00 2.046E+00
  3.016487E+00 1.566E+00
  3.016498E+00 1.243E+00
  3.016510E+00 1.017E+00
  3.016522E+00 8.543E-01
  3.016534E+00 7.337E-01
  3.016545E+00 6.425E-01
  3.016557E+00 5.723E-01
  3.016580E+00 4.742E-01
  3.016603E+00 4.122E-01
  3.016626E+00 3.724E-01
  3.016661E+00 3.385E-01
  3.016707E+00 3.228E-01
  3.016752E+00 3.289E-01
  3.016809E+00 3.609E-01
  3.016865E+00 4.224E-01
  3.016909E+00 5.018E-01
  3.016942E+00 5.888E-01
  3.016975E+00 7.135E-01
  3.016997E+00 8.292E-01
  3.017019E+00 9.853E-01
  3.017041E+00 1.204E+00
  3.017052E+00 1.348E+00
  3.017063E+00 1.525E+00
  3.017074E+00 1.746E+00
  3.017084E+00 2.027E+00
  3.017095E+00 2.393E+00
  3.017106E+00 2.885E+00
  3.017117E+00 3.565E+00
  3.017128E+00 4.548E+00
  3.017138E+00 6.045E+00
  3.017149E+00 8.480E+00
  3.017160E+00 1.279E+01
  3.017170E+00 2.124E+01
  3.017181E+00 3.898E+01
  3.017192E+00 6.637E+01
  3.017202E+00 6.019E+01
  3.017213E+00 3.148E+01
  3.017224E+00 1.608E+01
  3.017234E+00 9.106E+00
  3.017245E+00 5.656E+00
  3.017255E+00 3.765E+00
  3.017266E+00 2.637E+00
  3.017276E+00 1.920E+00
  3.017287E+00 1.441E+00
  3.017297E+00 1.107E+00
  3.017308E+00 8.660E-01
  3.017318E+00 6.882E-01
  3.017329E+00 5.537E-01
  3.017339E+00 4.500E-01
  3.017350E+00 3.688E-01
  3.017360E+00 3.044E-01
  3.017370E+00 2.526E-01
  3.017391E+00 1.760E-01
  3.017412E+00 1.235E-01
  3.017422E+00 1.033E-01
  3.017432E+00 8.585E-02
  3.017443E+00 6.976E-02
  3.017453E+00 4.820E-02
  3.020984E+00 3.716E+00
  3.024314E+00 3.057E+00
  3.027614E+00 2.290E+00
  3.027624E+00 2.339E+00
  3.031742E+00 1.766E+00
  3.035814E+00 1.385E+00
  3.039841E+00 1.118E+00
  3.043824E+00 9.235E-01
  3.047763E+00 7.779E-01
  3.051659E+00 6.658E-01
  3.055513E+00 5.775E-01
  3.059325E+00 5.068E-01
  3.063096E+00 4.491E-01
  3.070517E+00 3.615E-01
  3.077780E+00 2.988E-01
  3.084890E+00 2.523E-01
  3.095276E+00 2.019E-01
  3.105341E+00 1.665E-01
  3.118284E+00 1.333E-01
  3.130708E+00 1.102E-01
  3.145551E+00 8.994E-02
  3.162417E+00 7.325E-02
  3.180890E+00 6.004E-02
  3.202906E+00 4.878E-02
  3.227445E+00 3.993E-02
  3.255387E+00 3.298E-02
  3.280161E+00 2.910E-02
  3.294633E+00 2.847E-02
  3.302229E+00 2.945E-02
  3.306643E+00 3.114E-02
  3.309529E+00 3.323E-02
  3.312370E+00 3.693E-02
  3.313773E+00 3.994E-02
  3.315166E+00 4.434E-02
  3.316548E+00 5.100E-02
  3.317920E+00 6.104E-02
  3.319281E+00 7.383E-02
  3.320631E+00 8.153E-02
  3.321971E+00 7.607E-02
  3.323301E+00 6.613E-02
  3.324621E+00 6.001E-02
  3.325930E+00 5.821E-02
  3.327230E+00 5.960E-02
  3.328520E+00 6.347E-02
  3.329800E+00 6.966E-02
  3.331071E+00 7.835E-02
  3.332332E+00 9.004E-02
  3.333584E+00 1.055E-01
  3.334826E+00 1.256E-01
  3.336059E+00 1.513E-01
  3.337283E+00 1.832E-01
  3.339703E+00 2.574E-01
  3.340900E+00 2.872E-01
  3.342088E+00 3.002E-01
  3.343268E+00 2.926E-01
  3.344439E+00 2.685E-01
  3.347900E+00 1.752E-01
  3.349037E+00 1.507E-01
  3.350166E+00 1.307E-01
  3.351286E+00 1.144E-01
  3.352399E+00 1.013E-01
  3.353504E+00 9.055E-02
  3.355689E+00 7.452E-02
  3.357844E+00 6.339E-02
  3.361019E+00 5.220E-02
  3.364127E+00 4.492E-02
  3.368171E+00 3.864E-02
  3.373070E+00 3.390E-02
  3.378732E+00 3.101E-02
  3.383277E+00 3.062E-02
  3.386804E+00 3.213E-02
  3.389389E+00 3.496E-02
  3.391923E+00 3.988E-02
  3.395225E+00 4.974E-02
  3.397646E+00 5.771E-02
  3.399234E+00 6.045E-02
  3.400020E+00 5.994E-02
  3.400802E+00 5.793E-02
  3.403116E+00 4.666E-02
  3.404634E+00 3.947E-02
  3.406134E+00 3.415E-02
  3.408347E+00 2.894E-02
  3.410520E+00 2.571E-02
  3.414052E+00 2.246E-02
  3.419482E+00 1.960E-02
  3.427763E+00 1.710E-02
  3.437121E+00 1.553E-02
  3.443073E+00 1.534E-02
  3.446673E+00 1.600E-02
  3.449160E+00 1.738E-02
  3.450620E+00 1.908E-02
  3.451580E+00 2.098E-02
  3.452529E+00 2.411E-02
  3.453000E+00 2.646E-02
  3.453469E+00 2.965E-02
  3.453935E+00 3.402E-02
  3.454398E+00 3.993E-02
  3.455317E+00 5.489E-02
  3.455773E+00 5.862E-02
  3.456227E+00 5.544E-02
  3.457127E+00 3.991E-02
  3.457573E+00 3.406E-02
  3.458017E+00 3.021E-02
  3.458459E+00 2.785E-02
  3.458898E+00 2.653E-02
  3.459335E+00 2.593E-02
  3.460202E+00 2.625E-02
  3.461060E+00 2.805E-02
  3.461909E+00 3.124E-02
  3.462749E+00 3.614E-02
  3.463581E+00 4.352E-02
  3.463993E+00 4.856E-02
  3.464404E+00 5.488E-02
  3.464812E+00 6.288E-02
  3.465218E+00 7.312E-02
  3.465622E+00 8.631E-02
  3.466024E+00 1.033E-01
  3.466424E+00 1.248E-01
  3.467218E+00 1.784E-01
  3.467612E+00 2.019E-01
  3.468004E+00 2.135E-01
  3.468393E+00 2.096E-01
  3.469167E+00 1.773E-01
  3.469551E+00 1.647E-01
  3.469933E+00 1.684E-01
  3.470313E+00 3.734E-01
  3.470692E+00 1.285E-01
  3.471068E+00 1.030E-01
  3.471442E+00 1.039E-01
  3.472186E+00 1.127E-01
  3.472922E+00 1.289E-01
  3.473650E+00 1.540E-01
  3.474372E+00 1.903E-01
  3.474730E+00 2.138E-01
  3.475086E+00 2.416E-01
  3.475440E+00 2.745E-01
  3.475793E+00 3.132E-01
  3.476144E+00 3.584E-01
  3.476841E+00 4.704E-01
  3.477874E+00 6.839E-01
  3.478554E+00 8.311E-01
  3.478891E+00 9.224E-01
  3.479227E+00 1.735E+00
  3.479562E+00 7.548E-01
  3.479894E+00 7.705E-01
  3.480226E+00 7.449E-01
  3.481209E+00 5.985E-01
  3.482179E+00 4.537E-01
  3.482818E+00 3.776E-01
  3.483765E+00 2.924E-01
  3.484699E+00 2.329E-01
  3.485620E+00 1.906E-01
  3.486527E+00 1.598E-01
  3.487718E+00 1.303E-01
  3.489176E+00 1.051E-01
  3.490600E+00 8.776E-02
  3.492268E+00 7.325E-02
  3.494156E+00 6.173E-02
  3.496244E+00 5.328E-02
  3.498011E+00 4.940E-02
  3.499240E+00 4.917E-02
  3.500204E+00 5.146E-02
  3.500917E+00 5.555E-02
  3.501620E+00 6.283E-02
  3.502314E+00 7.477E-02
  3.503000E+00 9.280E-02
  3.504345E+00 1.412E-01
  3.504566E+00 1.459E-01
  3.504786E+00 1.473E-01
  3.505005E+00 1.448E-01
  3.505440E+00 1.303E-01
  3.506300E+00 9.125E-02
  3.506724E+00 7.623E-02
  3.507145E+00 6.480E-02
  3.507770E+00 5.258E-02
  3.508388E+00 4.419E-02
  3.509199E+00 3.637E-02
  3.510195E+00 2.885E-02
  3.510392E+00 2.688E-02
  3.510588E+00 2.271E-02
  3.510783E+00 4.227E-02
  3.510977E+00 3.034E-02
  3.511171E+00 2.798E-02
  3.511556E+00 2.555E-02
  3.512505E+00 2.182E-02
  3.513984E+00 1.778E-02
  3.515418E+00 1.510E-02
  3.516464E+00 1.400E-02
  3.517317E+00 1.393E-02
  3.517988E+00 1.472E-02
  3.518484E+00 1.608E-02
  3.518975E+00 1.841E-02
  3.519299E+00 2.021E-02
  3.519461E+00 2.045E-02
  3.519621E+00 2.007E-02
  3.519781E+00 2.041E-02
  3.519940E+00 2.197E-02
  3.520257E+00 2.692E-02
  3.520572E+00 3.350E-02
  3.520884E+00 4.232E-02
  3.521039E+00 4.792E-02
  3.521194E+00 5.454E-02
  3.521348E+00 6.243E-02
  3.521501E+00 7.186E-02
  3.521654E+00 8.311E-02
  3.521806E+00 9.649E-02
  3.521958E+00 1.122E-01
  3.522260E+00 1.504E-01
  3.522559E+00 1.917E-01
  3.522708E+00 2.090E-01
  3.522857E+00 2.218E-01
  3.523299E+00 2.380E-01
  3.523445E+00 2.501E-01
  3.523591E+00 2.950E-01
  3.523736E+00 6.119E-01
  3.523881E+00 1.303E+00
  3.524025E+00 4.389E+00
  3.524168E+00 3.014E-01
  3.524312E+00 2.422E-01
  3.524454E+00 2.404E-01
  3.524596E+00 2.529E-01
  3.524738E+00 2.742E-01
  3.524879E+00 3.040E-01
  3.525019E+00 3.439E-01
  3.525159E+00 3.972E-01
  3.525299E+00 4.697E-01
  3.525438E+00 5.715E-01
  3.525576E+00 7.224E-01
  3.525714E+00 9.639E-01
  3.525852E+00 1.395E+00
  3.525989E+00 2.283E+00
  3.526125E+00 4.054E+00
  3.526261E+00 3.532E+00
  3.526397E+00 9.446E-01
  3.526532E+00 2.154E-01
  3.526666E+00 7.090E-02
  3.526801E+00 7.632E-02
  3.526934E+00 1.307E-01
  3.527067E+00 2.064E-01
  3.527200E+00 2.939E-01
  3.527464E+00 4.797E-01
  3.527595E+00 5.526E-01
  3.527726E+00 5.680E-01
  3.527856E+00 4.567E-01
  3.527986E+00 2.084E-01
  3.528116E+00 1.738E-01
  3.528245E+00 5.742E-01
  3.528373E+00 1.033E+00
  3.528501E+00 1.366E+00
  3.528629E+00 1.576E+00
  3.528756E+00 1.691E+00
  3.528883E+00 1.735E+00
  3.529009E+00 1.725E+00
  3.529260E+00 1.607E+00
  3.530004E+00 1.091E+00
  3.530370E+00 8.930E-01
  3.530732E+00 7.429E-01
  3.531209E+00 5.983E-01
  3.531680E+00 4.970E-01
  3.532259E+00 4.099E-01
  3.532829E+00 3.518E-01
  3.533500E+00 3.097E-01
  3.534049E+00 2.958E-01
  3.534482E+00 3.013E-01
  3.534909E+00 3.265E-01
  3.535330E+00 3.742E-01
  3.535849E+00 4.605E-01
  3.536157E+00 5.325E-01
  3.536258E+00 5.639E-01
  3.536360E+00 6.105E-01
  3.536461E+00 9.749E-01
  3.536562E+00 1.023E+00
  3.536662E+00 7.251E-01
  3.536962E+00 6.519E-01
  3.537552E+00 4.294E-01
  3.537843E+00 3.454E-01
  3.538131E+00 2.861E-01
  3.538417E+00 2.436E-01
  3.538793E+00 2.031E-01
  3.539257E+00 1.675E-01
  3.539895E+00 1.326E-01
  3.540606E+00 1.036E-01
  3.541300E+00 8.139E-02
  3.541725E+00 7.155E-02
  3.541894E+00 7.076E-02
  3.541977E+00 8.068E-02
  3.542061E+00 5.463E-02
  3.542144E+00 5.920E-02
  3.542475E+00 6.232E-02
  3.542638E+00 6.492E-02
  3.542720E+00 6.354E-02
  3.542801E+00 5.526E-02
  3.542882E+00 4.425E-02
  3.542963E+00 1.158E-01
  3.543044E+00 1.689E-01
  3.543124E+00 5.813E-02
  3.543204E+00 3.925E-02
  3.543284E+00 3.558E-02
  3.543363E+00 3.656E-02
  3.543443E+00 3.982E-02
  3.543522E+00 4.472E-02
  3.543600E+00 5.121E-02
  3.543679E+00 5.950E-02
  3.543757E+00 6.996E-02
  3.543836E+00 8.314E-02
  3.543914E+00 9.978E-02
  3.543991E+00 1.209E-01
  3.544069E+00 1.476E-01
  3.544146E+00 1.816E-01
  3.544223E+00 2.246E-01
  3.544300E+00 2.782E-01
  3.544376E+00 3.435E-01
  3.544605E+00 5.795E-01
  3.544680E+00 6.461E-01
  3.544756E+00 6.946E-01
  3.544981E+00 7.806E-01
  3.545055E+00 8.274E-01
  3.545129E+00 9.126E-01
  3.545204E+00 1.084E+00
  3.545277E+00 1.517E+00
  3.545351E+00 3.521E+00
  3.545425E+00 6.240E+01
  3.545498E+00 3.853E+00
  3.545571E+00 1.922E+00
  3.545644E+00 1.727E+00
  3.545716E+00 1.841E+00
  3.545789E+00 2.103E+00
  3.545861E+00 2.495E+00
  3.545933E+00 3.044E+00
  3.546005E+00 3.807E+00
  3.546076E+00 4.877E+00
  3.546148E+00 6.394E+00
  3.546219E+00 8.524E+00
  3.546360E+00 1.386E+01
  3.546431E+00 1.408E+01
  3.546501E+00 1.083E+01
  3.546572E+00 6.601E+00
  3.546641E+00 3.499E+00
  3.546711E+00 1.674E+00
  3.546781E+00 7.135E-01
  3.546850E+00 2.904E-01
  3.546919E+00 2.221E-01
  3.546988E+00 4.161E-01
  3.547057E+00 8.272E-01
  3.547125E+00 1.428E+00
  3.547194E+00 2.188E+00
  3.547398E+00 4.780E+00
  3.547465E+00 5.443E+00
  3.547533E+00 5.878E+00
  3.547600E+00 6.072E+00
  3.547667E+00 6.053E+00
  3.547800E+00 5.579E+00
  3.548262E+00 2.995E+00
  3.548457E+00 2.039E+00
  3.548521E+00 1.755E+00
  3.548586E+00 1.519E+00
  3.548650E+00 1.406E+00
  3.548714E+00 1.640E+00
  3.548778E+00 2.949E+00
  3.548842E+00 7.760E+00
  3.548905E+00 2.015E+01
  3.548968E+00 2.618E+01
  3.549032E+00 1.951E+01
  3.549095E+00 1.399E+01
  3.549158E+00 1.079E+01
  3.549220E+00 8.864E+00
  3.549283E+00 7.623E+00
  3.549345E+00 6.771E+00
  3.549407E+00 6.157E+00
  3.549531E+00 5.352E+00
  3.549654E+00 4.870E+00
  3.549837E+00 4.490E+00
  3.550019E+00 4.382E+00
  3.550200E+00 4.503E+00
  3.550379E+00 4.873E+00
  3.550556E+00 5.536E+00
  3.550732E+00 6.517E+00
  3.551309E+00 1.050E+01
  3.551422E+00 1.165E+01
  3.551479E+00 1.244E+01
  3.551535E+00 1.348E+01
  3.551591E+00 1.507E+01
  3.551648E+00 2.037E+01
  3.551703E+00 8.691E+01
  3.551759E+00 1.933E+01
  3.551815E+00 1.884E+01
  3.551926E+00 1.942E+01
  3.552036E+00 1.892E+01
  3.552417E+00 1.361E+01
  3.552578E+00 1.205E+01
  3.552791E+00 1.084E+01
  3.553054E+00 1.028E+01
  3.553314E+00 1.052E+01
  3.553519E+00 1.132E+01
  3.553723E+00 1.285E+01
  3.553874E+00 1.480E+01
  3.553974E+00 1.677E+01
  3.554073E+00 1.966E+01
  3.554123E+00 2.166E+01
  3.554173E+00 2.422E+01
  3.554222E+00 2.763E+01
  3.554271E+00 3.238E+01
  3.554320E+00 3.938E+01
  3.554369E+00 5.057E+01
  3.554418E+00 7.019E+01
  3.554467E+00 1.046E+02
  3.554515E+00 1.356E+02
  3.554564E+00 1.291E+02
  3.554612E+00 1.469E+02
  3.554660E+00 2.408E+02
  3.554708E+00 4.127E+02
  3.554756E+00 2.154E+02
  3.554804E+00 6.082E+01
  3.554852E+00 1.965E+01
  3.554900E+00 8.406E+00
  3.554947E+00 6.843E+00
  3.554994E+00 1.032E+01
  3.555042E+00 1.877E+01
  3.555089E+00 3.515E+01
  3.555136E+00 6.653E+01
  3.555183E+00 1.226E+02
  3.555230E+00 1.850E+02
  3.555276E+00 1.820E+02
  3.555323E+00 1.305E+02
  3.555369E+00 8.809E+01
  3.555416E+00 6.204E+01
  3.555462E+00 4.642E+01
  3.555508E+00 3.670E+01
  3.555554E+00 3.041E+01
  3.555600E+00 2.622E+01
  3.555645E+00 2.338E+01
  3.555691E+00 2.145E+01
  3.555737E+00 2.019E+01
  3.555782E+00 1.942E+01
  3.555872E+00 1.904E+01
  3.555962E+00 1.997E+01
  3.556052E+00 2.222E+01
  3.556097E+00 2.393E+01
  3.556186E+00 2.884E+01
  3.556274E+00 3.600E+01
  3.556362E+00 4.438E+01
  3.556406E+00 4.780E+01
  3.556450E+00 4.978E+01
  3.556493E+00 5.006E+01
  3.556624E+00 4.606E+01
  3.556667E+00 4.570E+01
  3.556710E+00 4.701E+01
  3.556753E+00 5.115E+01
  3.556796E+00 6.124E+01
  3.556839E+00 8.940E+01
  3.556881E+00 2.228E+02
  3.556924E+00 4.161E+03
  3.556966E+00 2.973E+02
  3.557009E+00 1.151E+02
  3.557051E+00 8.828E+01
  3.557093E+00 8.565E+01
  3.557135E+00 9.215E+01
  3.557177E+00 1.049E+02
  3.557219E+00 1.239E+02
  3.557261E+00 1.495E+02
  3.557344E+00 2.108E+02
  3.557386E+00 2.229E+02
  3.557427E+00 2.004E+02
  3.557510E+00 9.986E+01
  3.557551E+00 6.115E+01
  3.557592E+00 3.564E+01
  3.557633E+00 1.980E+01
  3.557673E+00 1.037E+01
  3.557714E+00 5.201E+00
  3.557755E+00 3.031E+00
  3.557795E+00 3.175E+00
  3.557835E+00 5.294E+00
  3.557876E+00 9.205E+00
  3.557916E+00 1.469E+01
  3.557996E+00 2.818E+01
  3.558036E+00 3.415E+01
  3.558076E+00 3.813E+01
  3.558116E+00 3.960E+01
  3.558155E+00 3.878E+01
  3.558195E+00 3.635E+01
  3.558352E+00 2.282E+01
  3.558430E+00 1.736E+01
  3.558508E+00 1.314E+01
  3.558546E+00 1.141E+01
  3.558624E+00 8.565E+00
  3.558662E+00 7.412E+00
  3.558700E+00 6.438E+00
  3.558739E+00 5.674E+00
  3.558777E+00 5.213E+00
  3.558815E+00 5.281E+00
  3.558853E+00 6.438E+00
  3.558891E+00 1.014E+01
  3.558928E+00 2.018E+01
  3.559004E+00 6.542E+01
  3.559041E+00 5.739E+01
  3.559079E+00 4.100E+01
  3.559116E+00 2.991E+01
  3.559154E+00 2.316E+01
  3.559191E+00 1.887E+01
  3.559228E+00 1.600E+01
  3.559265E+00 1.397E+01
  3.559302E+00 1.249E+01
  3.559339E+00 1.138E+01
  3.559375E+00 1.053E+01
  3.559449E+00 9.378E+00
  3.559522E+00 8.724E+00
  3.559630E+00 8.389E+00
  3.559738E+00 8.638E+00
  3.559988E+00 1.002E+01
  3.560093E+00 9.922E+00
  3.560268E+00 9.195E+00
  3.560337E+00 9.293E+00
  3.560406E+00 9.889E+00
  3.560440E+00 1.052E+01
  3.560474E+00 1.201E+01
  3.560508E+00 3.416E+01
  3.560543E+00 1.494E+01
  3.560577E+00 1.141E+01
  3.560678E+00 1.032E+01
  3.560813E+00 7.604E+00
  3.560879E+00 6.306E+00
  3.560946E+00 5.248E+00
  3.561012E+00 4.420E+00
  3.561078E+00 3.780E+00
  3.561176E+00 3.078E+00
  3.561274E+00 2.591E+00
  3.561371E+00 2.249E+00
  3.561499E+00 1.956E+00
  3.561626E+00 1.815E+00
  3.561721E+00 1.826E+00
  3.561783E+00 1.921E+00
  3.561815E+00 2.011E+00
  3.561846E+00 2.148E+00
  3.561877E+00 2.351E+00
  3.561908E+00 2.658E+00
  3.561939E+00 3.128E+00
  3.561970E+00 3.839E+00
  3.562001E+00 4.761E+00
  3.562032E+00 5.364E+00
  3.562062E+00 4.868E+00
  3.562093E+00 3.860E+00
  3.562123E+00 3.214E+00
  3.562154E+00 3.046E+00
  3.562184E+00 3.299E+00
  3.562215E+00 4.051E+00
  3.562245E+00 5.622E+00
  3.562275E+00 8.507E+00
  3.562306E+00 1.063E+01
  3.562366E+00 2.842E+00
  3.562396E+00 1.224E+00
  3.562426E+00 5.752E-01
  3.562456E+00 2.912E-01
  3.562485E+00 1.579E-01
  3.562515E+00 9.407E-02
  3.562545E+00 6.622E-02
  3.562574E+00 6.074E-02
  3.562604E+00 7.445E-02
  3.562633E+00 1.132E-01
  3.562663E+00 1.903E-01
  3.562692E+00 2.812E-01
  3.562721E+00 2.487E-01
  3.562751E+00 1.435E-01
  3.562780E+00 7.771E-02
  3.562809E+00 4.520E-02
  3.562838E+00 2.886E-02
  3.562867E+00 2.031E-02
  3.562896E+00 1.578E-02
  3.562925E+00 1.354E-02
  3.562954E+00 1.273E-02
  3.562982E+00 1.291E-02
  3.563011E+00 1.388E-02
  3.563040E+00 1.556E-02
  3.563068E+00 1.794E-02
  3.563097E+00 2.108E-02
  3.563125E+00 2.511E-02
  3.563153E+00 3.018E-02
  3.563182E+00 3.655E-02
  3.563210E+00 4.456E-02
  3.563238E+00 5.465E-02
  3.563266E+00 6.747E-02
  3.563294E+00 8.384E-02
  3.563322E+00 1.049E-01
  3.563350E+00 1.321E-01
  3.563378E+00 1.670E-01
  3.563406E+00 2.111E-01
  3.563434E+00 2.649E-01
  3.563517E+00 4.499E-01
  3.563572E+00 5.429E-01
  3.563627E+00 6.330E-01
  3.563654E+00 7.024E-01
  3.563681E+00 8.106E-01
  3.563708E+00 9.967E-01
  3.563736E+00 1.371E+00
  3.563763E+00 2.382E+00
  3.563790E+00 7.620E+00
  3.563817E+00 1.514E+02
  3.563844E+00 9.456E+00
  3.563870E+00 4.001E+00
  3.563897E+00 3.172E+00
  3.563924E+00 3.203E+00
  3.563951E+00 3.623E+00
  3.563977E+00 4.351E+00
  3.564004E+00 5.373E+00
  3.564030E+00 6.594E+00
  3.564057E+00 7.643E+00
  3.564083E+00 7.845E+00
  3.564110E+00 6.845E+00
  3.564162E+00 3.571E+00
  3.564188E+00 2.352E+00
  3.564215E+00 1.508E+00
  3.564241E+00 9.440E-01
  3.564267E+00 5.777E-01
  3.564293E+00 3.528E-01
  3.564319E+00 2.373E-01
  3.564344E+00 2.169E-01
  3.564370E+00 2.897E-01
  3.564396E+00 4.621E-01
  3.564422E+00 7.417E-01
  3.564447E+00 1.125E+00
  3.564499E+00 2.034E+00
  3.564524E+00 2.394E+00
  3.564550E+00 2.588E+00
  3.564575E+00 2.608E+00
  3.564600E+00 2.495E+00
  3.564651E+00 2.089E+00
  3.564701E+00 1.665E+00
  3.564751E+00 1.314E+00
  3.564801E+00 1.040E+00
  3.564851E+00 8.283E-01
  3.564900E+00 6.701E-01
  3.564925E+00 6.130E-01
  3.564950E+00 5.766E-01
  3.564974E+00 5.732E-01
  3.564999E+00 6.294E-01
  3.565023E+00 8.063E-01
  3.565048E+00 1.247E+00
  3.565072E+00 2.277E+00
  3.565097E+00 4.332E+00
  3.565121E+00 6.483E+00
  3.565145E+00 6.294E+00
  3.565169E+00 4.876E+00
  3.565193E+00 3.715E+00
  3.565218E+00 2.957E+00
  3.565242E+00 2.466E+00
  3.565266E+00 2.139E+00
  3.565290E+00 1.915E+00
  3.565313E+00 1.757E+00
  3.565337E+00 1.646E+00
  3.565385E+00 1.519E+00
  3.565432E+00 1.480E+00
  3.565503E+00 1.541E+00
  3.565573E+00 1.715E+00
  3.565690E+00 2.084E+00
  3.565759E+00 2.154E+00
  3.565896E+00 1.996E+00
  3.565941E+00 2.025E+00
  3.565986E+00 2.163E+00
  3.566009E+00 2.289E+00
  3.566031E+00 2.486E+00
  3.566054E+00 2.935E+00
  3.566076E+00 1.091E+01
  3.566099E+00 3.410E+00
  3.566121E+00 2.715E+00
  3.566187E+00 2.520E+00
  3.566254E+00 2.085E+00
  3.566320E+00 1.633E+00
  3.566363E+00 1.393E+00
  3.566429E+00 1.125E+00
  3.566493E+00 9.422E-01
  3.566558E+00 8.192E-01
  3.566643E+00 7.197E-01
  3.566707E+00 6.841E-01
  3.566770E+00 6.837E-01
  3.566812E+00 7.100E-01
  3.566854E+00 7.707E-01
  3.566875E+00 8.215E-01
  3.566895E+00 8.935E-01
  3.566916E+00 9.962E-01
  3.566937E+00 1.144E+00
  3.566958E+00 1.357E+00
  3.566999E+00 1.956E+00
  3.567019E+00 2.102E+00
  3.567040E+00 1.921E+00
  3.567060E+00 1.586E+00
  3.567081E+00 1.329E+00
  3.567101E+00 1.209E+00
  3.567122E+00 1.214E+00
  3.567142E+00 1.344E+00
  3.567162E+00 1.637E+00
  3.567183E+00 2.198E+00
  3.567203E+00 3.212E+00
  3.567223E+00 4.494E+00
  3.567243E+00 4.110E+00
  3.567263E+00 2.231E+00
  3.567283E+00 1.061E+00
  3.567303E+00 5.342E-01
  3.567323E+00 2.907E-01
  3.567343E+00 1.691E-01
  3.567363E+00 1.040E-01
  3.567383E+00 6.748E-02
  3.567403E+00 4.648E-02
  3.567423E+00 3.481E-02
  3.567442E+00 2.967E-02
  3.567462E+00 3.073E-02
  3.567482E+00 4.074E-02
  3.567501E+00 6.507E-02
  3.567521E+00 8.830E-02
  3.567541E+00 7.114E-02
  3.567560E+00 4.579E-02
  3.567580E+00 3.102E-02
  3.567599E+00 2.310E-02
  3.567619E+00 1.863E-02
  3.567638E+00 1.596E-02
  3.567657E+00 1.430E-02
  3.567677E+00 1.325E-02
  3.567696E+00 1.262E-02
  3.567734E+00 1.220E-02
  3.567773E+00 1.264E-02
  3.567811E+00 1.392E-02
  3.567830E+00 1.495E-02
  3.567849E+00 1.629E-02
  3.567868E+00 1.803E-02
  3.567887E+00 2.027E-02
  3.567906E+00 2.316E-02
  3.567925E+00 2.690E-02
  3.567943E+00 3.177E-02
  3.567962E+00 3.815E-02
  3.567981E+00 4.653E-02
  3.568000E+00 5.748E-02
  3.568018E+00 7.156E-02
  3.568037E+00 8.894E-02
  3.568056E+00 1.091E-01
  3.568093E+00 1.509E-01
  3.568148E+00 2.064E-01
  3.568167E+00 2.305E-01
  3.568185E+00 2.648E-01
  3.568203E+00 3.187E-01
  3.568222E+00 4.142E-01
  3.568240E+00 6.179E-01
  3.568258E+00 1.231E+00
  3.568276E+00 5.309E+00
  3.568294E+00 4.121E+01
  3.568313E+00 3.559E+00
  3.568331E+00 1.748E+00
  3.568349E+00 1.440E+00
  3.568367E+00 1.478E+00
  3.568385E+00 1.690E+00
  3.568403E+00 2.035E+00
  3.568421E+00 2.466E+00
  3.568439E+00 2.838E+00
  3.568457E+00 2.899E+00
  3.568474E+00 2.526E+00
  3.568510E+00 1.342E+00
  3.568528E+00 9.046E-01
  3.568545E+00 6.002E-01
  3.568563E+00 3.952E-01
  3.568581E+00 2.599E-01
  3.568598E+00 1.744E-01
  3.568616E+00 1.273E-01
  3.568634E+00 1.135E-01
  3.568651E+00 1.327E-01
  3.568669E+00 1.880E-01
  3.568686E+00 2.842E-01
  3.568704E+00 4.242E-01
  3.568721E+00 6.014E-01
  3.568738E+00 7.918E-01
  3.568756E+00 9.555E-01
  3.568773E+00 1.055E+00
  3.568790E+00 1.077E+00
  3.568807E+00 1.036E+00
  3.568825E+00 9.593E-01
  3.568876E+00 6.908E-01
  3.568910E+00 5.473E-01
  3.568944E+00 4.382E-01
  3.568978E+00 3.567E-01
  3.569012E+00 2.994E-01
  3.569029E+00 2.812E-01
  3.569046E+00 2.729E-01
  3.569062E+00 2.803E-01
  3.569079E+00 3.154E-01
  3.569096E+00 4.041E-01
  3.569113E+00 6.032E-01
  3.569129E+00 1.029E+00
  3.569146E+00 1.816E+00
  3.569163E+00 2.663E+00
  3.569179E+00 2.730E+00
  3.569212E+00 1.750E+00
  3.569229E+00 1.415E+00
  3.569245E+00 1.194E+00
  3.569262E+00 1.047E+00
  3.569278E+00 9.470E-01
  3.569294E+00 8.794E-01
  3.569327E+00 8.068E-01
  3.569360E+00 7.893E-01
  3.569392E+00 8.117E-01
  3.569440E+00 9.054E-01
  3.569537E+00 1.180E+00
  3.569568E+00 1.218E+00
  3.569616E+00 1.186E+00
  3.569679E+00 1.106E+00
  3.569710E+00 1.115E+00
  3.569741E+00 1.185E+00
  3.569757E+00 1.249E+00
  3.569772E+00 1.343E+00
  3.569788E+00 1.502E+00
  3.569803E+00 2.052E+00
  3.569819E+00 2.140E+01
  3.569834E+00 1.633E+00
  3.569850E+00 1.527E+00
  3.569880E+00 1.474E+00
  3.569911E+00 1.342E+00
  3.569987E+00 9.248E-01
  3.570017E+00 7.974E-01
  3.570063E+00 6.568E-01
  3.570108E+00 5.625E-01
  3.570152E+00 5.013E-01
  3.570197E+00 4.655E-01
  3.570241E+00 4.528E-01
  3.570285E+00 4.674E-01
  3.570314E+00 5.001E-01
  3.570329E+00 5.273E-01
  3.570343E+00 5.651E-01
  3.570358E+00 6.176E-01
  3.570373E+00 6.911E-01
  3.570387E+00 7.944E-01
  3.570401E+00 9.373E-01
  3.570430E+00 1.312E+00
  3.570445E+00 1.403E+00
  3.570459E+00 1.309E+00
  3.570473E+00 1.111E+00
  3.570488E+00 9.383E-01
  3.570502E+00 8.413E-01
  3.570516E+00 8.200E-01
  3.570530E+00 8.716E-01
  3.570545E+00 1.010E+00
  3.570559E+00 1.277E+00
  3.570573E+00 1.767E+00
  3.570587E+00 2.585E+00
  3.570601E+00 3.313E+00
  3.570615E+00 2.624E+00
  3.570629E+00 1.398E+00
  3.570643E+00 7.038E-01
  3.570658E+00 3.777E-01
  3.570672E+00 2.183E-01
  3.570685E+00 1.345E-01
  3.570699E+00 8.742E-02
  3.570713E+00 5.960E-02
  3.570727E+00 4.257E-02
  3.570741E+00 3.205E-02
  3.570755E+00 2.584E-02
  3.570769E+00 2.319E-02
  3.570783E+00 2.481E-02
  3.570796E+00 3.379E-02
  3.570810E+00 5.015E-02
  3.570824E+00 5.079E-02
  3.570838E+00 3.702E-02
  3.570851E+00 2.697E-02
  3.570865E+00 2.126E-02
  3.570879E+00 1.791E-02
  3.570892E+00 1.582E-02
  3.570906E+00 1.444E-02
  3.570933E+00 1.285E-02
  3.570960E+00 1.212E-02
  3.571001E+00 1.194E-02
  3.571041E+00 1.276E-02
  3.571068E+00 1.406E-02
  3.571081E+00 1.505E-02
  3.571094E+00 1.635E-02
  3.571107E+00 1.805E-02
  3.571121E+00 2.029E-02
  3.571134E+00 2.327E-02
  3.571147E+00 2.724E-02
  3.571160E+00 3.252E-02
  3.571173E+00 3.944E-02
  3.571187E+00 4.823E-02
  3.571213E+00 7.047E-02
  3.571265E+00 1.173E-01
  3.571278E+00 1.326E-01
  3.571291E+00 1.539E-01
  3.571304E+00 1.870E-01
  3.571317E+00 2.445E-01
  3.571330E+00 3.637E-01
  3.571343E+00 6.986E-01
  3.571356E+00 2.501E+00
  3.571368E+00 4.887E+01
  3.571381E+00 3.317E+00
  3.571394E+00 1.336E+00
  3.571407E+00 1.008E+00
  3.571420E+00 9.888E-01
  3.571432E+00 1.104E+00
  3.571445E+00 1.307E+00
  3.571458E+00 1.548E+00
  3.571470E+00 1.710E+00
  3.571483E+00 1.647E+00
  3.571496E+00 1.355E+00
  3.571508E+00 9.938E-01
  3.571521E+00 6.877E-01
  3.571534E+00 4.664E-01
  3.571546E+00 3.155E-01
  3.571559E+00 2.148E-01
  3.571571E+00 1.491E-01
  3.571584E+00 1.088E-01
  3.571596E+00 8.877E-02
  3.571609E+00 8.715E-02
  3.571621E+00 1.046E-01
  3.571633E+00 1.437E-01
  3.571646E+00 2.079E-01
  3.571658E+00 2.985E-01
  3.571671E+00 4.104E-01
  3.571683E+00 5.263E-01
  3.571695E+00 6.196E-01
  3.571707E+00 6.683E-01
  3.571720E+00 6.687E-01
  3.571732E+00 6.334E-01
  3.571781E+00 4.129E-01
  3.571805E+00 3.289E-01
  3.571829E+00 2.667E-01
  3.571841E+00 2.424E-01
  3.571866E+00 2.058E-01
  3.571878E+00 1.939E-01
  3.571890E+00 1.874E-01
  3.571902E+00 1.889E-01
  3.571914E+00 2.032E-01
  3.571925E+00 2.405E-01
  3.571937E+00 3.219E-01
  3.571949E+00 4.911E-01
  3.571961E+00 8.220E-01
  3.571973E+00 1.333E+00
  3.571985E+00 1.708E+00
  3.571997E+00 1.618E+00
  3.572020E+00 1.065E+00
  3.572032E+00 8.856E-01
  3.572044E+00 7.659E-01
  3.572056E+00 6.860E-01
  3.572067E+00 6.327E-01
  3.572079E+00 5.982E-01
  3.572102E+00 5.671E-01
  3.572126E+00 5.720E-01
  3.572161E+00 6.298E-01
  3.572207E+00 7.726E-01
  3.572241E+00 8.734E-01
  3.572264E+00 9.006E-01
  3.572298E+00 8.709E-01
  3.572343E+00 8.028E-01
  3.572366E+00 8.049E-01
  3.572388E+00 8.507E-01
  3.572411E+00 9.578E-01
  3.572422E+00 1.055E+00
  3.572433E+00 1.282E+00
  3.572444E+00 5.894E+00
  3.572455E+00 1.404E+00
  3.572466E+00 1.131E+00
  3.572488E+00 1.097E+00
  3.572511E+00 1.014E+00
  3.572565E+00 7.116E-01
  3.572598E+00 5.751E-01
  3.572631E+00 4.816E-01
  3.572663E+00 4.202E-01
  3.572695E+00 3.824E-01
  3.572728E+00 3.642E-01
  3.572760E+00 3.660E-01
  3.572781E+00 3.819E-01
  3.572802E+00 4.161E-01
  3.572813E+00 4.436E-01
  3.572823E+00 4.814E-01
  3.572834E+00 5.335E-01
  3.572844E+00 6.056E-01
  3.572855E+00 7.047E-01
  3.572876E+00 9.848E-01
  3.572886E+00 1.100E+00
  3.572896E+00 1.100E+00
  3.572907E+00 9.816E-01
  3.572917E+00 8.332E-01
  3.572928E+00 7.244E-01
  3.572938E+00 6.725E-01
  3.572948E+00 6.758E-01
  3.572959E+00 7.365E-01
  3.572969E+00 8.713E-01
  3.572979E+00 1.123E+00
  3.572990E+00 1.575E+00
  3.573000E+00 2.287E+00
  3.573010E+00 2.755E+00
  3.573020E+00 2.031E+00
  3.573031E+00 1.082E+00
  3.573041E+00 5.613E-01
  3.573051E+00 3.114E-01
  3.573061E+00 1.857E-01
  3.573071E+00 1.178E-01
  3.573082E+00 7.881E-02
  3.573092E+00 5.518E-02
  3.573102E+00 4.034E-02
  3.573112E+00 3.081E-02
  3.573122E+00 2.478E-02
  3.573132E+00 2.145E-02
  3.573142E+00 2.106E-02
  3.573152E+00 2.553E-02
  3.573162E+00 3.701E-02
  3.573180E+00 3.603E-02
  3.583170E+00 3.439E-01
  3.583180E+00 4.066E-01
  3.608123E+00 1.613E-01
  3.633066E+00 9.361E-02
  3.658010E+00 6.148E-02
  3.682953E+00 4.527E-02
  3.707896E+00 3.668E-02
  3.732839E+00 3.179E-02
  3.757783E+00 2.886E-02
  3.782726E+00 2.705E-02
  3.832613E+00 2.515E-02
  3.907443E+00 2.419E-02
  4.281592E+00 2.489E-02
  4.655742E+00 2.244E-02
  5.628531E+00 1.464E-02
  6.002681E+00 1.253E-02
  6.027624E+00 1.241E-02
  6.149392E+00 1.169E-02
  6.273615E+00 1.101E-02
  6.400350E+00 1.037E-02
  6.529648E+00 9.762E-03
  6.661556E+00 9.194E-03
  6.796126E+00 8.658E-03
  6.933414E+00 8.154E-03
  7.073480E+00 7.679E-03
  7.216373E+00 7.232E-03
  7.362159E+00 6.811E-03
  7.510880E+00 6.414E-03
  7.662609E+00 6.041E-03
  7.817408E+00 5.689E-03
  7.975327E+00 5.358E-03
  8.136437E+00 5.046E-03
  8.300807E+00 4.752E-03
  8.468493E+00 4.475E-03
  8.639571E+00 4.214E-03
  8.814098E+00 3.969E-03
  8.992161E+00 3.738E-03
  9.173810E+00 3.520E-03
  9.359132E+00 3.315E-03
  9.548203E+00 3.122E-03
  9.741090E+00 2.940E-03
  9.937868E+00 2.769E-03
  1.013863E+01 2.608E-03
  1.034345E+01 2.456E-03
  1.055239E+01 2.313E-03
  1.076557E+01 2.178E-03
  1.098305E+01 2.051E-03
  1.120492E+01 1.932E-03
  1.143127E+01 1.819E-03
  1.166220E+01 1.713E-03
  1.189779E+01 1.614E-03
  1.213815E+01 1.520E-03
  1.238335E+01 1.431E-03
  1.263351E+01 1.348E-03
  1.288872E+01 1.269E-03
  1.314909E+01 1.195E-03
  1.341473E+01 1.126E-03
  1.368572E+01 1.060E-03
  1.396219E+01 9.985E-04
  1.424424E+01 9.404E-04
  1.453199E+01 8.856E-04
  1.482556E+01 8.340E-04
  1.512506E+01 7.855E-04
  1.543060E+01 7.397E-04
  1.574232E+01 6.966E-04
  1.606033E+01 6.561E-04
  1.638477E+01 6.179E-04
  1.671576E+01 5.819E-04
  1.705345E+01 5.480E-04
  1.739795E+01 5.161E-04
  1.774940E+01 4.860E-04
  1.810797E+01 4.577E-04
  1.847379E+01 4.311E-04
  1.884697E+01 4.060E-04
  1.922771E+01 3.823E-04
  1.961612E+01 3.601E-04
  2.001241E+01 3.391E-04
  2.041667E+01 3.193E-04
  2.082913E+01 3.007E-04
  2.124989E+01 2.832E-04
  2.167918E+01 2.667E-04
  2.211711E+01 2.512E-04
  2.256392E+01 2.366E-04
  2.301973E+01 2.228E-04