  5.258232E-02 5.904E+01
  6.258231E-02 3.668E+01
  1.138670E-01 6.252E+00
  1.638478E-01 1.936E+00
  2.125685E-01 8.034E-01
  2.600712E-01 3.952E-01
  3.063960E-01 2.168E-01
  3.515817E-01 1.287E-01
  3.956652E-01 8.148E-02
  4.386821E-01 5.461E-02
  4.806666E-01 3.842E-02
  5.216514E-01 2.811E-02
  5.616680E-01 2.117E-02
  6.007467E-01 1.627E-02
  6.389165E-01 1.267E-02
  6.762055E-01 9.962E-03
  7.126405E-01 7.905E-03
  7.482474E-01 6.335E-03
  7.830510E-01 5.137E-03
  8.170755E-01 4.224E-03
  8.503438E-01 3.528E-03
  8.828783E-01 2.994E-03
  9.147002E-01 2.581E-03
  9.458304E-01 2.257E-03
  9.762887E-01 1.996E-03
  1.035266E+00 1.599E-03
  1.119150E+00 1.170E-03
  1.197934E+00 8.469E-04
  1.247825E+00 6.774E-04
  1.295740E+00 5.422E-04
  1.341782E+00 4.378E-04
  1.386047E+00 3.593E-04
  1.428626E+00 3.014E-04
  1.469604E+00 2.591E-04
  1.528239E+00 2.164E-04
  1.601514E+00 1.822E-04
  1.806590E+00 1.134E-04
  1.924276E+00 7.109E-05
  1.982644E+00 5.373E-05
  2.036634E+00 4.115E-05
  2.086675E+00 3.232E-05
  2.142036E+00 2.504E-05
  2.200870E+00 1.925E-05
  2.268578E+00 1.415E-05
  2.347112E+00 9.437E-06
  2.414546E+00 5.547E-06
  2.444742E+00 3.508E-06
  2.468323E+00 1.788E-06
  2.472876E+00 1.482E-06
  2.477378E+00 1.214E-06
  2.481828E+00 1.002E-06
  2.486228E+00 8.783E-07
  2.490578E+00 8.895E-07
  2.494879E+00 1.108E-06
  2.499132E+00 1.647E-06
  2.503337E+00 2.693E-06
  2.507495E+00 4.558E-06
  2.511607E+00 7.794E-06
  2.515673E+00 1.342E-05
  2.519694E+00 2.350E-05
  2.523672E+00 4.250E-05
  2.527606E+00 8.170E-05
  2.531496E+00 1.753E-04
  2.535345E+00 4.670E-04
  2.539152E+00 2.142E-03
  2.542918E+00 2.590E-01
  2.546643E+00 3.119E-03
  2.550328E+00 8.803E-04
  2.553974E+00 4.416E-04
  2.557582E+00 2.793E-04
  2.561151E+00 2.000E-04
  2.564682E+00 1.546E-04
  2.568176E+00 1.259E-04
  2.571633E+00 1.065E-04
  2.575055E+00 9.255E-05
  2.578440E+00 8.220E-05
  2.581791E+00 7.426E-05
  2.588389E+00 6.302E-05
  2.594851E+00 5.560E-05
  2.604300E+00 4.846E-05
  2.616460E+00 4.302E-05
  2.630991E+00 3.971E-05
  2.650171E+00 3.852E-05
  2.670566E+00 4.008E-05
  2.691753E+00 4.444E-05
  2.713340E+00 5.204E-05
  2.733095E+00 6.247E-05
  2.752950E+00 7.750E-05
  2.771064E+00 9.680E-05
  2.787633E+00 1.212E-04
  2.802828E+00 1.521E-04
  2.816798E+00 1.912E-04
  2.829670E+00 2.413E-04
  2.840515E+00 2.999E-04
  2.850619E+00 3.762E-04
  2.859135E+00 4.674E-04
  2.866281E+00 5.768E-04
  2.871396E+00 6.875E-04
  2.875507E+00 8.115E-04
  2.878702E+00 9.463E-04
  2.881815E+00 1.139E-03
  2.884099E+00 1.356E-03
  2.885597E+00 1.568E-03
  2.886339E+00 1.707E-03
  2.887076E+00 1.880E-03
  2.887809E+00 2.102E-03
  2.888537E+00 2.397E-03
  2.889261E+00 2.808E-03
  2.889980E+00 3.415E-03
  2.890695E+00 4.390E-03
  2.891405E+00 6.156E-03
  2.892111E+00 1.002E-02
  2.892813E+00 2.206E-02
  2.893510E+00 1.179E-01
  2.894203E+00 2.997E-01
  2.894892E+00 2.134E-02
  2.895576E+00 6.610E-03
  2.896256E+00 3.216E-03
  2.896932E+00 2.018E-03
  2.897605E+00 1.509E-03
  2.898272E+00 1.278E-03
  2.898936E+00 1.181E-03
  2.899596E+00 1.162E-03
  2.900252E+00 1.197E-03
  2.900904E+00 1.285E-03
  2.901552E+00 1.447E-03
  2.902196E+00 1.751E-03
  2.902836E+00 2.417E-03
  2.903473E+00 4.443E-03
  2.904106E+00 1.787E-02
  2.904734E+00 5.362E-01
  2.905360E+00 1.161E-02
  2.905981E+00 4.576E-03
  2.906599E+00 3.065E-03
  2.907213E+00 2.533E-03
  2.907823E+00 2.312E-03
  2.908430E+00 2.223E-03
  2.909633E+00 2.219E-03
  2.911412E+00 2.407E-03
  2.913735E+00 2.856E-03
  2.915443E+00 3.334E-03
  2.917121E+00 3.973E-03
  2.918771E+00 4.844E-03
  2.919856E+00 5.615E-03
  2.920928E+00 6.611E-03
  2.921988E+00 7.933E-03
  2.923036E+00 9.755E-03
  2.923556E+00 1.094E-02
  2.924073E+00 1.238E-02
  2.924587E+00 1.416E-02
  2.925098E+00 1.641E-02
  2.925606E+00 1.930E-02
  2.926112E+00 2.312E-02
  2.926614E+00 2.833E-02
  2.927114E+00 3.574E-02
  2.927611E+00 4.684E-02
  2.928106E+00 6.462E-02
  2.928597E+00 9.605E-02
  2.929086E+00 1.603E-01
  2.929573E+00 3.281E-01
  2.930056E+00 1.066E+00
  2.930537E+00 3.549E+01
  2.931016E+00 2.188E+00
  2.931492E+00 4.193E-01
  2.931965E+00 1.667E-01
  2.932436E+00 8.685E-02
  2.932904E+00 5.212E-02
  2.933369E+00 3.412E-02
  2.933833E+00 2.368E-02
  2.934293E+00 1.714E-02
  2.934751E+00 1.280E-02
  2.935207E+00 9.788E-03
  2.935660E+00 7.630E-03
  2.936111E+00 6.040E-03
  2.936560E+00 4.841E-03
  2.937006E+00 3.920E-03
  2.937450E+00 3.202E-03
  2.937891E+00 2.635E-03
  2.938330E+00 2.182E-03
  2.938767E+00 1.818E-03
  2.939201E+00 1.523E-03
  2.939633E+00 1.283E-03
  2.940063E+00 1.086E-03
  2.940491E+00 9.251E-04
  2.940916E+00 7.931E-04
  2.941340E+00 6.851E-04
  2.941761E+00 5.972E-04
  2.942179E+00 5.260E-04
  2.942596E+00 4.690E-04
  2.943010E+00 4.242E-04
  2.943423E+00 3.898E-04
  2.943833E+00 3.644E-04
  2.944647E+00 3.361E-04
  2.945453E+00 3.323E-04
  2.946250E+00 3.479E-04
  2.947040E+00 3.796E-04
  2.948209E+00 4.518E-04
  2.949360E+00 5.492E-04
  2.950868E+00 7.132E-04
  2.952712E+00 9.697E-04
  2.954510E+00 1.285E-03
  2.956610E+00 1.753E-03
  2.958650E+00 2.344E-03
  2.960305E+00 2.960E-03
  2.961921E+00 3.737E-03
  2.963186E+00 4.534E-03
  2.964119E+00 5.326E-03
  2.964734E+00 6.094E-03
  2.965039E+00 6.712E-03
  2.965343E+00 7.993E-03
  2.965646E+00 2.102E-02
  2.965947E+00 3.970E-03
  2.966246E+00 5.495E-03
  2.966545E+00 6.244E-03
  2.968594E+00 9.823E-03
  2.969736E+00 1.241E-02
  2.970579E+00 1.495E-02
  2.971410E+00 1.829E-02
  2.972230E+00 2.289E-02
  2.972771E+00 2.704E-02
  2.973307E+00 3.252E-02
  2.973838E+00 4.004E-02
  2.974101E+00 4.492E-02
  2.974364E+00 5.085E-02
  2.974625E+00 5.819E-02
  2.974886E+00 6.743E-02
  2.975145E+00 7.935E-02
  2.975403E+00 9.513E-02
  2.975659E+00 1.167E-01
  2.975915E+00 1.476E-01
  2.976170E+00 1.940E-01
  2.976423E+00 2.689E-01
  2.976675E+00 4.022E-01
  2.976926E+00 6.774E-01
  2.977177E+00 1.406E+00
  2.977426E+00 4.666E+00
  2.977673E+00 1.121E+02
  2.977920E+00 8.531E+00
  2.978166E+00 1.792E+00
  2.978411E+00 7.442E-01
  2.978654E+00 4.035E-01
  2.978897E+00 2.530E-01
  2.979138E+00 1.742E-01
  2.979379E+00 1.282E-01
  2.979618E+00 9.923E-02
  2.979857E+00 8.009E-02
  2.980094E+00 6.694E-02
  2.980331E+00 5.768E-02
  2.980566E+00 5.109E-02
  2.980800E+00 4.640E-02
  2.981034E+00 4.316E-02
  2.981266E+00 4.110E-02
  2.981497E+00 4.012E-02
  2.981728E+00 4.029E-02
  2.981957E+00 4.193E-02
  2.982185E+00 4.591E-02
  2.982413E+00 5.430E-02
  2.982639E+00 7.272E-02
  2.982865E+00 1.194E-01
  2.983089E+00 2.775E-01
  2.983313E+00 1.374E+00
  2.983536E+00 1.190E+02
  2.983757E+00 1.383E+00
  2.983978E+00 5.003E-01
  2.984198E+00 3.045E-01
  2.984417E+00 2.303E-01
  2.984635E+00 1.955E-01
  2.984852E+00 1.779E-01
  2.985068E+00 1.693E-01
  2.985284E+00 1.663E-01
  2.985712E+00 1.707E-01
  2.986136E+00 1.852E-01
  2.986557E+00 2.088E-01
  2.986974E+00 2.427E-01
  2.987388E+00 2.897E-01
  2.987799E+00 3.552E-01
  2.988003E+00 3.975E-01
  2.988206E+00 4.482E-01
  2.988409E+00 5.095E-01
  2.988610E+00 5.845E-01
  2.988811E+00 6.774E-01
  2.989011E+00 7.940E-01
  2.989210E+00 9.430E-01
  2.989408E+00 1.137E+00
  2.989606E+00 1.397E+00
  2.989803E+00 1.754E+00
  2.989998E+00 2.263E+00
  2.990194E+00 3.024E+00
  2.990388E+00 4.233E+00
  2.990581E+00 6.319E+00
  2.990774E+00 1.038E+01
  2.990966E+00 1.999E+01
  2.991157E+00 5.261E+01
  2.991348E+00 3.557E+02
  2.991538E+00 9.730E+02
  2.991727E+00 7.558E+01
  2.991915E+00 2.564E+01
  2.992102E+00 1.284E+01
  2.992289E+00 7.719E+00
  2.992475E+00 5.168E+00
  2.992660E+00 3.712E+00
  2.992845E+00 2.803E+00
  2.993028E+00 2.197E+00
  2.993211E+00 1.772E+00
  2.993394E+00 1.462E+00
  2.993575E+00 1.229E+00
  2.993756E+00 1.049E+00
  2.993936E+00 9.079E-01
  2.994116E+00 7.944E-01
  2.994295E+00 7.018E-01
  2.994650E+00 5.613E-01
  2.995003E+00 4.610E-01
  2.995353E+00 3.868E-01
  2.995872E+00 3.069E-01
  2.996386E+00 2.510E-01
  2.996894E+00 2.102E-01
  2.997562E+00 1.706E-01
  2.998383E+00 1.354E-01
  2.999029E+00 1.115E-01
  2.999189E+00 1.035E-01
  2.999348E+00 8.862E-02
  2.999507E+00 4.924E+02
  2.999665E+00 1.301E-01
  2.999822E+00 1.137E-01
  2.999979E+00 1.064E-01
  3.000446E+00 9.405E-02
  3.001365E+00 7.885E-02
  3.002706E+00 6.313E-02
  3.003143E+00 5.965E-02
  3.003287E+00 5.980E-02
  3.003432E+00 6.294E-02
  3.003575E+00 7.824E-02
  3.003718E+00 1.864E-01
  3.003861E+00 1.264E+02
  3.004003E+00 3.559E-01
  3.004144E+00 1.480E-01
  3.004285E+00 1.051E-01
  3.004426E+00 8.816E-02
  3.004566E+00 7.922E-02
  3.004705E+00 7.369E-02
  3.004983E+00 6.707E-02
  3.005531E+00 6.037E-02
  3.006473E+00 5.482E-02
  3.007907E+00 5.129E-02
  3.009286E+00 5.148E-02
  3.010376E+00 5.498E-02
  3.011085E+00 6.045E-02
  3.011549E+00 6.711E-02
  3.011893E+00 7.565E-02
  3.012120E+00 8.498E-02
  3.012234E+00 9.178E-02
  3.012346E+00 1.011E-01
  3.012459E+00 1.147E-01
  3.012571E+00 1.367E-01
  3.012682E+00 1.783E-01
  3.012794E+00 2.837E-01
  3.012904E+00 8.287E-01
  3.013015E+00 7.409E+00
  3.013125E+00 1.548E-01
  3.013235E+00 5.044E-02
  3.013344E+00 4.278E-02
  3.013453E+00 4.715E-02
  3.013562E+00 5.415E-02
  3.013778E+00 7.126E-02
  3.013886E+00 8.159E-02
  3.013993E+00 9.383E-02
  3.014100E+00 1.089E-01
  3.014207E+00 1.282E-01
  3.014313E+00 1.539E-01
  3.014419E+00 1.899E-01
  3.014524E+00 2.433E-01
  3.014629E+00 3.283E-01
  3.014734E+00 4.772E-01
  3.014839E+00 7.774E-01
  3.014943E+00 1.539E+00
  3.015047E+00 4.608E+00
  3.015150E+00 7.178E+01
  3.015253E+00 1.823E+01
  3.015356E+00 2.960E+00
  3.015458E+00 1.188E+00
  3.015561E+00 6.553E-01
  3.015662E+00 4.280E-01
  3.015764E+00 3.114E-01
  3.015865E+00 2.445E-01
  3.015966E+00 2.032E-01
  3.016066E+00 1.766E-01
  3.016166E+00 1.590E-01
  3.016266E+00 1.473E-01
  3.016366E+00 1.398E-01
  3.016564E+00 1.334E-01
  3.016760E+00 1.350E-01
  3.016956E+00 1.432E-01
  3.017150E+00 1.582E-01
  3.017343E+00 1.819E-01
  3.017439E+00 1.980E-01
  3.017535E+00 2.181E-01
  3.017630E+00 2.432E-01
  3.017726E+00 2.751E-01
  3.017820E+00 3.161E-01
  3.017915E+00 3.702E-01
  3.018009E+00 4.436E-01
  3.018103E+00 5.468E-01
  3.018197E+00 6.989E-01
  3.018290E+00 9.375E-01
  3.018383E+00 1.345E+00
  3.018476E+00 2.136E+00
  3.018568E+00 4.025E+00
  3.018661E+00 1.076E+01
  3.018753E+00 9.344E+01
  3.018844E+00 8.472E+01
  3.018935E+00 9.327E+00
  3.019026E+00 3.236E+00
  3.019117E+00 1.586E+00
  3.019208E+00 9.208E-01
  3.019298E+00 5.912E-01
  3.019388E+00 4.058E-01
  3.019477E+00 2.921E-01
  3.019567E+00 2.179E-01
  3.019656E+00 1.671E-01
  3.019745E+00 1.311E-01
  3.019833E+00 1.048E-01
  3.019921E+00 8.504E-02
  3.020009E+00 6.998E-02
  3.020097E+00 5.829E-02
  3.020184E+00 4.912E-02
  3.020271E+00 4.184E-02
  3.020358E+00 3.603E-02
  3.020445E+00 3.140E-02
  3.020531E+00 2.774E-02
  3.020617E+00 2.491E-02
  3.020703E+00 2.284E-02
  3.020789E+00 2.159E-02
  3.020874E+00 2.137E-02
  3.020959E+00 2.289E-02
  3.021044E+00 2.865E-02
  3.021128E+00 5.352E-02
  3.021213E+00 1.150E+00
  3.021297E+00 2.311E-02
  3.021380E+00 1.773E-03
  3.021464E+00 4.379E-04
  3.021547E+00 3.776E-04
  3.021630E+00 4.258E-04
  3.021713E+00 4.486E-04
  3.021795E+00 4.402E-04
  3.021878E+00 4.115E-04
  3.022204E+00 2.528E-04
  3.022285E+00 2.220E-04
  3.022366E+00 1.978E-04
  3.022446E+00 1.806E-04
  3.022527E+00 1.702E-04
  3.022607E+00 1.666E-04
  3.022686E+00 1.693E-04
  3.022766E+00 1.779E-04
  3.022845E+00 1.922E-04
  3.022924E+00 2.116E-04
  3.023082E+00 2.646E-04
  3.023238E+00 3.348E-04
  3.023394E+00 4.228E-04
  3.023549E+00 5.368E-04
  3.023626E+00 6.128E-04
  3.023702E+00 7.168E-04
  3.023779E+00 8.834E-04
  3.023855E+00 1.221E-03
  3.023931E+00 2.195E-03
  3.024007E+00 7.835E-03
  3.024083E+00 7.500E+01
  3.024158E+00 1.177E-02
  3.024233E+00 4.155E-03
  3.024308E+00 2.712E-03
  3.024383E+00 2.212E-03
  3.024458E+00 1.998E-03
  3.024532E+00 1.902E-03
  3.024680E+00 1.862E-03
  3.024900E+00 1.949E-03
  3.025407E+00 2.345E-03
  3.026321E+00 3.294E-03
  3.027136E+00 4.360E-03
  3.027794E+00 5.498E-03
  3.028307E+00 6.736E-03
  3.028685E+00 8.059E-03
  3.028933E+00 9.338E-03
  3.029117E+00 1.078E-02
  3.029239E+00 1.237E-02
  3.029300E+00 1.369E-02
  3.029361E+00 1.613E-02
  3.029421E+00 2.397E-02
  3.029481E+00 2.037E-01
  3.029542E+00 8.141E-03
  3.029602E+00 1.015E-02
  3.029661E+00 1.182E-02
  3.029840E+00 1.624E-02
  3.029958E+00 2.001E-02
  3.030017E+00 2.248E-02
  3.030075E+00 2.557E-02
  3.030134E+00 2.956E-02
  3.030192E+00 3.489E-02
  3.030251E+00 4.233E-02
  3.030309E+00 5.323E-02
  3.030366E+00 7.028E-02
  3.030424E+00 9.937E-02
  3.030482E+00 1.556E-01
  3.030539E+00 2.882E-01
  3.030596E+00 7.417E-01
  3.030654E+00 5.182E+00
  3.030711E+00 1.152E+01
  3.030767E+00 9.664E-01
  3.030824E+00 3.394E-01
  3.030881E+00 1.774E-01
  3.030937E+00 1.130E-01
  3.030993E+00 8.127E-02
  3.031049E+00 6.363E-02
  3.031105E+00 5.304E-02
  3.031161E+00 4.639E-02
  3.031216E+00 4.214E-02
  3.031272E+00 3.948E-02
  3.031327E+00 3.792E-02
  3.031437E+00 3.712E-02
  3.031547E+00 3.861E-02
  3.031656E+00 4.214E-02
  3.031765E+00 4.797E-02
  3.031872E+00 5.691E-02
  3.031926E+00 6.302E-02
  3.031980E+00 7.065E-02
  3.032033E+00 8.028E-02
  3.032087E+00 9.267E-02
  3.032140E+00 1.089E-01
  3.032193E+00 1.309E-01
  3.032246E+00 1.615E-01
  3.032298E+00 2.061E-01
  3.032351E+00 2.751E-01
  3.032404E+00 3.905E-01
  3.032456E+00 6.067E-01
  3.032508E+00 1.092E+00
  3.032560E+00 2.603E+00
  3.032612E+00 1.350E+01
  3.032664E+00 1.209E+02
  3.032716E+00 4.744E+00
  3.032767E+00 1.414E+00
  3.032819E+00 6.559E-01
  3.032870E+00 3.715E-01
  3.032921E+00 2.359E-01
  3.032972E+00 1.613E-01
  3.033023E+00 1.163E-01
  3.033074E+00 8.709E-02
  3.033124E+00 6.724E-02
  3.033175E+00 5.318E-02
  3.033225E+00 4.291E-02
  3.033275E+00 3.522E-02
  3.033325E+00 2.934E-02
  3.033375E+00 2.477E-02
  3.033425E+00 2.117E-02
  3.033475E+00 1.831E-02
  3.033524E+00 1.602E-02
  3.033574E+00 1.419E-02
  3.033623E+00 1.273E-02
  3.033672E+00 1.159E-02
  3.033722E+00 1.074E-02
  3.033771E+00 1.017E-02
  3.033819E+00 9.901E-03
  3.033868E+00 1.002E-02
  3.033917E+00 1.072E-02
  3.033965E+00 1.255E-02
  3.034013E+00 1.717E-02
  3.034062E+00 3.283E-02
  3.034110E+00 2.018E-01
  3.034158E+00 1.328E-01
  3.034206E+00 1.002E-02
  3.034253E+00 2.507E-03
  3.034301E+00 9.521E-04
  3.034348E+00 4.807E-04
  3.034396E+00 3.067E-04
  3.034443E+00 2.333E-04
  3.034490E+00 1.988E-04
  3.034537E+00 1.808E-04
  3.034584E+00 1.705E-04
  3.034678E+00 1.612E-04
  3.034771E+00 1.612E-04
  3.034863E+00 1.691E-04
  3.034955E+00 1.856E-04
  3.035047E+00 2.127E-04
  3.035092E+00 2.317E-04
  3.035138E+00 2.561E-04
  3.035183E+00 2.887E-04
  3.035229E+00 3.349E-04
  3.035274E+00 4.069E-04
  3.035319E+00 5.345E-04
  3.035364E+00 8.099E-04
  3.035409E+00 1.639E-03
  3.035453E+00 7.206E-03
  3.035498E+00 1.012E-01
  3.035542E+00 2.655E-03
  3.035587E+00 2.306E-03
  3.035631E+00 1.995E-02
  3.035675E+00 2.739E-03
  3.035719E+00 1.595E-03
  3.035763E+00 1.238E-03
  3.035807E+00 1.079E-03
  3.035851E+00 9.987E-04
  3.035895E+00 9.571E-04
  3.035982E+00 9.314E-04
  3.036111E+00 9.579E-04
  3.036368E+00 1.097E-03
  3.036787E+00 1.424E-03
  3.037277E+00 1.914E-03
  3.037714E+00 2.483E-03
  3.038063E+00 3.090E-03
  3.038367E+00 3.817E-03
  3.038629E+00 4.702E-03
  3.038813E+00 5.367E-03
  3.038850E+00 5.259E-03
  3.038886E+00 4.424E-03
  3.038923E+00 9.757E-03
  3.038959E+00 8.280E-03
  3.038995E+00 8.303E-03
  3.039068E+00 9.081E-03
  3.039139E+00 1.041E-02
  3.039211E+00 1.242E-02
  3.039247E+00 1.382E-02
  3.039282E+00 1.562E-02
  3.039318E+00 1.800E-02
  3.039353E+00 2.124E-02
  3.039389E+00 2.584E-02
  3.039424E+00 3.276E-02
  3.039459E+00 4.391E-02
  3.039494E+00 6.373E-02
  3.039529E+00 1.046E-01
  3.039564E+00 2.123E-01
  3.039599E+00 6.871E-01
  3.039634E+00 2.086E+01
  3.039669E+00 1.628E+00
  3.039703E+00 3.232E-01
  3.039738E+00 1.385E-01
  3.039772E+00 7.976E-02
  3.039807E+00 5.406E-02
  3.039841E+00 4.075E-02
  3.039875E+00 3.314E-02
  3.039909E+00 2.852E-02
  3.039944E+00 2.564E-02
  3.039978E+00 2.386E-02
  3.040012E+00 2.284E-02
  3.040045E+00 2.235E-02
  3.040113E+00 2.260E-02
  3.040180E+00 2.415E-02
  3.040247E+00 2.700E-02
  3.040314E+00 3.144E-02
  3.040347E+00 3.446E-02
  3.040380E+00 3.820E-02
  3.040413E+00 4.284E-02
  3.040446E+00 4.870E-02
  3.040479E+00 5.620E-02
  3.040512E+00 6.600E-02
  3.040544E+00 7.916E-02
  3.040577E+00 9.742E-02
  3.040610E+00 1.238E-01
  3.040642E+00 1.642E-01
  3.040675E+00 2.306E-01
  3.040707E+00 3.520E-01
  3.040739E+00 6.136E-01
  3.040772E+00 1.365E+00
  3.040804E+00 5.582E+00
  3.040836E+00 7.271E+02
  3.040868E+00 4.306E+00
  3.040900E+00 1.103E+00
  3.040932E+00 4.853E-01
  3.040964E+00 2.679E-01
  3.040995E+00 1.678E-01
  3.041027E+00 1.138E-01
  3.041059E+00 8.166E-02
  3.041090E+00 6.105E-02
  3.041122E+00 4.711E-02
  3.041153E+00 3.729E-02
  3.041184E+00 3.015E-02
  3.041216E+00 2.482E-02
  3.041247E+00 2.075E-02
  3.041278E+00 1.759E-02
  3.041309E+00 1.511E-02
  3.041340E+00 1.315E-02
  3.041371E+00 1.158E-02
  3.041402E+00 1.033E-02
  3.041432E+00 9.346E-03
  3.041463E+00 8.587E-03
  3.041494E+00 8.034E-03
  3.041524E+00 7.685E-03
  3.041555E+00 7.563E-03
  3.041585E+00 7.733E-03
  3.041616E+00 8.348E-03
  3.041646E+00 9.788E-03
  3.041676E+00 1.319E-02
  3.041707E+00 2.340E-02
  3.041737E+00 9.082E-02
  3.041767E+00 5.906E-01
  3.041797E+00 1.677E-02
  3.041827E+00 3.775E-03
  3.041857E+00 1.375E-03
  3.041886E+00 6.538E-04
  3.041916E+00 3.804E-04
  3.041946E+00 2.612E-04
  3.041975E+00 2.038E-04
  3.042005E+00 1.741E-04
  3.042034E+00 1.580E-04
  3.042064E+00 1.491E-04
  3.042093E+00 1.445E-04
  3.042152E+00 1.434E-04
  3.042210E+00 1.507E-04
  3.042268E+00 1.672E-04
  3.042297E+00 1.802E-04
  3.042326E+00 1.980E-04
  3.042354E+00 2.232E-04
  3.042383E+00 2.610E-04
  3.042412E+00 3.230E-04
  3.042441E+00 4.385E-04
  3.042469E+00 7.038E-04
  3.042498E+00 1.605E-03
  3.042526E+00 1.155E-02
  3.042554E+00 1.202E-02
  3.042583E+00 1.095E-03
  3.042611E+00 4.279E-04
  3.042639E+00 1.592E-03
  3.042667E+00 1.004E-01
  3.042695E+00 3.282E-03
  3.042723E+00 1.551E-03
  3.042751E+00 1.096E-03
  3.042779E+00 9.046E-04
  3.042807E+00 8.073E-04
  3.042835E+00 7.536E-04
  3.042862E+00 7.235E-04
  3.042918E+00 7.011E-04
  3.043000E+00 7.132E-04
  3.043164E+00 8.019E-04
  3.043431E+00 1.025E-03
  3.043745E+00 1.369E-03
  3.044026E+00 1.771E-03
  3.044277E+00 2.247E-03
  3.044497E+00 2.824E-03
  3.044690E+00 3.404E-03
  3.044738E+00 3.387E-03
  3.044762E+00 3.267E-03
  3.044786E+00 4.627E-03
  3.044810E+00 2.553E-02
  3.044833E+00 8.785E-03
  3.044857E+00 7.370E-03
  3.044880E+00 7.109E-03
  3.044904E+00 7.195E-03
  3.044951E+00 7.866E-03
  3.044998E+00 9.093E-03
  3.045021E+00 9.972E-03
  3.045044E+00 1.110E-02
  3.045067E+00 1.258E-02
  3.045090E+00 1.458E-02
  3.045114E+00 1.737E-02
  3.045137E+00 2.145E-02
  3.045160E+00 2.781E-02
  3.045183E+00 3.858E-02
  3.045205E+00 5.920E-02
  3.045228E+00 1.071E-01
  3.045251E+00 2.660E-01
  3.045274E+00 1.661E+00
  3.045297E+00 5.802E+00
  3.045319E+00 3.967E-01
  3.045342E+00 1.355E-01
  3.045365E+00 7.058E-02
  3.045387E+00 4.524E-02
  3.045410E+00 3.295E-02
  3.045432E+00 2.620E-02
  3.045455E+00 2.223E-02
  3.045477E+00 1.980E-02
  3.045499E+00 1.832E-02
  3.045522E+00 1.746E-02
  3.045566E+00 1.700E-02
  3.045610E+00 1.769E-02
  3.045655E+00 1.936E-02
  3.045699E+00 2.211E-02
  3.045742E+00 2.629E-02
  3.045764E+00 2.913E-02
  3.045786E+00 3.267E-02
  3.045808E+00 3.711E-02
  3.045829E+00 4.278E-02
  3.045851E+00 5.018E-02
  3.045873E+00 6.007E-02
  3.045894E+00 7.373E-02
  3.045916E+00 9.335E-02
  3.045937E+00 1.231E-01
  3.045959E+00 1.714E-01
  3.045980E+00 2.583E-01
  3.046002E+00 4.403E-01
  3.046023E+00 9.355E-01
  3.046044E+00 3.330E+00
  3.046065E+00 2.997E+02
  3.046087E+00 4.594E+00
  3.046108E+00 1.016E+00
  3.046129E+00 4.261E-01
  3.046150E+00 2.300E-01
  3.046171E+00 1.422E-01
  3.046192E+00 9.569E-02
  3.046213E+00 6.831E-02
  3.046234E+00 5.090E-02
  3.046255E+00 3.921E-02
  3.046276E+00 3.101E-02
  3.046296E+00 2.507E-02
  3.046317E+00 2.064E-02
  3.046338E+00 1.728E-02
  3.046359E+00 1.467E-02
  3.046379E+00 1.263E-02
  3.046400E+00 1.102E-02
  3.046420E+00 9.734E-03
  3.046441E+00 8.717E-03
  3.046461E+00 7.921E-03
  3.046482E+00 7.316E-03
  3.046502E+00 6.889E-03
  3.046523E+00 6.640E-03
  3.046543E+00 6.597E-03
  3.046563E+00 6.826E-03
  3.046583E+00 7.486E-03
  3.046604E+00 8.973E-03
  3.046624E+00 1.252E-02
  3.046644E+00 2.381E-02
  3.046684E+00 2.157E-01
  3.046704E+00 1.211E-02
  3.046724E+00 3.014E-03
  3.046744E+00 1.146E-03
  3.046764E+00 5.570E-04
  3.046784E+00 3.269E-04
  3.046804E+00 2.246E-04
  3.046823E+00 1.748E-04
  3.046843E+00 1.490E-04
  3.046863E+00 1.351E-04
  3.046883E+00 1.276E-04
  3.046902E+00 1.239E-04
  3.046942E+00 1.241E-04
  3.046981E+00 1.323E-04
  3.047000E+00 1.398E-04
  3.047019E+00 1.505E-04
  3.047039E+00 1.657E-04
  3.047058E+00 1.880E-04
  3.047078E+00 2.225E-04
  3.047097E+00 2.811E-04
  3.047116E+00 3.956E-04
  3.047135E+00 6.790E-04
  3.047154E+00 1.828E-03
  3.047174E+00 4.040E-02
  3.047193E+00 3.454E-03
  3.047212E+00 5.439E-04
  3.047231E+00 2.243E-04
  3.047250E+00 4.294E-04
  3.047269E+00 6.625E-03
  3.047288E+00 1.373E-02
  3.047307E+00 2.397E-03
  3.047325E+00 1.298E-03
  3.047344E+00 9.476E-04
  3.047363E+00 7.882E-04
  3.047382E+00 7.033E-04
  3.047401E+00 6.546E-04
  3.047419E+00 6.260E-04
  3.047456E+00 6.017E-04
  3.047512E+00 6.057E-04
  3.047622E+00 6.719E-04
  3.047786E+00 8.296E-04
  3.047999E+00 1.103E-03
  3.048191E+00 1.423E-03
  3.048362E+00 1.797E-03
  3.048514E+00 2.237E-03
  3.048646E+00 2.676E-03
  3.048712E+00 2.720E-03
  3.048728E+00 4.473E-03
  3.048744E+00 8.552E-02
  3.048761E+00 1.007E-02
  3.048777E+00 7.121E-03
  3.048793E+00 6.448E-03
  3.048809E+00 6.317E-03
  3.048825E+00 6.419E-03
  3.048858E+00 7.038E-03
  3.048890E+00 8.179E-03
  3.048906E+00 9.013E-03
  3.048922E+00 1.010E-02
  3.048938E+00 1.156E-02
  3.048953E+00 1.357E-02
  3.048969E+00 1.646E-02
  3.048985E+00 2.087E-02
  3.049001E+00 2.810E-02
  3.049017E+00 4.130E-02
  3.049033E+00 6.971E-02
  3.049048E+00 1.509E-01
  3.049064E+00 5.936E-01
  3.049080E+00 2.416E+02
  3.049096E+00 5.587E-01
  3.049111E+00 1.462E-01
  3.049127E+00 6.887E-02
  3.049142E+00 4.188E-02
  3.049158E+00 2.955E-02
  3.049173E+00 2.303E-02
  3.049189E+00 1.928E-02
  3.049204E+00 1.702E-02
  3.049220E+00 1.566E-02
  3.049235E+00 1.487E-02
  3.049251E+00 1.449E-02
  3.049281E+00 1.459E-02
  3.049312E+00 1.558E-02
  3.049343E+00 1.743E-02
  3.049373E+00 2.030E-02
  3.049403E+00 2.464E-02
  3.049434E+00 3.135E-02
  3.049449E+00 3.611E-02
  3.049464E+00 4.230E-02
  3.049479E+00 5.054E-02
  3.049494E+00 6.188E-02
  3.049509E+00 7.809E-02
  3.049524E+00 1.025E-01
  3.049538E+00 1.418E-01
  3.049553E+00 2.116E-01
  3.049568E+00 3.546E-01
  3.049583E+00 7.289E-01
  3.049598E+00 2.367E+00
  3.049613E+00 7.066E+01
  3.049627E+00 5.230E+00
  3.049642E+00 1.000E+00
  3.049657E+00 4.022E-01
  3.049671E+00 2.127E-01
  3.049686E+00 1.300E-01
  3.049701E+00 8.689E-02
  3.049715E+00 6.173E-02
  3.049730E+00 4.586E-02
  3.049744E+00 3.525E-02
  3.049759E+00 2.784E-02
  3.049774E+00 2.249E-02
  3.049788E+00 1.851E-02
  3.049802E+00 1.549E-02
  3.049817E+00 1.316E-02
  3.049831E+00 1.134E-02
  3.049846E+00 9.905E-03
  3.049860E+00 8.766E-03
  3.049874E+00 7.867E-03
  3.049903E+00 6.642E-03
  3.049917E+00 6.280E-03
  3.049931E+00 6.086E-03
  3.049946E+00 6.089E-03
  3.049960E+00 6.362E-03
  3.049974E+00 7.075E-03
  3.049988E+00 8.671E-03
  3.050002E+00 1.259E-02
  3.050016E+00 2.627E-02
  3.050030E+00 2.064E-01
  3.050045E+00 8.725E-02
  3.050059E+00 8.237E-03
  3.050073E+00 2.259E-03
  3.050087E+00 8.961E-04
  3.050100E+00 4.463E-04
  3.050114E+00 2.668E-04
  3.050128E+00 1.862E-04
  3.050142E+00 1.470E-04
  3.050156E+00 1.267E-04
  3.050170E+00 1.160E-04
  3.050184E+00 1.104E-04
  3.050197E+00 1.080E-04
  3.050225E+00 1.096E-04
  3.050239E+00 1.131E-04
  3.050266E+00 1.268E-04
  3.050280E+00 1.385E-04
  3.050293E+00 1.557E-04
  3.050307E+00 1.821E-04
  3.050321E+00 2.260E-04
  3.050334E+00 3.084E-04
  3.050348E+00 4.985E-04
  3.050361E+00 1.154E-03
  3.050375E+00 9.368E-03
  3.050388E+00 5.972E-03
  3.050402E+00 5.958E-04
  3.050415E+00 1.899E-04
  3.050428E+00 1.579E-04
  3.050442E+00 6.173E-04
  3.050455E+00 1.389E-02
  3.050469E+00 9.902E-03
  3.050482E+00 2.189E-03
  3.050495E+00 1.215E-03
  3.050508E+00 8.874E-04
  3.050522E+00 7.348E-04
  3.050535E+00 6.521E-04
  3.050548E+00 6.037E-04
  3.050561E+00 5.746E-04
  3.050588E+00 5.479E-04
  3.050627E+00 5.468E-04
  3.050692E+00 5.885E-04
  3.050795E+00 7.023E-04
  3.050935E+00 9.095E-04
  3.051084E+00 1.199E-03
  3.051206E+00 1.509E-03
  3.051327E+00 1.913E-03
  3.051433E+00 2.325E-03
  3.051468E+00 2.373E-03
  3.051480E+00 2.470E-03
  3.051492E+00 4.136E-03
  3.051504E+00 2.692E-01
  3.051515E+00 1.187E-02
  3.051527E+00 7.137E-03
  3.051538E+00 6.118E-03
  3.051550E+00 5.836E-03
  3.051562E+00 5.835E-03
  3.051585E+00 6.270E-03
  3.051608E+00 7.178E-03
  3.051631E+00 8.730E-03
  3.051642E+00 9.901E-03
  3.051654E+00 1.150E-02
  3.051665E+00 1.378E-02
  3.051676E+00 1.719E-02
  3.051688E+00 2.267E-02
  3.051699E+00 3.235E-02
  3.051710E+00 5.215E-02
  3.051722E+00 1.037E-01
  3.051733E+00 3.255E-01
  3.051744E+00 8.027E+00
  3.051756E+00 8.648E-01
  3.051767E+00 1.649E-01
  3.051778E+00 7.031E-02
  3.051789E+00 4.071E-02
  3.051801E+00 2.791E-02
  3.051812E+00 2.136E-02
  3.051823E+00 1.767E-02
  3.051834E+00 1.547E-02
  3.051845E+00 1.416E-02
  3.051856E+00 1.340E-02
  3.051867E+00 1.303E-02
  3.051890E+00 1.308E-02
  3.051912E+00 1.396E-02
  3.051934E+00 1.560E-02
  3.051956E+00 1.816E-02
  3.051967E+00 1.989E-02
  3.051988E+00 2.467E-02
  3.051999E+00 2.798E-02
  3.052010E+00 3.220E-02
  3.052021E+00 3.767E-02
  3.052032E+00 4.494E-02
  3.052043E+00 5.491E-02
  3.052053E+00 6.911E-02
  3.052064E+00 9.037E-02
  3.052075E+00 1.244E-01
  3.052086E+00 1.841E-01
  3.052097E+00 3.044E-01
  3.052107E+00 6.101E-01
  3.052118E+00 1.854E+00
  3.052129E+00 3.194E+01
  3.052139E+00 6.142E+00
  3.052150E+00 1.017E+00
  3.052161E+00 3.932E-01
  3.052171E+00 2.043E-01
  3.052182E+00 1.236E-01
  3.052193E+00 8.210E-02
  3.052203E+00 5.808E-02
  3.052214E+00 4.302E-02
  3.052224E+00 3.299E-02
  3.052235E+00 2.602E-02
  3.052245E+00 2.100E-02
  3.052256E+00 1.727E-02
  3.052266E+00 1.445E-02
  3.052277E+00 1.228E-02
  3.052287E+00 1.058E-02
  3.052308E+00 8.192E-03
  3.052318E+00 7.360E-03
  3.052339E+00 6.237E-03
  3.052350E+00 5.913E-03
  3.052360E+00 5.752E-03
  3.052370E+00 5.784E-03
  3.052381E+00 6.087E-03
  3.052391E+00 6.845E-03
  3.052401E+00 8.545E-03
  3.052411E+00 1.286E-02
  3.052422E+00 2.940E-02
  3.052432E+00 4.352E-01
  3.052442E+00 4.815E-02
  3.052452E+00 6.046E-03
  3.052462E+00 1.771E-03
  3.052473E+00 7.230E-04
  3.052483E+00 3.669E-04
  3.052493E+00 2.230E-04
  3.052503E+00 1.582E-04
  3.052513E+00 1.268E-04
  3.052523E+00 1.108E-04
  3.052533E+00 1.025E-04
  3.052543E+00 9.837E-05
  3.052563E+00 9.733E-05
  3.052582E+00 1.027E-04
  3.055942E+00 7.911E-01
  3.059272E+00 6.902E-01
  3.062572E+00 6.218E-01
  3.062582E+00 8.175E-01
  3.066700E+00 7.206E-01
  3.074799E+00 5.730E-01
  3.082721E+00 4.667E-01
  3.090471E+00 3.871E-01
  3.101785E+00 3.006E-01
  3.112738E+00 2.397E-01
  3.123347E+00 1.956E-01
  3.133625E+00 1.630E-01
  3.146838E+00 1.316E-01
  3.159518E+00 1.095E-01
  3.174661E+00 8.995E-02
  3.191863E+00 7.390E-02
  3.213284E+00 5.970E-02
  3.237865E+00 4.839E-02
  3.264516E+00 4.002E-02
  3.290345E+00 3.475E-02
  3.313444E+00 3.227E-02
  3.329591E+00 3.248E-02
  3.338670E+00 3.435E-02
  3.344487E+00 3.743E-02
  3.348732E+00 4.216E-02
  3.351507E+00 4.798E-02
  3.352878E+00 5.244E-02
  3.354239E+00 5.866E-02
  3.355589E+00 6.761E-02
  3.356929E+00 8.094E-02
  3.358259E+00 1.011E-01
  3.359579E+00 1.306E-01
  3.360889E+00 1.646E-01
  3.362188E+00 1.782E-01
  3.363478E+00 1.514E-01
  3.364759E+00 1.107E-01
  3.366029E+00 8.020E-02
  3.367290E+00 6.147E-02
  3.368542E+00 5.031E-02
  3.369784E+00 4.353E-02
  3.371017E+00 3.929E-02
  3.372241E+00 3.660E-02
  3.374662E+00 3.376E-02
  3.378226E+00 3.263E-02
  3.382858E+00 3.384E-02
  3.386245E+00 3.629E-02
  3.389559E+00 4.071E-02
  3.391729E+00 4.583E-02
  3.392802E+00 4.967E-02
  3.393868E+00 5.505E-02
  3.394926E+00 6.305E-02
  3.395977E+00 7.611E-02
  3.397021E+00 1.004E-01
  3.398057E+00 1.567E-01
  3.399085E+00 3.569E-01
  3.400107E+00 3.296E+00
  3.401122E+00 1.455E+00
  3.402129E+00 1.997E-01
  3.403129E+00 8.613E-02
  3.404123E+00 5.681E-02
  3.405109E+00 4.630E-02
  3.406089E+00 4.211E-02
  3.407062E+00 4.060E-02
  3.408988E+00 4.104E-02
  3.411829E+00 4.539E-02
  3.414611E+00 5.250E-02
  3.417338E+00 6.278E-02
  3.419126E+00 7.222E-02
  3.420889E+00 8.478E-02
  3.422630E+00 1.021E-01
  3.423491E+00 1.133E-01
  3.424347E+00 1.269E-01
  3.425197E+00 1.437E-01
  3.426042E+00 1.645E-01
  3.426881E+00 1.911E-01
  3.427715E+00 2.255E-01
  3.428543E+00 2.710E-01
  3.429366E+00 3.327E-01
  3.430183E+00 4.185E-01
  3.430996E+00 5.402E-01
  3.431803E+00 7.147E-01
  3.432604E+00 9.593E-01
  3.433401E+00 1.266E+00
  3.434192E+00 1.541E+00
  3.434979E+00 1.597E+00
  3.435760E+00 1.379E+00
  3.436536E+00 1.058E+00
  3.437308E+00 7.812E-01
  3.438074E+00 5.818E-01
  3.438836E+00 4.464E-01
  3.439593E+00 3.551E-01
  3.440345E+00 2.933E-01
  3.441092E+00 2.514E-01
  3.441835E+00 2.237E-01
  3.442572E+00 2.064E-01
  3.443306E+00 1.975E-01
  3.444034E+00 1.962E-01
  3.444759E+00 2.025E-01
  3.445478E+00 2.175E-01
  3.446193E+00 2.435E-01
  3.446904E+00 2.852E-01
  3.447611E+00 3.507E-01
  3.448313E+00 4.548E-01
  3.449010E+00 6.225E-01
  3.449704E+00 8.878E-01
  3.450393E+00 1.242E+00
  3.451078E+00 1.469E+00
  3.451758E+00 1.276E+00
  3.452435E+00 8.801E-01
  3.453107E+00 5.697E-01
  3.453776E+00 3.773E-01
  3.454440E+00 2.613E-01
  3.455100E+00 1.892E-01
  3.455757E+00 1.424E-01
  3.456409E+00 1.107E-01
  3.457057E+00 8.851E-02
  3.457702E+00 7.239E-02
  3.458343E+00 6.038E-02
  3.458979E+00 5.122E-02
  3.459612E+00 4.410E-02
  3.460242E+00 3.847E-02
  3.460867E+00 3.394E-02
  3.461489E+00 3.026E-02
  3.462722E+00 2.473E-02
  3.463940E+00 2.085E-02
  3.465144E+00 1.805E-02
  3.466923E+00 1.518E-02
  3.468672E+00 1.333E-02
  3.470957E+00 1.185E-02
  3.473740E+00 1.097E-02
  3.476976E+00 1.083E-02
  3.480106E+00 1.144E-02
  3.483132E+00 1.273E-02
  3.486059E+00 1.487E-02
  3.488427E+00 1.753E-02
  3.490276E+00 2.051E-02
  3.492085E+00 2.461E-02
  3.493417E+00 2.876E-02
  3.494728E+00 3.426E-02
  3.496018E+00 4.175E-02
  3.497288E+00 5.228E-02
  3.498124E+00 6.184E-02
  3.498951E+00 7.442E-02
  3.499770E+00 9.140E-02
  3.500176E+00 1.022E-01
  3.500580E+00 1.150E-01
  3.500982E+00 1.303E-01
  3.501382E+00 1.489E-01
  3.501780E+00 1.715E-01
  3.502176E+00 1.995E-01
  3.502570E+00 2.345E-01
  3.502962E+00 2.786E-01
  3.503352E+00 3.350E-01
  3.503740E+00 4.075E-01
  3.504126E+00 5.009E-01
  3.504510E+00 6.202E-01
  3.504892E+00 7.699E-01
  3.505272E+00 9.783E-01
  3.505650E+00 3.665E+00
  3.506026E+00 3.217E+00
  3.506401E+00 2.077E+00
  3.507144E+00 1.471E+00
  3.507513E+00 1.194E+00
  3.507880E+00 9.581E-01
  3.508245E+00 7.707E-01
  3.508608E+00 6.272E-01
  3.508970E+00 5.184E-01
  3.509330E+00 4.362E-01
  3.509688E+00 3.738E-01
  3.510044E+00 3.265E-01
  3.510399E+00 2.910E-01
  3.510751E+00 2.656E-01
  3.511102E+00 2.497E-01
  3.511452E+00 2.450E-01
  3.511799E+00 2.580E-01
  3.512145E+00 3.120E-01
  3.512489E+00 5.245E-01
  3.512832E+00 2.711E+00
  3.513173E+00 3.753E+00
  3.513512E+00 3.997E-01
  3.513850E+00 1.861E-01
  3.514186E+00 1.307E-01
  3.514520E+00 1.079E-01
  3.514853E+00 9.579E-02
  3.515184E+00 8.838E-02
  3.515841E+00 7.991E-02
  3.516816E+00 7.445E-02
  3.517776E+00 7.391E-02
  3.518724E+00 7.769E-02
  3.519657E+00 8.715E-02
  3.520272E+00 9.846E-02
  3.520578E+00 1.065E-01
  3.520882E+00 1.168E-01
  3.521184E+00 1.303E-01
  3.521486E+00 1.484E-01
  3.521785E+00 1.732E-01
  3.522084E+00 2.086E-01
  3.522381E+00 2.616E-01
  3.522676E+00 3.465E-01
  3.522971E+00 4.953E-01
  3.523263E+00 7.950E-01
  3.523555E+00 1.552E+00
  3.523845E+00 4.579E+00
  3.524134E+00 6.832E+01
  3.524422E+00 1.780E+01
  3.524708E+00 2.866E+00
  3.524993E+00 1.139E+00
  3.525276E+00 6.226E-01
  3.525559E+00 4.030E-01
  3.525840E+00 2.906E-01
  3.526120E+00 2.263E-01
  3.526398E+00 1.865E-01
  3.526675E+00 1.607E-01
  3.526951E+00 1.434E-01
  3.527226E+00 1.317E-01
  3.527499E+00 1.238E-01
  3.528043E+00 1.161E-01
  3.528313E+00 1.163E-01
  3.528581E+00 1.236E-01
  3.528849E+00 1.911E-01
  3.529115E+00 3.013E+00
  3.529380E+00 2.019E-01
  3.529644E+00 1.548E-01
  3.529906E+00 1.464E-01
  3.530168E+00 1.461E-01
  3.530687E+00 1.540E-01
  3.531458E+00 1.768E-01
  3.532218E+00 2.111E-01
  3.532969E+00 2.602E-01
  3.533464E+00 3.043E-01
  3.533955E+00 3.610E-01
  3.534441E+00 4.351E-01
  3.534923E+00 5.339E-01
  3.535401E+00 6.691E-01
  3.535639E+00 7.558E-01
  3.535875E+00 8.596E-01
  3.536110E+00 9.851E-01
  3.536345E+00 1.139E+00
  3.536578E+00 1.328E+00
  3.536811E+00 1.566E+00
  3.537042E+00 1.870E+00
  3.537273E+00 2.262E+00
  3.537502E+00 2.781E+00
  3.537730E+00 3.479E+00
  3.537958E+00 4.440E+00
  3.538185E+00 5.789E+00
  3.538410E+00 7.711E+00
  3.538635E+00 1.043E+01
  3.538858E+00 1.411E+01
  3.539081E+00 1.835E+01
  3.539303E+00 2.157E+01
  3.539524E+00 2.167E+01
  3.539744E+00 1.873E+01
  3.539963E+00 1.479E+01
  3.540181E+00 1.132E+01
  3.540398E+00 8.711E+00
  3.540614E+00 6.839E+00
  3.540830E+00 5.508E+00
  3.541044E+00 4.555E+00
  3.541258E+00 3.867E+00
  3.541471E+00 3.371E+00
  3.541683E+00 3.020E+00
  3.541893E+00 2.786E+00
  3.542104E+00 2.657E+00
  3.542313E+00 2.642E+00
  3.542521E+00 2.781E+00
  3.542729E+00 3.221E+00
  3.542935E+00 4.636E+00
  3.543141E+00 1.234E+01
  3.543346E+00 9.739E+00
  3.543550E+00 6.380E+00
  3.543753E+00 7.813E+00
  3.543956E+00 1.194E+01
  3.544158E+00 1.978E+01
  3.544358E+00 2.663E+01
  3.544558E+00 2.103E+01
  3.544757E+00 1.244E+01
  3.544956E+00 7.450E+00
  3.545153E+00 4.837E+00
  3.545350E+00 3.382E+00
  3.545546E+00 2.501E+00
  3.545741E+00 1.927E+00
  3.545936E+00 1.524E+00
  3.546129E+00 1.218E+00
  3.546706E+00 4.606E-01
  3.546896E+00 8.180E+00
  3.547086E+00 1.734E+00
  3.547275E+00 1.173E+00
  3.547463E+00 9.593E-01
  3.547651E+00 8.362E-01
  3.547837E+00 7.517E-01
  3.548209E+00 6.379E-01
  3.548577E+00 5.621E-01
  3.549124E+00 4.848E-01
  3.549844E+00 4.190E-01
  3.550727E+00 3.695E-01
  3.551765E+00 3.387E-01
  3.552779E+00 3.306E-01
  3.553607E+00 3.415E-01
  3.554258E+00 3.670E-01
  3.554739E+00 4.032E-01
  3.555057E+00 4.422E-01
  3.555373E+00 5.034E-01
  3.555530E+00 5.482E-01
  3.555686E+00 6.086E-01
  3.555842E+00 6.934E-01
  3.555997E+00 8.188E-01
  3.556152E+00 1.017E+00
  3.556306E+00 1.362E+00
  3.556459E+00 2.047E+00
  3.556612E+00 3.739E+00
  3.556765E+00 1.009E+01
  3.556916E+00 9.572E+01
  3.557068E+00 6.661E+01
  3.557218E+00 9.583E+00
  3.557368E+00 3.986E+00
  3.557518E+00 2.381E+00
  3.557667E+00 1.721E+00
  3.557815E+00 1.412E+00
  3.557963E+00 1.296E+00
  3.558110E+00 1.384E+00
  3.558257E+00 1.898E+00
  3.558403E+00 3.718E+00
  3.558549E+00 1.021E+01
  3.558694E+00 2.847E+01
  3.558839E+00 3.853E+01
  3.558983E+00 3.059E+01
  3.559127E+00 2.428E+01
  3.559270E+00 2.064E+01
  3.559837E+00 1.097E+01
  3.559978E+00 8.922E+00
  3.560118E+00 7.328E+00
  3.560257E+00 6.257E+00
  3.560396E+00 5.834E+00
  3.560535E+00 6.657E+00
  3.560673E+00 1.324E+01
  3.560810E+00 7.175E+02
  3.560947E+00 1.325E+01
  3.561084E+00 3.478E+00
  3.561220E+00 1.895E+00
  3.561355E+00 1.322E+00
  3.561490E+00 1.027E+00
  3.561625E+00 8.426E-01
  3.561759E+00 7.149E-01
  3.561892E+00 6.209E-01
  3.562026E+00 5.539E-01
  3.562158E+00 1.190E+02
  3.562291E+00 4.568E-01
  3.562422E+00 4.059E-01
  3.562684E+00 3.416E-01
  3.562945E+00 2.970E-01
  3.563332E+00 2.517E-01
  3.563714E+00 2.236E-01
  3.564093E+00 2.084E-01
  3.564344E+00 2.061E-01
  3.564592E+00 2.147E-01
  3.564716E+00 2.273E-01
  3.564839E+00 2.521E-01
  3.564962E+00 3.047E-01
  3.565085E+00 4.353E-01
  3.565207E+00 8.918E-01
  3.565328E+00 4.989E+00
  3.565449E+00 2.320E+01
  3.565570E+00 1.745E+00
  3.565690E+00 7.676E-01
  3.565810E+00 5.270E-01
  3.565930E+00 4.449E-01
  3.566049E+00 4.301E-01
  3.566167E+00 4.788E-01
  3.566286E+00 6.813E-01
  3.566404E+00 1.893E+00
  3.566521E+00 3.591E+02
  3.566638E+00 1.453E+00
  3.566755E+00 5.614E-01
  3.566871E+00 3.944E-01
  3.566987E+00 3.402E-01
  3.567102E+00 3.201E-01
  3.567218E+00 3.146E-01
  3.567447E+00 3.252E-01
  3.567674E+00 3.553E-01
  3.567900E+00 4.071E-01
  3.568012E+00 4.448E-01
  3.568124E+00 4.948E-01
  3.568236E+00 5.631E-01
  3.568347E+00 6.609E-01
  3.568458E+00 8.103E-01
  3.568569E+00 1.060E+00
  3.568679E+00 1.540E+00
  3.568789E+00 2.681E+00
  3.568898E+00 6.822E+00
  3.569007E+00 6.110E+01
  3.569116E+00 4.113E+01
  3.569224E+00 5.698E+00
  3.569332E+00 2.392E+00
  3.569440E+00 1.494E+00
  3.569547E+00 1.156E+00
  3.569654E+00 1.018E+00
  3.569761E+00 9.759E-01
  3.569867E+00 9.888E-01
  3.569973E+00 1.042E+00
  3.570078E+00 1.131E+00
  3.570184E+00 1.257E+00
  3.570288E+00 1.426E+00
  3.570393E+00 1.649E+00
  3.570497E+00 1.943E+00
  3.570601E+00 2.334E+00
  3.570704E+00 2.859E+00
  3.570808E+00 3.566E+00
  3.570910E+00 4.518E+00
  3.571013E+00 5.758E+00
  3.571217E+00 8.603E+00
  3.571318E+00 9.264E+00
  3.571419E+00 8.794E+00
  3.571621E+00 6.271E+00
  3.571721E+00 5.642E+00
  3.571821E+00 6.807E+00
  3.571920E+00 9.904E+00
  3.572019E+00 5.549E+00
  3.572118E+00 3.186E+00
  3.572217E+00 2.415E+00
  3.572315E+00 2.295E+00
  3.572413E+00 2.881E+00
  3.572511E+00 5.593E+00
  3.572608E+00 2.292E+01
  3.572705E+00 3.295E+01
  3.572802E+00 7.399E+00
  3.572898E+00 3.186E+00
  3.572994E+00 1.885E+00
  3.573090E+00 1.306E+00
  3.573185E+00 9.915E-01
  3.573280E+00 7.965E-01
  3.573375E+00 6.653E-01
  3.573470E+00 5.716E-01
  3.573564E+00 5.018E-01
  3.573658E+00 4.484E-01
  3.573752E+00 4.067E-01
  3.573938E+00 3.479E-01
  3.574123E+00 3.121E-01
  3.574307E+00 2.945E-01
  3.574490E+00 2.949E-01
  3.574581E+00 3.033E-01
  3.574672E+00 3.193E-01
  3.574763E+00 3.500E-01
  3.574853E+00 4.057E-01
  3.574943E+00 4.950E-01
  3.575032E+00 6.546E-01
  3.575122E+00 9.866E-01
  3.575211E+00 1.877E+00
  3.575300E+00 5.986E+00
  3.575388E+00 5.087E+01
  3.575476E+00 4.895E+00
  3.575564E+00 1.215E+00
  3.575652E+00 5.149E-01
  3.575739E+00 2.802E-01
  3.575827E+00 1.770E-01
  3.575914E+00 1.238E-01
  3.576000E+00 9.318E-02
  3.576087E+00 7.415E-02
  3.576173E+00 6.158E-02
  3.576258E+00 5.285E-02
  3.576344E+00 4.655E-02
  3.576429E+00 4.183E-02
  3.576599E+00 3.533E-02
  3.576768E+00 3.111E-02
  3.577019E+00 2.702E-02
  3.577351E+00 2.375E-02
  3.577759E+00 2.157E-02
  3.578162E+00 2.093E-02
  3.578480E+00 2.167E-02
  3.578716E+00 2.333E-02
  3.578950E+00 2.666E-02
  3.579104E+00 3.052E-02
  3.579181E+00 3.326E-02
  3.579258E+00 3.676E-02
  3.579335E+00 4.133E-02
  3.579411E+00 4.737E-02
  3.579487E+00 5.552E-02
  3.579563E+00 6.679E-02
  3.579639E+00 8.302E-02
  3.579714E+00 1.207E-01
  3.579789E+00 1.420E-01
  3.579864E+00 1.819E-01
  3.580013E+00 2.939E-01
  3.580088E+00 3.423E-01
  3.580162E+00 7.178E+00
  3.580236E+00 3.228E-01
  3.580309E+00 2.564E-01
  3.580383E+00 2.265E-01
  3.580456E+00 2.136E-01
  3.580529E+00 2.162E-01
  3.580602E+00 2.364E-01
  3.580675E+00 2.804E-01
  3.580747E+00 3.567E-01
  3.580819E+00 4.593E-01
  3.580891E+00 5.151E-01
  3.580963E+00 4.314E-01
  3.581035E+00 2.898E-01
  3.581106E+00 1.857E-01
  3.581177E+00 1.238E-01
  3.581248E+00 8.760E-02
  3.581319E+00 6.555E-02
  3.581389E+00 5.143E-02
  3.581460E+00 4.193E-02
  3.581530E+00 3.527E-02
  3.581600E+00 3.041E-02
  3.581670E+00 2.673E-02
  3.581739E+00 2.385E-02
  3.581808E+00 2.154E-02
  3.581878E+00 1.972E-02
  3.581946E+00 1.924E-02
  3.582015E+00 4.699E-02
  3.582084E+00 9.620E-02
  3.582152E+00 3.092E-02
  3.582220E+00 2.376E-02
  3.582288E+00 2.110E-02
  3.582356E+00 1.971E-02
  3.582491E+00 1.846E-02
  3.582558E+00 1.836E-02
  3.582625E+00 1.871E-02
  3.582692E+00 1.981E-02
  3.582759E+00 2.264E-02
  3.582825E+00 3.053E-02
  3.582891E+00 6.118E-02
  3.582958E+00 3.984E-01
  3.583023E+00 1.042E+00
  3.583089E+00 1.162E-01
  3.583155E+00 5.672E-02
  3.583220E+00 4.029E-02
  3.583285E+00 3.342E-02
  3.583350E+00 2.994E-02
  3.583415E+00 2.801E-02
  3.583544E+00 2.630E-02
  3.583736E+00 2.616E-02
  3.583990E+00 2.821E-02
  3.584241E+00 3.226E-02
  3.584427E+00 3.698E-02
  3.584612E+00 4.385E-02
  3.584735E+00 5.025E-02
  3.584857E+00 5.892E-02
  3.584978E+00 7.123E-02
  3.585038E+00 7.952E-02
  3.585098E+00 8.994E-02
  3.585158E+00 1.034E-01
  3.585218E+00 1.215E-01
  3.585277E+00 1.471E-01
  3.585337E+00 1.853E-01
  3.585396E+00 2.479E-01
  3.585455E+00 3.642E-01
  3.585514E+00 6.278E-01
  3.585573E+00 1.488E+00
  3.585632E+00 8.691E+00
  3.585691E+00 2.328E+01
  3.585749E+00 2.149E+00
  3.585807E+00 8.348E-01
  3.585865E+00 5.171E-01
  3.585923E+00 4.109E-01
  3.585981E+00 3.809E-01
  3.586038E+00 3.903E-01
  3.586096E+00 4.284E-01
  3.586153E+00 4.942E-01
  3.586210E+00 5.920E-01
  3.586267E+00 7.302E-01
  3.586324E+00 9.190E-01
  3.586381E+00 1.163E+00
  3.586437E+00 1.444E+00
  3.586494E+00 1.691E+00
  3.586550E+00 1.789E+00
  3.586606E+00 1.679E+00
  3.586717E+00 1.179E+00
  3.586773E+00 1.013E+00
  3.586884E+00 1.173E+00
  3.586939E+00 7.111E-01
  3.586994E+00 4.984E-01
  3.587049E+00 4.075E-01
  3.587104E+00 3.739E-01
  3.587158E+00 3.917E-01
  3.587213E+00 4.942E-01
  3.587267E+00 8.184E-01
  3.587321E+00 2.059E+00
  3.587375E+00 1.029E+01
  3.587429E+00 9.248E+00
  3.587483E+00 2.395E+00
  3.587537E+00 1.108E+00
  3.587590E+00 6.796E-01
  3.587643E+00 4.835E-01
  3.587696E+00 3.761E-01
  3.587750E+00 3.104E-01
  3.587802E+00 2.672E-01
  3.587855E+00 2.376E-01
  3.587908E+00 2.170E-01
  3.587960E+00 2.027E-01
  3.588013E+00 1.935E-01
  3.588065E+00 1.885E-01
  3.588117E+00 1.878E-01
  3.588169E+00 1.916E-01
  3.588221E+00 2.010E-01
  3.588272E+00 2.182E-01
  3.588324E+00 2.475E-01
  3.588375E+00 2.979E-01
  3.588427E+00 3.903E-01
  3.588478E+00 5.824E-01
  3.588529E+00 1.116E+00
  3.588580E+00 3.899E+00
  3.588630E+00 2.780E+01
  3.588681E+00 1.936E+00
  3.588732E+00 5.002E-01
  3.588782E+00 2.116E-01
  3.588832E+00 1.139E-01
  3.588882E+00 7.131E-02
  3.588932E+00 4.978E-02
  3.588982E+00 3.774E-02
  3.589032E+00 3.049E-02
  3.589081E+00 2.587E-02
  3.589131E+00 2.280E-02
  3.589180E+00 2.067E-02
  3.589229E+00 1.916E-02
  3.589327E+00 1.725E-02
  3.589425E+00 1.624E-02
  3.589522E+00 1.595E-02
  3.589570E+00 1.616E-02
  3.589619E+00 1.683E-02
  3.589667E+00 1.841E-02
  3.589715E+00 2.238E-02
  3.589763E+00 3.480E-02
  3.589810E+00 1.056E-01
  3.589858E+00 1.466E+01
  3.589905E+00 1.342E-01
  3.589953E+00 4.687E-02
  3.590000E+00 2.993E-02
  3.590047E+00 2.373E-02
  3.590094E+00 2.077E-02
  3.590141E+00 1.912E-02
  3.590188E+00 1.813E-02
  3.590281E+00 1.713E-02
  3.590420E+00 1.686E-02
  3.590558E+00 1.749E-02
  3.590695E+00 1.910E-02
  3.590786E+00 2.107E-02
  3.590831E+00 2.254E-02
  3.590876E+00 2.456E-02
  3.590921E+00 2.757E-02
  3.590966E+00 3.267E-02
  3.591010E+00 4.381E-02
  3.591055E+00 8.663E-02
  3.591099E+00 1.903E+00
  3.591144E+00 1.172E-01
  3.591188E+00 5.114E-02
  3.591232E+00 4.663E-02
  3.591276E+00 5.094E-02
  3.591320E+00 5.964E-02
  3.591364E+00 7.281E-02
  3.591408E+00 9.189E-02
  3.591452E+00 1.192E-01
  3.591495E+00 1.568E-01
  3.591582E+00 2.483E-01
  3.591625E+00 2.675E-01
  3.591668E+00 2.499E-01
  3.591754E+00 1.718E-01
  3.591797E+00 1.413E-01
  3.591840E+00 1.212E-01
  3.591882E+00 1.157E-01
  3.591925E+00 9.329E+00
  3.591967E+00 1.111E-01
  3.592009E+00 1.055E-01
  3.592052E+00 1.162E-01
  3.592094E+00 1.402E-01
  3.592136E+00 1.837E-01
  3.592178E+00 2.500E-01
  3.592219E+00 3.006E-01
  3.592261E+00 2.555E-01
  3.592303E+00 1.634E-01
  3.592344E+00 9.903E-02
  3.592385E+00 6.341E-02
  3.592427E+00 4.370E-02
  3.592468E+00 3.218E-02
  3.592509E+00 2.503E-02
  3.592550E+00 2.037E-02
  3.592591E+00 1.723E-02
  3.592632E+00 1.514E-02
  3.592672E+00 1.400E-02
  3.592713E+00 1.421E-02
  3.592753E+00 1.828E-02
  3.592794E+00 4.699E-02
  3.592834E+00 1.244E+01
  3.592874E+00 2.327E-01
  3.592914E+00 2.118E-01
  3.592954E+00 4.641E-02
  3.592994E+00 2.817E-02
  3.593034E+00 2.171E-02
  3.593074E+00 1.848E-02
  3.593113E+00 1.657E-02
  3.593153E+00 1.533E-02
  3.593232E+00 1.388E-02
  3.593349E+00 1.295E-02
  3.593466E+00 1.281E-02
  3.593582E+00 1.329E-02
  3.593659E+00 1.413E-02
  3.593697E+00 1.487E-02
  3.593735E+00 1.610E-02
  3.593773E+00 1.843E-02
  3.593811E+00 2.425E-02
  3.593849E+00 4.974E-02
  3.593887E+00 1.543E+00
  3.593925E+00 8.683E-02
  3.593962E+00 3.039E-02
  3.594000E+00 2.243E-02
  3.594037E+00 2.031E-02
  3.594075E+00 1.982E-02
  3.594149E+00 2.058E-02
  3.594223E+00 2.249E-02
  3.594297E+00 2.530E-02
  3.594370E+00 2.922E-02
  3.594443E+00 3.472E-02
  3.594480E+00 3.833E-02
  3.594516E+00 4.273E-02
  3.594553E+00 4.820E-02
  3.594589E+00 5.513E-02
  3.594625E+00 6.417E-02
  3.594661E+00 7.635E-02
  3.594697E+00 9.350E-02
  3.594733E+00 1.191E-01
  3.594768E+00 1.603E-01
  3.594804E+00 2.345E-01
  3.594840E+00 3.931E-01
  3.594875E+00 8.478E-01
  3.594911E+00 3.355E+00
  3.594946E+00 6.146E+01
  3.594981E+00 2.782E+00
  3.595016E+00 8.555E-01
  3.595052E+00 4.738E-01
  3.595087E+00 3.522E-01
  3.595122E+00 3.148E-01
  3.595156E+00 3.186E-01
  3.595191E+00 3.513E-01
  3.595226E+00 4.114E-01
  3.595261E+00 5.010E-01
  3.595295E+00 6.208E-01
  3.595364E+00 8.795E-01
  3.595398E+00 9.233E-01
  3.595433E+00 8.622E-01
  3.595501E+00 5.885E-01
  3.595535E+00 4.700E-01
  3.595603E+00 3.283E-01
  3.595637E+00 2.525E-01
  3.595670E+00 2.067E-01
  3.595704E+00 1.780E-01
  3.595737E+00 1.623E-01
  3.595771E+00 1.607E-01
  3.595804E+00 1.806E-01
  3.595838E+00 2.459E-01
  3.595871E+00 4.428E-01
  3.595904E+00 1.222E+00
  3.595937E+00 6.696E+00
  3.595970E+00 5.032E+00
  3.596003E+00 1.387E+00
  3.596036E+00 6.714E-01
  3.596069E+00 4.249E-01
  3.596102E+00 3.103E-01
  3.596134E+00 2.473E-01
  3.596167E+00 2.090E-01
  3.596199E+00 1.844E-01
  3.596232E+00 1.683E-01
  3.596264E+00 1.582E-01
  3.596297E+00 1.528E-01
  3.596329E+00 1.515E-01
  3.596361E+00 1.546E-01
  3.596393E+00 1.630E-01
  3.596425E+00 1.787E-01
  3.596457E+00 2.063E-01
  3.596489E+00 2.559E-01
  3.596521E+00 3.537E-01
  3.596553E+00 5.861E-01
  3.596584E+00 1.395E+00
  3.596616E+00 9.602E+00
  3.596647E+00 4.168E+00
  3.596679E+00 6.297E-01
  3.596710E+00 2.166E-01
  3.596742E+00 1.037E-01
  3.596773E+00 6.013E-02
  3.596804E+00 3.978E-02
  3.596835E+00 2.909E-02
  3.596866E+00 2.299E-02
  3.596897E+00 1.930E-02
  3.596928E+00 1.696E-02
  3.596959E+00 1.545E-02
  3.596990E+00 1.446E-02
  3.597051E+00 1.350E-02
  3.597082E+00 1.344E-02
  3.597112E+00 1.371E-02
  3.597143E+00 1.447E-02
  3.597173E+00 1.615E-02
  3.597203E+00 1.989E-02
  3.597234E+00 2.956E-02
  3.597264E+00 6.446E-02
  3.597294E+00 3.928E-01
  3.597324E+00 1.376E+00
  3.597354E+00 1.221E-01
  3.597384E+00 5.203E-02
  3.597414E+00 3.342E-02
  3.597444E+00 2.571E-02
  3.597473E+00 2.174E-02
  3.597503E+00 1.942E-02
  3.597533E+00 1.795E-02
  3.597592E+00 1.630E-02
  3.597680E+00 1.537E-02
  3.597767E+00 1.539E-02
  3.597854E+00 1.620E-02
  3.597912E+00 1.734E-02
  3.597969E+00 1.936E-02
  3.597998E+00 2.097E-02
  3.598026E+00 2.336E-02
  3.598055E+00 2.722E-02
  3.598083E+00 3.443E-02
  3.598112E+00 5.177E-02
  3.598140E+00 1.227E-01
  3.598168E+00 2.576E+00
  3.598196E+00 1.995E-01
  3.598225E+00 5.529E-02
  3.598253E+00 3.716E-02
  3.598281E+00 3.392E-02
  3.598309E+00 3.515E-02
  3.598337E+00 3.886E-02
  3.598364E+00 4.479E-02
  3.598392E+00 5.339E-02
  3.598420E+00 6.566E-02
  3.598448E+00 8.321E-02
  3.598475E+00 1.084E-01
  3.598503E+00 1.435E-01
  3.598558E+00 2.322E-01
  3.598585E+00 2.524E-01
  3.598612E+00 2.352E-01
  3.598667E+00 1.561E-01
  3.598694E+00 1.250E-01
  3.598721E+00 1.030E-01
  3.598748E+00 8.836E-02
  3.598775E+00 7.950E-02
  3.598802E+00 7.581E-02
  3.598829E+00 8.121E-02
  3.598856E+00 2.688E+00
  3.598882E+00 9.791E-02
  3.598909E+00 1.058E-01
  3.598936E+00 1.350E-01
  3.598989E+00 2.404E-01
  3.599015E+00 2.318E-01
  3.599042E+00 1.580E-01
  3.599068E+00 9.660E-02
  3.599094E+00 6.219E-02
  3.599120E+00 4.458E-02
  3.599147E+00 3.878E-02
  3.599173E+00 8.729E-02
  3.599199E+00 7.801E-02
  3.599225E+00 2.087E-02
  3.599251E+00 1.577E-02
  3.599277E+00 1.473E-02
  3.599303E+00 1.697E-02
  3.599329E+00 3.062E-02
  3.599354E+00 1.949E-01
  3.599380E+00 5.518E-01
  3.599406E+00 6.212E-02
  3.599431E+00 3.015E-02
  3.599457E+00 2.093E-02
  3.599482E+00 1.684E-02
  3.599508E+00 1.460E-02
  3.599533E+00 1.322E-02
  3.599559E+00 1.230E-02
  3.599609E+00 1.122E-02
  3.599685E+00 1.055E-02
  3.599760E+00 1.060E-02
  3.599809E+00 1.104E-02
  3.599859E+00 1.211E-02
  3.599883E+00 1.314E-02
  3.599908E+00 1.492E-02
  3.599933E+00 1.842E-02
  3.599957E+00 2.711E-02
  3.599982E+00 6.154E-02
  3.600006E+00 7.745E-01
  3.600031E+00 2.303E-01
  3.600055E+00 4.636E-02
  3.600079E+00 2.571E-02
  3.600103E+00 1.981E-02
  3.600128E+00 1.760E-02
  3.600152E+00 1.676E-02
  3.600176E+00 1.659E-02
  3.600224E+00 1.731E-02
  3.600272E+00 1.899E-02
  3.600319E+00 2.159E-02
  3.600367E+00 2.537E-02
  3.600391E+00 2.787E-02
  3.600438E+00 3.472E-02
  3.600461E+00 3.949E-02
  3.600485E+00 4.564E-02
  3.600508E+00 5.379E-02
  3.600532E+00 6.496E-02
  3.600555E+00 8.099E-02
  3.600578E+00 1.054E-01
  3.600601E+00 1.459E-01
  3.600625E+00 2.214E-01
  3.600648E+00 3.911E-01
  3.600671E+00 9.227E-01
  3.600694E+00 4.618E+00
  3.600717E+00 2.371E+01
  3.600740E+00 1.877E+00
  3.600763E+00 6.795E-01
  3.600786E+00 4.025E-01
  3.600809E+00 3.110E-01
  3.600831E+00 2.858E-01
  3.600854E+00 2.961E-01
  3.600877E+00 3.331E-01
  3.600899E+00 3.949E-01
  3.600945E+00 5.717E-01
  3.600967E+00 6.418E-01
  3.600990E+00 6.505E-01
  3.601012E+00 5.898E-01
  3.601057E+00 3.935E-01
  3.601079E+00 3.126E-01
  3.601101E+00 2.509E-01
  3.601124E+00 1.989E-01
  3.601146E+00 1.623E-01
  3.601168E+00 1.366E-01
  3.601190E+00 1.190E-01
  3.601212E+00 1.090E-01
  3.601234E+00 1.081E-01
  3.601256E+00 1.217E-01
  3.601278E+00 1.673E-01
  3.601300E+00 3.080E-01
  3.601322E+00 8.809E-01
  3.601343E+00 5.069E+00
  3.601365E+00 3.621E+00
  3.601387E+00 1.027E+00
  3.601408E+00 5.099E-01
  3.601430E+00 3.294E-01
  3.601452E+00 2.450E-01
  3.601473E+00 1.986E-01
  3.601495E+00 1.706E-01
  3.601516E+00 1.532E-01
  3.601538E+00 1.425E-01
  3.601559E+00 1.367E-01
  3.601580E+00 1.352E-01
  3.601602E+00 1.381E-01
  3.601623E+00 1.461E-01
  3.601644E+00 1.614E-01
  3.601665E+00 1.889E-01
  3.601686E+00 2.394E-01
  3.601707E+00 3.426E-01
  3.601728E+00 5.939E-01
  3.601749E+00 1.547E+00
  3.601770E+00 1.369E+01
  3.601791E+00 2.135E+00
  3.601812E+00 4.168E-01
  3.601833E+00 1.568E-01
  3.601854E+00 7.893E-02
  3.601875E+00 4.741E-02
  3.601895E+00 3.228E-02
  3.601916E+00 2.417E-02
  3.601937E+00 1.949E-02
  3.601957E+00 1.663E-02
  3.601978E+00 1.482E-02
  3.601998E+00 1.365E-02
  3.602019E+00 1.292E-02
  3.602039E+00 1.250E-02
  3.602060E+00 1.235E-02
  3.602080E+00 1.252E-02
  3.602100E+00 1.310E-02
  3.602121E+00 1.441E-02
  3.602141E+00 1.725E-02
  3.602161E+00 2.401E-02
  3.602181E+00 4.449E-02
  3.602201E+00 1.547E-01
  3.602221E+00 1.330E+01
  3.602242E+00 2.524E-01
  3.602262E+00 7.351E-02
  3.602282E+00 4.077E-02
  3.602301E+00 2.902E-02
  3.602321E+00 2.340E-02
  3.602341E+00 2.026E-02
  3.602361E+00 1.832E-02
  3.602381E+00 1.705E-02
  3.602420E+00 1.557E-02
  3.602479E+00 1.471E-02
  3.602538E+00 1.476E-02
  3.602596E+00 1.561E-02
  3.602635E+00 1.683E-02
  3.602654E+00 1.778E-02
  3.602673E+00 1.909E-02
  3.602693E+00 2.099E-02
  3.602712E+00 2.392E-02
  3.602731E+00 2.893E-02
  3.602750E+00 3.904E-02
  3.602769E+00 6.636E-02
  3.602788E+00 2.109E-01
  3.602807E+00 7.553E+00
  3.602826E+00 1.452E-01
  3.602845E+00 4.991E-02
  3.602864E+00 3.338E-02
  3.602883E+00 2.928E-02
  3.602902E+00 2.914E-02
  3.602920E+00 3.104E-02
  3.602939E+00 3.452E-02
  3.602958E+00 3.970E-02
  3.602977E+00 4.703E-02
  3.602995E+00 5.738E-02
  3.603014E+00 7.213E-02
  3.603032E+00 9.333E-02
  3.603051E+00 1.235E-01
  3.603088E+00 2.094E-01
  3.603106E+00 2.404E-01
  3.603125E+00 2.359E-01
  3.603143E+00 2.017E-01
  3.603162E+00 1.607E-01
  3.603180E+00 1.267E-01
  3.603198E+00 1.021E-01
  3.603216E+00 8.523E-02
  3.603235E+00 7.421E-02
  3.603253E+00 6.761E-02
  3.603271E+00 6.480E-02
  3.603289E+00 6.636E-02
  3.603307E+00 8.097E-02
  3.603325E+00 3.781E-01
  3.603343E+00 1.011E-01
  3.603361E+00 1.267E-01
  3.603379E+00 1.795E-01
  3.603415E+00 3.274E-01
  3.603433E+00 1.005E-01
  3.603451E+00 5.488E-02
  3.603468E+00 3.969E-02
  3.603486E+00 2.861E-02
  3.603504E+00 2.168E-02
  3.603521E+00 1.735E-02
  3.603539E+00 1.464E-02
  3.603557E+00 1.311E-02
  3.603574E+00 1.272E-02
  3.603592E+00 1.422E-02
  3.603609E+00 2.136E-02
  3.603627E+00 6.261E-02
  3.603644E+00 3.754E+00
  3.603662E+00 1.565E-01
  3.603679E+00 4.447E-02
  3.603697E+00 2.542E-02
  3.603714E+00 1.855E-02
  3.603731E+00 1.520E-02
  3.603749E+00 1.328E-02
  3.603766E+00 1.206E-02
  3.603783E+00 1.124E-02
  3.603817E+00 1.028E-02
  3.603869E+00 9.770E-03
  3.603903E+00 9.869E-03
  3.603937E+00 1.040E-02
  3.603953E+00 1.092E-02
  3.603970E+00 1.175E-02
  3.603987E+00 1.312E-02
  3.604004E+00 1.558E-02
  3.604021E+00 2.069E-02
  3.604038E+00 3.432E-02
  3.604054E+00 9.679E-02
  3.604071E+00 3.977E+00
  3.604088E+00 1.874E-01
  3.604104E+00 4.723E-02
  3.604121E+00 2.618E-02
  3.604137E+00 1.952E-02
  3.604154E+00 1.679E-02
  3.604171E+00 1.558E-02
  3.604187E+00 1.513E-02
  3.604220E+00 1.539E-02
  3.604253E+00 1.663E-02
  3.604285E+00 1.874E-02
  3.604302E+00 2.018E-02
  3.604334E+00 2.408E-02
  3.604350E+00 2.672E-02
  3.604366E+00 3.000E-02
  3.604383E+00 3.417E-02
  3.604399E+00 3.956E-02
  3.604415E+00 4.671E-02
  3.604431E+00 5.652E-02
  3.604447E+00 7.061E-02
  3.604463E+00 9.201E-02
  3.604479E+00 1.272E-01
  3.604495E+00 1.921E-01
  3.604511E+00 3.344E-01
  3.604527E+00 7.575E-01
  3.604543E+00 3.267E+00
  3.604558E+00 3.457E+01
  3.604574E+00 2.156E+00
  3.604590E+00 7.112E-01
  3.604606E+00 4.028E-01
  3.604621E+00 3.024E-01
  3.604637E+00 2.727E-01
  3.604653E+00 2.791E-01
  3.604668E+00 3.115E-01
  3.604684E+00 3.659E-01
  3.604715E+00 5.032E-01
  3.604731E+00 5.369E-01
  3.604746E+00 5.148E-01
  3.604762E+00 4.487E-01
  3.604777E+00 3.708E-01
  3.604793E+00 3.093E-01
  3.604808E+00 2.860E-01
  3.604823E+00 2.179E-01
  3.604839E+00 1.595E-01
  3.604854E+00 1.277E-01
  3.604869E+00 1.073E-01
  3.604885E+00 9.420E-02
  3.604900E+00 8.786E-02
  3.604915E+00 9.024E-02
  3.604930E+00 1.087E-01
  3.604946E+00 1.675E-01
  3.604961E+00 3.708E-01
  3.604976E+00 1.467E+00
  3.604991E+00 6.279E+00
  3.605006E+00 1.504E+00
  3.605021E+00 5.919E-01
  3.605036E+00 3.451E-01
  3.605051E+00 2.437E-01
  3.605066E+00 1.919E-01
  3.605081E+00 1.622E-01
  3.605096E+00 1.441E-01
  3.605111E+00 1.334E-01
  3.605125E+00 1.277E-01
  3.605140E+00 1.264E-01
  3.605155E+00 1.293E-01
  3.605170E+00 1.375E-01
  3.605185E+00 1.532E-01
  3.605199E+00 1.813E-01
  3.605214E+00 2.341E-01
  3.605229E+00 3.436E-01
  3.605243E+00 6.147E-01
  3.605258E+00 1.710E+00
  3.605273E+00 1.447E+01
  3.605287E+00 1.448E+00
  3.605302E+00 3.277E-01
  3.605316E+00 1.311E-01
  3.605331E+00 6.863E-02
  3.605345E+00 4.243E-02
  3.605360E+00 2.955E-02
  3.605374E+00 2.252E-02
  3.605389E+00 1.839E-02
  3.605403E+00 1.583E-02
  3.605417E+00 1.419E-02
  3.605432E+00 1.312E-02
  3.605446E+00 1.243E-02
  3.605460E+00 1.203E-02
  3.605475E+00 1.188E-02
  3.605489E+00 1.202E-02
  3.605503E+00 1.253E-02
  3.605517E+00 1.371E-02
  3.605531E+00 1.623E-02
  3.605545E+00 2.214E-02
  3.605560E+00 3.928E-02
  3.605574E+00 1.214E-01
  3.605588E+00 3.626E+00
  3.605602E+00 3.353E-01
  3.605616E+00 8.215E-02
  3.605630E+00 4.312E-02
  3.605644E+00 2.988E-02
  3.605658E+00 2.372E-02
  3.605672E+00 2.033E-02
  3.605686E+00 1.826E-02
  3.605699E+00 1.691E-02
  3.605727E+00 1.535E-02
  3.605769E+00 1.443E-02
  3.605810E+00 1.444E-02
  3.605851E+00 1.527E-02
  3.605878E+00 1.651E-02
  3.605905E+00 1.886E-02
  3.605918E+00 2.087E-02
  3.605932E+00 2.403E-02
  3.605945E+00 2.954E-02
  3.605959E+00 4.093E-02
  3.605972E+00 7.286E-02
  3.605986E+00 2.559E-01
  3.605999E+00 5.219E+00
  3.606012E+00 1.407E-01
  3.606026E+00 4.922E-02
  3.606039E+00 3.201E-02
  3.606052E+00 2.719E-02
  3.606066E+00 2.630E-02
  3.606079E+00 2.733E-02
  3.606092E+00 2.970E-02
  3.606105E+00 3.337E-02
  3.606119E+00 3.860E-02
  3.606132E+00 4.592E-02
  3.606145E+00 5.621E-02
  3.606158E+00 7.088E-02
  3.606171E+00 9.200E-02
  3.606184E+00 1.221E-01
  3.606197E+00 1.624E-01
  3.606210E+00 2.068E-01
  3.606223E+00 2.354E-01
  3.606236E+00 2.282E-01
  3.606249E+00 1.930E-01
  3.606262E+00 1.527E-01
  3.606275E+00 1.199E-01
  3.606288E+00 9.627E-02
  3.606301E+00 8.014E-02
  3.606314E+00 6.950E-02
  3.606327E+00 6.296E-02
  3.606340E+00 5.982E-02
  3.606352E+00 6.013E-02
  3.606365E+00 6.589E-02
  3.606378E+00 1.123E-01
  3.606391E+00 1.241E-01
  3.606403E+00 2.126E-01
  3.606416E+00 9.226E-02
  3.606429E+00 1.444E-01
  3.606441E+00 1.616E-01
  3.606454E+00 1.214E-01
  3.606467E+00 7.498E-02
  3.606479E+00 4.665E-02
  3.606492E+00 3.122E-02
  3.606504E+00 2.260E-02
  3.606517E+00 1.757E-02
  3.606529E+00 1.458E-02
  3.606542E+00 1.297E-02
  3.606554E+00 1.266E-02
  3.606567E+00 1.443E-02
  3.606579E+00 2.227E-02
  3.606592E+00 6.606E-02
  3.606604E+00 3.300E+00
  3.606616E+00 1.727E-01
  3.606629E+00 4.681E-02
  3.606641E+00 2.602E-02
  3.606653E+00 1.864E-02
  3.606666E+00 1.507E-02
  3.606678E+00 1.304E-02
  3.606690E+00 1.177E-02
  3.606715E+00 1.033E-02
  3.606739E+00 9.658E-03
  3.606763E+00 9.432E-03
  3.606788E+00 9.597E-03
  3.606812E+00 1.029E-02
  3.606824E+00 1.099E-02
  3.606836E+00 1.211E-02
  3.606848E+00 1.405E-02
  3.606860E+00 1.774E-02
  3.606872E+00 2.614E-02
  3.606884E+00 5.274E-02
  3.606896E+00 2.489E-01
  3.606908E+00 2.346E+00
  3.606920E+00 1.016E-01
  3.606931E+00 3.816E-02
  3.606943E+00 2.363E-02
  3.606955E+00 1.827E-02
  3.606967E+00 1.588E-02
  3.606979E+00 1.476E-02
  3.606990E+00 1.430E-02
  3.607002E+00 1.424E-02
  3.607026E+00 1.493E-02
  3.607049E+00 1.647E-02
  3.607061E+00 1.757E-02
  3.607084E+00 2.062E-02
  3.607096E+00 2.270E-02
  3.607119E+00 2.851E-02
  3.607130E+00 3.266E-02
  3.607142E+00 3.807E-02
  3.607153E+00 4.534E-02
  3.607165E+00 5.546E-02
  3.607176E+00 7.023E-02
  3.607188E+00 9.316E-02
  3.607199E+00 1.319E-01
  3.607211E+00 2.062E-01
  3.607222E+00 3.796E-01
  3.607234E+00 9.598E-01
  3.607245E+00 5.768E+00
  3.607256E+00 1.261E+01
  3.607268E+00 1.461E+00
  3.607279E+00 5.789E-01
  3.607290E+00 3.564E-01
  3.607302E+00 2.817E-01
  3.607313E+00 2.631E-01
  3.607324E+00 2.760E-01
  3.607335E+00 3.122E-01
  3.607347E+00 3.662E-01
  3.607358E+00 4.261E-01
  3.607369E+00 4.680E-01
  3.607380E+00 4.668E-01
  3.607391E+00 4.219E-01
  3.607402E+00 3.590E-01
  3.607414E+00 3.103E-01
  3.607425E+00 3.183E-01
  3.607436E+00 2.714E-01
  3.607447E+00 1.730E-01
  3.607458E+00 1.294E-01
  3.607469E+00 1.049E-01
  3.607480E+00 8.933E-02
  3.607491E+00 8.029E-02
  3.607502E+00 7.817E-02
  3.607513E+00 8.696E-02
  3.607524E+00 1.204E-01
  3.607535E+00 2.320E-01
  3.607546E+00 7.394E-01
  3.607556E+00 4.672E+00
  3.607567E+00 2.050E+00
  3.607578E+00 6.631E-01
  3.607589E+00 3.560E-01
  3.607600E+00 2.419E-01
  3.607611E+00 1.868E-01
  3.607621E+00 1.562E-01
  3.607632E+00 1.380E-01
  3.607643E+00 1.274E-01
  3.607654E+00 1.219E-01
  3.607664E+00 1.208E-01
  3.607675E+00 1.240E-01
  3.607686E+00 1.324E-01
  3.607697E+00 1.484E-01
  3.607707E+00 1.774E-01
  3.607718E+00 2.320E-01
  3.607728E+00 3.470E-01
  3.607739E+00 6.384E-01
  3.607750E+00 1.892E+00
  3.607760E+00 1.251E+01
  3.607771E+00 1.107E+00
  3.607781E+00 2.782E-01
  3.607792E+00 1.168E-01
  3.607802E+00 6.308E-02
  3.607813E+00 3.991E-02
  3.607823E+00 2.829E-02
  3.607834E+00 2.183E-02
  3.607844E+00 1.799E-02
  3.607855E+00 1.557E-02
  3.607865E+00 1.400E-02
  3.607876E+00 1.296E-02
  3.607886E+00 1.227E-02
  3.607896E+00 1.185E-02
  3.607907E+00 1.166E-02
  3.607917E+00 1.172E-02
  3.607927E+00 1.211E-02
  3.607938E+00 1.303E-02
  3.607948E+00 1.502E-02
  3.607958E+00 1.949E-02
  3.607968E+00 3.150E-02
  3.607979E+00 7.887E-02
  3.607989E+00 7.118E-01
  3.607999E+00 7.521E-01
  3.608009E+00 1.074E-01
  3.608020E+00 4.925E-02
  3.608030E+00 3.219E-02
  3.608040E+00 2.478E-02
  3.608050E+00 2.086E-02
  3.608060E+00 1.853E-02
  3.608070E+00 1.703E-02
  3.608080E+00 1.601E-02
  3.608101E+00 1.483E-02
  3.608121E+00 1.430E-02
  3.608138E+00 1.418E-02
  3.618128E+00 2.965E-01
  3.618138E+00 4.696E-01
  3.643081E+00 3.717E-01
  3.668025E+00 3.110E-01
  3.692968E+00 2.697E-01
  3.717911E+00 2.401E-01
  3.742854E+00 2.208E-01
  3.767798E+00 2.096E-01
  3.817684E+00 2.003E-01
  4.615870E+00 1.343E-01
  5.114737E+00 1.019E-01
  5.663489E+00 7.722E-02
  6.062582E+00 6.375E-02
  6.185056E+00 6.004E-02
  6.309999E+00 5.654E-02
  6.437469E+00 5.325E-02
  6.567517E+00 5.015E-02
  6.700191E+00 4.723E-02
  6.835541E+00 4.448E-02
  6.973626E+00 4.189E-02
  7.114504E+00 3.945E-02
  7.258225E+00 3.715E-02
  7.404856E+00 3.499E-02
  7.554441E+00 3.295E-02
  7.707049E+00 3.103E-02
  7.862746E+00 2.922E-02
  8.021582E+00 2.752E-02
  8.183626E+00 2.592E-02
  8.348948E+00 2.441E-02
  8.517608E+00 2.299E-02
  8.689677E+00 2.165E-02
  8.865217E+00 2.039E-02
  9.044312E+00 1.920E-02
  9.227015E+00 1.808E-02
  9.413411E+00 1.703E-02
  9.603579E+00 1.604E-02
  9.797585E+00 1.510E-02
  9.995504E+00 1.422E-02
  1.019743E+01 1.340E-02
  1.040343E+01 1.262E-02
  1.061359E+01 1.188E-02
  1.082800E+01 1.119E-02
  1.104674E+01 1.054E-02
  1.126990E+01 9.924E-03
  1.149757E+01 9.346E-03
  1.172984E+01 8.802E-03
  1.196680E+01 8.289E-03
  1.220854E+01 7.807E-03
  1.245517E+01 7.352E-03
  1.270678E+01 6.924E-03
  1.296347E+01 6.521E-03
  1.322535E+01 6.141E-03
  1.349253E+01 5.783E-03
  1.376509E+01 5.446E-03
  1.404317E+01 5.129E-03
  1.432685E+01 4.831E-03
  1.461627E+01 4.549E-03
  1.491155E+01 4.284E-03
  1.521278E+01 4.035E-03
  1.552010E+01 3.800E-03
  1.583362E+01 3.579E-03
  1.615347E+01 3.370E-03
  1.647980E+01 3.174E-03
  1.681270E+01 2.989E-03
  1.715236E+01 2.815E-03
  1.749884E+01 2.651E-03
  1.785236E+01 2.497E-03
  1.821298E+01 2.351E-03
  1.858092E+01 2.214E-03
  1.895627E+01 2.085E-03
  1.933922E+01 1.964E-03
  1.972989E+01 1.850E-03
  2.012846E+01 1.742E-03
  2.053508E+01 1.640E-03
  2.094994E+01 1.545E-03
  2.137314E+01 1.455E-03
  2.180492E+01 1.370E-03
  2.224539E+01 1.290E-03