  1.058714E-01 3.506E+01
  1.158714E-01 2.866E+01
  1.671561E-01 1.211E+01
  2.171369E-01 6.332E+00
  2.658576E-01 3.797E+00
  3.133603E-01 2.492E+00
  3.596851E-01 1.733E+00
  4.048707E-01 1.255E+00
  4.489543E-01 9.378E-01
  4.919712E-01 7.217E-01
  5.339557E-01 5.712E-01
  5.749405E-01 4.641E-01
  6.149571E-01 3.857E-01
  6.540358E-01 3.262E-01
  6.922056E-01 2.796E-01
  7.294946E-01 2.419E-01
  7.659296E-01 2.105E-01
  8.363401E-01 1.617E-01
  9.036329E-01 1.266E-01
  9.679893E-01 1.017E-01
  1.029578E+00 8.415E-02
  1.088555E+00 7.170E-02
  1.172439E+00 5.875E-02
  1.301114E+00 4.419E-02
  1.417420E+00 3.358E-02
  1.522893E+00 2.599E-02
  1.618838E+00 2.103E-02
  1.706368E+00 1.795E-02
  1.831252E+00 1.507E-02
  2.221256E+00 8.218E-03
  2.342671E+00 6.640E-03
  2.451900E+00 5.728E-03
  2.588634E+00 5.095E-03
  2.867632E+00 4.198E-03
  2.885191E+00 4.337E-03
  2.892754E+00 4.607E-03
  2.896910E+00 4.964E-03
  2.899951E+00 5.490E-03
  2.901943E+00 6.125E-03
  2.902929E+00 6.613E-03
  2.903908E+00 7.297E-03
  2.904881E+00 8.308E-03
  2.905846E+00 9.904E-03
  2.906805E+00 1.268E-02
  2.907758E+00 1.826E-02
  2.908704E+00 3.262E-02
  2.909643E+00 9.570E-02
  2.910576E+00 4.027E+00
  2.911503E+00 1.543E-01
  2.912424E+00 3.133E-02
  2.913338E+00 1.378E-02
  2.914247E+00 8.371E-03
  2.915149E+00 6.091E-03
  2.916045E+00 4.951E-03
  2.916935E+00 4.316E-03
  2.917819E+00 3.935E-03
  2.918697E+00 3.694E-03
  2.920436E+00 3.428E-03
  2.923846E+00 3.243E-03
  2.930404E+00 3.243E-03
  2.935870E+00 3.438E-03
  2.938886E+00 3.707E-03
  2.941098E+00 4.102E-03
  2.942550E+00 4.575E-03
  2.943269E+00 4.935E-03
  2.943984E+00 5.441E-03
  2.944694E+00 6.190E-03
  2.945400E+00 7.393E-03
  2.946102E+00 9.577E-03
  2.946799E+00 1.448E-02
  2.947492E+00 3.161E-02
  2.948181E+00 3.874E-01
  2.948865E+00 4.082E-02
  2.949545E+00 3.377E-03
  2.950222E+00 4.771E-04
  2.950894E+00 7.727E-05
  2.951562E+00 1.064E-04
  2.952225E+00 2.216E-04
  2.952885E+00 3.440E-04
  2.953541E+00 4.538E-04
  2.954193E+00 5.472E-04
  2.954841E+00 6.248E-04
  2.956126E+00 7.403E-04
  2.957395E+00 8.150E-04
  2.959270E+00 8.736E-04
  2.961719E+00 8.852E-04
  2.964701E+00 8.312E-04
  2.968166E+00 7.021E-04
  2.971514E+00 5.284E-04
  2.976325E+00 2.456E-04
  2.977362E+00 1.933E-04
  2.978387E+00 1.524E-04
  2.978895E+00 1.380E-04
  2.979401E+00 1.289E-04
  2.979903E+00 1.261E-04
  2.980403E+00 1.312E-04
  2.980900E+00 1.457E-04
  2.981395E+00 1.716E-04
  2.981886E+00 2.114E-04
  2.982375E+00 2.679E-04
  2.982862E+00 3.448E-04
  2.983345E+00 4.464E-04
  2.983826E+00 5.783E-04
  2.984305E+00 7.471E-04
  2.984781E+00 9.615E-04
  2.985254E+00 1.232E-03
  2.985725E+00 1.573E-03
  2.986193E+00 2.002E-03
  2.986658E+00 2.541E-03
  2.987122E+00 3.222E-03
  2.987582E+00 4.085E-03
  2.988040E+00 5.185E-03
  2.988496E+00 6.598E-03
  2.988949E+00 8.430E-03
  2.989400E+00 1.083E-02
  2.989849E+00 1.403E-02
  2.990295E+00 1.837E-02
  2.990739E+00 2.436E-02
  2.991180E+00 3.288E-02
  2.991619E+00 4.539E-02
  2.992056E+00 6.457E-02
  2.992490E+00 9.566E-02
  2.992922E+00 1.500E-01
  2.993352E+00 2.563E-01
  2.993780E+00 5.033E-01
  2.994205E+00 1.289E+00
  2.994629E+00 6.722E+00
  2.995050E+00 1.580E+02
  2.995468E+00 3.770E+00
  2.995885E+00 1.188E+00
  2.996299E+00 7.180E-01
  2.996712E+00 9.214E-01
  2.997122E+00 2.797E-01
  2.997530E+00 1.928E-01
  2.997936E+00 1.472E-01
  2.998340E+00 1.182E-01
  2.998742E+00 9.810E-02
  2.999142E+00 8.347E-02
  2.999539E+00 7.243E-02
  2.999935E+00 6.384E-02
  3.000329E+00 5.701E-02
  3.001110E+00 4.690E-02
  3.001883E+00 3.985E-02
  3.003029E+00 3.263E-02
  3.004158E+00 2.779E-02
  3.005636E+00 2.343E-02
  3.007443E+00 1.993E-02
  3.009554E+00 1.737E-02
  3.011603E+00 1.602E-02
  3.013266E+00 1.592E-02
  3.014245E+00 1.668E-02
  3.014890E+00 1.789E-02
  3.015210E+00 1.886E-02
  3.015528E+00 2.023E-02
  3.015845E+00 2.218E-02
  3.016161E+00 2.504E-02
  3.016475E+00 2.940E-02
  3.016787E+00 3.639E-02
  3.017098E+00 4.854E-02
  3.017408E+00 7.220E-02
  3.017716E+00 1.275E-01
  3.018023E+00 3.099E-01
  3.018328E+00 1.804E+00
  3.018632E+00 1.006E+01
  3.018935E+00 5.549E-01
  3.019236E+00 1.882E-01
  3.019535E+00 9.871E-02
  3.019834E+00 6.358E-02
  3.020130E+00 4.617E-02
  3.020426E+00 3.624E-02
  3.020720E+00 3.002E-02
  3.021013E+00 2.584E-02
  3.021304E+00 2.289E-02
  3.021594E+00 2.071E-02
  3.022171E+00 1.776E-02
  3.022742E+00 1.588E-02
  3.023588E+00 1.407E-02
  3.024974E+00 1.231E-02
  3.027653E+00 1.034E-02
  3.029712E+00 8.816E-03
  3.030466E+00 7.929E-03
  3.030963E+00 7.073E-03
  3.031209E+00 6.507E-03
  3.031455E+00 5.802E-03
  3.031700E+00 4.900E-03
  3.031943E+00 3.724E-03
  3.032186E+00 2.214E-03
  3.032428E+00 8.245E-04
  3.032668E+00 8.885E-03
  3.032907E+00 2.241E+01
  3.033146E+00 9.998E-02
  3.033383E+00 4.377E-02
  3.033620E+00 3.054E-02
  3.033855E+00 2.491E-02
  3.034089E+00 2.184E-02
  3.034323E+00 1.993E-02
  3.034786E+00 1.771E-02
  3.035474E+00 1.606E-02
  3.036602E+00 1.491E-02
  3.038357E+00 1.451E-02
  3.040471E+00 1.518E-02
  3.042100E+00 1.660E-02
  3.043288E+00 1.849E-02
  3.044255E+00 2.105E-02
  3.045016E+00 2.426E-02
  3.045578E+00 2.791E-02
  3.046134E+00 3.349E-02
  3.046500E+00 3.911E-02
  3.046683E+00 4.284E-02
  3.046864E+00 4.746E-02
  3.047045E+00 5.330E-02
  3.047225E+00 6.089E-02
  3.047405E+00 7.103E-02
  3.047584E+00 8.512E-02
  3.047762E+00 1.057E-01
  3.047939E+00 1.378E-01
  3.048116E+00 1.928E-01
  3.048292E+00 3.012E-01
  3.048467E+00 5.714E-01
  3.048642E+00 1.675E+00
  3.048816E+00 3.738E+01
  3.048989E+00 3.756E+00
  3.049162E+00 6.480E-01
  3.049333E+00 1.933E+00
  3.049505E+00 1.330E-01
  3.049675E+00 6.595E-02
  3.049845E+00 3.825E-02
  3.050015E+00 2.382E-02
  3.050183E+00 1.550E-02
  3.050351E+00 1.039E-02
  3.050519E+00 7.113E-03
  3.050685E+00 4.953E-03
  3.050851E+00 3.501E-03
  3.051017E+00 2.513E-03
  3.051182E+00 1.839E-03
  3.051346E+00 1.381E-03
  3.051509E+00 1.076E-03
  3.051672E+00 8.800E-04
  3.051835E+00 7.619E-04
  3.051996E+00 7.007E-04
  3.052158E+00 6.809E-04
  3.052318E+00 6.914E-04
  3.052478E+00 7.240E-04
  3.052796E+00 8.324E-04
  3.053736E+00 1.280E-03
  3.054503E+00 1.622E-03
  3.055106E+00 1.803E-03
  3.055553E+00 1.829E-03
  3.055848E+00 1.738E-03
  3.055995E+00 1.631E-03
  3.056141E+00 1.450E-03
  3.056287E+00 1.146E-03
  3.056432E+00 6.374E-04
  3.056577E+00 3.067E-04
  3.056721E+00 1.187E+03
  3.056864E+00 1.383E-02
  3.057007E+00 7.587E-03
  3.057150E+00 5.976E-03
  3.057292E+00 5.279E-03
  3.057433E+00 4.907E-03
  3.057715E+00 4.547E-03
  3.058133E+00 4.361E-03
  3.059092E+00 4.367E-03
  3.059895E+00 4.570E-03
  3.060290E+00 4.849E-03
  3.060551E+00 5.307E-03
  3.060681E+00 5.768E-03
  3.060811E+00 6.598E-03
  3.060939E+00 8.276E-03
  3.061068E+00 1.232E-02
  3.061196E+00 2.567E-02
  3.061324E+00 1.208E-01
  3.061451E+00 3.283E+00
  3.061577E+00 8.138E-02
  3.061704E+00 2.997E-02
  3.061830E+00 1.813E-02
  3.061955E+00 1.351E-02
  3.062080E+00 1.120E-02
  3.062204E+00 9.873E-03
  3.062329E+00 9.041E-03
  3.062452E+00 8.485E-03
  3.062698E+00 7.822E-03
  3.063064E+00 7.361E-03
  3.063785E+00 7.155E-03
  3.064723E+00 7.460E-03
  3.065523E+00 8.171E-03
  3.065971E+00 8.932E-03
  3.066304E+00 9.904E-03
  3.066524E+00 1.098E-02
  3.066633E+00 1.177E-02
  3.066742E+00 1.286E-02
  3.066851E+00 1.446E-02
  3.066960E+00 1.704E-02
  3.067067E+00 2.187E-02
  3.067175E+00 3.376E-02
  3.067282E+00 9.155E-02
  3.067389E+00 1.711E+00
  3.067496E+00 8.078E-03
  3.067602E+00 5.298E-04
  3.067708E+00 8.791E-04
  3.067813E+00 1.723E-03
  3.067919E+00 2.476E-03
  3.068023E+00 3.095E-03
  3.068128E+00 3.604E-03
  3.068336E+00 4.397E-03
  3.068645E+00 5.255E-03
  3.069455E+00 6.849E-03
  3.070342E+00 8.611E-03
  3.070920E+00 1.027E-02
  3.071298E+00 1.188E-02
  3.071579E+00 1.359E-02
  3.071858E+00 1.606E-02
  3.072042E+00 1.843E-02
  3.072224E+00 2.177E-02
  3.072316E+00 2.402E-02
  3.072406E+00 2.682E-02
  3.072497E+00 3.042E-02
  3.072587E+00 3.516E-02
  3.072677E+00 4.165E-02
  3.072766E+00 5.096E-02
  3.072856E+00 6.518E-02
  3.072945E+00 8.901E-02
  3.073034E+00 1.360E-01
  3.073122E+00 3.229E-01
  3.073210E+00 5.915E-01
  3.073298E+00 3.035E+00
  3.073386E+00 8.845E+00
  3.073473E+00 5.424E-01
  3.073561E+00 1.589E-01
  3.073647E+00 6.882E-02
  3.073734E+00 3.567E-02
  3.073820E+00 2.046E-02
  3.073906E+00 1.251E-02
  3.073992E+00 7.992E-03
  3.074078E+00 5.272E-03
  3.074163E+00 3.568E-03
  3.074248E+00 2.473E-03
  3.074333E+00 1.759E-03
  3.074417E+00 1.291E-03
  3.074502E+00 9.872E-04
  3.074586E+00 7.947E-04
  3.074669E+00 6.793E-04
  3.074753E+00 6.178E-04
  3.074836E+00 5.942E-04
  3.074919E+00 5.975E-04
  3.075002E+00 6.197E-04
  3.075167E+00 6.998E-04
  3.075896E+00 1.177E-03
  3.076213E+00 1.311E-03
  3.076449E+00 1.322E-03
  3.076605E+00 1.245E-03
  3.076683E+00 1.161E-03
  3.076760E+00 1.027E-03
  3.076838E+00 8.180E-04
  3.076915E+00 5.092E-04
  3.076991E+00 3.213E-04
  3.077068E+00 1.725E-02
  3.077144E+00 2.841E-02
  3.077220E+00 8.753E-03
  3.077296E+00 5.928E-03
  3.077372E+00 4.894E-03
  3.077447E+00 4.381E-03
  3.077522E+00 4.086E-03
  3.077672E+00 3.781E-03
  3.077895E+00 3.607E-03
  3.078408E+00 3.572E-03
  3.079403E+00 3.830E-03
  3.079611E+00 4.014E-03
  3.079748E+00 4.345E-03
  3.079817E+00 4.705E-03
  3.079885E+00 5.402E-03
  3.079953E+00 6.955E-03
  3.080021E+00 1.129E-02
  3.080089E+00 3.038E-02
  3.080157E+00 4.703E-01
  3.080224E+00 1.597E-01
  3.080291E+00 3.225E-02
  3.080358E+00 1.673E-02
  3.080425E+00 1.177E-02
  3.080492E+00 9.529E-03
  3.080558E+00 8.316E-03
  3.080624E+00 7.582E-03
  3.080690E+00 7.106E-03
  3.080822E+00 6.552E-03
  3.081018E+00 6.181E-03
  3.081405E+00 6.036E-03
  3.081911E+00 6.319E-03
  3.082345E+00 6.934E-03
  3.082650E+00 7.793E-03
  3.082831E+00 8.736E-03
  3.082950E+00 9.799E-03
  3.083010E+00 1.059E-02
  3.083070E+00 1.171E-02
  3.083129E+00 1.338E-02
  3.083188E+00 1.619E-02
  3.083247E+00 2.177E-02
  3.083306E+00 3.730E-02
  3.083365E+00 1.528E-01
  3.083423E+00 1.593E-01
  3.083481E+00 4.149E-03
  3.083540E+00 4.463E-04
  3.083598E+00 7.973E-04
  3.083656E+00 1.467E-03
  3.083713E+00 2.074E-03
  3.083771E+00 2.583E-03
  3.083828E+00 3.009E-03
  3.083943E+00 3.684E-03
  3.084113E+00 4.432E-03
  3.084671E+00 6.207E-03
  3.085054E+00 7.560E-03
  3.085322E+00 8.928E-03
  3.085535E+00 1.056E-02
  3.085693E+00 1.239E-02
  3.085797E+00 1.412E-02
  3.085901E+00 1.656E-02
  3.085953E+00 1.820E-02
  3.086005E+00 2.023E-02
  3.086056E+00 2.285E-02
  3.086108E+00 2.630E-02
  3.086159E+00 3.104E-02
  3.086210E+00 3.795E-02
  3.086261E+00 4.897E-02
  3.086312E+00 7.143E-02
  3.086363E+00 6.006E-01
  3.086413E+00 1.889E-01
  3.086464E+00 3.803E-01
  3.086514E+00 2.226E+00
  3.086564E+00 5.459E+00
  3.086614E+00 3.543E-01
  3.086664E+00 1.030E-01
  3.086714E+00 4.393E-02
  3.086764E+00 2.234E-02
  3.086814E+00 1.254E-02
  3.086863E+00 7.503E-03
  3.086912E+00 4.691E-03
  3.086962E+00 3.039E-03
  3.087011E+00 2.035E-03
  3.087060E+00 1.417E-03
  3.087108E+00 1.035E-03
  3.087157E+00 8.051E-04
  3.087206E+00 6.740E-04
  3.087254E+00 6.088E-04
  3.087303E+00 5.881E-04
  3.087351E+00 5.975E-04
  3.087399E+00 6.273E-04
  3.087495E+00 7.236E-04
  3.087920E+00 1.273E-03
  3.088152E+00 1.503E-03
  3.088336E+00 1.597E-03
  3.088427E+00 1.587E-03
  3.088518E+00 1.498E-03
  3.088563E+00 1.397E-03
  3.088608E+00 1.225E-03
  3.088653E+00 9.266E-04
  3.088698E+00 4.262E-04
  3.088742E+00 5.100E-03
  3.088787E+00 1.732E-02
  3.088831E+00 6.350E-03
  3.088876E+00 4.692E-03
  3.088920E+00 4.072E-03
  3.088964E+00 3.762E-03
  3.089052E+00 3.477E-03
  3.089184E+00 3.336E-03
  3.089529E+00 3.345E-03
  3.090241E+00 3.646E-03
  3.090364E+00 3.830E-03
  3.090404E+00 3.970E-03
  3.090445E+00 4.213E-03
  3.090485E+00 4.680E-03
  3.090526E+00 5.701E-03
  3.090566E+00 8.435E-03
  3.090606E+00 1.921E-02
  3.090646E+00 1.538E-01
  3.090686E+00 2.541E-01
  3.090726E+00 3.300E-02
  3.090766E+00 1.588E-02
  3.090806E+00 1.095E-02
  3.090845E+00 8.816E-03
  3.090885E+00 7.692E-03
  3.090924E+00 7.023E-03
  3.091003E+00 6.303E-03
  3.091120E+00 5.853E-03
  3.091314E+00 5.661E-03
  3.091619E+00 5.851E-03
  3.091881E+00 6.344E-03
  3.092066E+00 7.003E-03
  3.092175E+00 7.670E-03
  3.092248E+00 8.352E-03
  3.092321E+00 9.421E-03
  3.092357E+00 1.023E-02
  3.092393E+00 1.136E-02
  3.092429E+00 1.309E-02
  3.092464E+00 1.601E-02
  3.092500E+00 2.194E-02
  3.092536E+00 3.917E-02
  3.092571E+00 1.905E-01
  3.092607E+00 1.134E-01
  3.092642E+00 3.894E-03
  3.092678E+00 4.454E-04
  3.092713E+00 6.979E-04
  3.092748E+00 1.291E-03
  3.092783E+00 1.845E-03
  3.092818E+00 2.317E-03
  3.092853E+00 2.716E-03
  3.092923E+00 3.352E-03
  3.093027E+00 4.061E-03
  3.093334E+00 5.592E-03
  3.093569E+00 6.847E-03
  3.093735E+00 8.099E-03
  3.093866E+00 9.591E-03
  3.093964E+00 1.128E-02
  3.094028E+00 1.290E-02
  3.094093E+00 1.521E-02
  3.094125E+00 1.677E-02
  3.094157E+00 1.875E-02
  3.094189E+00 2.134E-02
  3.094221E+00 2.484E-02
  3.094253E+00 2.989E-02
  3.094284E+00 3.802E-02
  3.094316E+00 5.746E-02
  3.094348E+00 1.013E+01
  3.094379E+00 1.213E-01
  3.094411E+00 2.109E-01
  3.094442E+00 6.912E-01
  3.094473E+00 2.054E+02
  3.094505E+00 6.392E-01
  3.094536E+00 1.303E-01
  3.094567E+00 4.855E-02
  3.094598E+00 2.289E-02
  3.094629E+00 1.221E-02
  3.094660E+00 7.020E-03
  3.094691E+00 4.251E-03
  3.094722E+00 2.683E-03
  3.094752E+00 1.763E-03
  3.094783E+00 1.217E-03
  3.094813E+00 8.940E-04
  3.094844E+00 7.109E-04
  3.094874E+00 6.170E-04
  3.094905E+00 5.811E-04
  3.094935E+00 5.834E-04
  3.094965E+00 6.110E-04
  3.095026E+00 7.099E-04
  3.095323E+00 1.352E-03
  3.095470E+00 1.598E-03
  3.095586E+00 1.724E-03
  3.095672E+00 1.743E-03
  3.095730E+00 1.674E-03
  3.095758E+00 1.587E-03
  3.095787E+00 1.429E-03
  3.095815E+00 1.127E-03
  3.095843E+00 5.171E-04
  3.095872E+00 3.081E-02
  3.095900E+00 8.413E-03
  3.095928E+00 4.777E-03
  3.095956E+00 3.941E-03
  3.095984E+00 3.593E-03
  3.096012E+00 3.413E-03
  3.096068E+00 3.248E-03
  3.096207E+00 3.176E-03
  3.096826E+00 3.525E-03
  3.096931E+00 3.714E-03
  3.096957E+00 3.838E-03
  3.096983E+00 4.057E-03
  3.097009E+00 4.486E-03
  3.097034E+00 5.445E-03
  3.097060E+00 8.097E-03
  3.097086E+00 1.920E-02
  3.097112E+00 1.987E-01
  3.097137E+00 1.612E-01
  3.097163E+00 2.730E-02
  3.097189E+00 1.403E-02
  3.097214E+00 9.979E-03
  3.097240E+00 8.187E-03
  3.097265E+00 7.227E-03
  3.097290E+00 6.650E-03
  3.097341E+00 6.027E-03
  3.097416E+00 5.638E-03
  3.097541E+00 5.486E-03
  3.097738E+00 5.700E-03
  3.097908E+00 6.212E-03
  3.098027E+00 6.901E-03
  3.098099E+00 7.610E-03
  3.098146E+00 8.350E-03
  3.098193E+00 9.537E-03
  3.098216E+00 1.045E-02
  3.098240E+00 1.178E-02
  3.098263E+00 1.387E-02
  3.098287E+00 1.762E-02
  3.098310E+00 2.605E-02
  3.098333E+00 5.713E-02
  3.098356E+00 1.544E+00
  3.098379E+00 2.811E-02
  3.098403E+00 1.770E-03
  3.098426E+00 4.030E-04
  3.098449E+00 7.901E-04
  3.098472E+00 1.343E-03
  3.098495E+00 1.846E-03
  3.098517E+00 2.276E-03
  3.098563E+00 2.959E-03
  3.098631E+00 3.704E-03
  3.098766E+00 4.768E-03
  3.098966E+00 6.243E-03
  3.099097E+00 7.615E-03
  3.099183E+00 9.015E-03
  3.099248E+00 1.060E-02
  3.099291E+00 1.212E-02
  3.099333E+00 1.429E-02
  3.099376E+00 1.766E-02
  3.099397E+00 2.014E-02
  3.099418E+00 2.356E-02
  3.099439E+00 2.865E-02
  3.099460E+00 3.792E-02
  3.099481E+00 9.257E-02
  3.099502E+00 1.155E-01
  3.099523E+00 1.130E-01
  3.099544E+00 2.222E-01
  3.099565E+00 8.897E-01
  3.099585E+00 3.076E+01
  3.099606E+00 3.842E-01
  3.099627E+00 9.256E-02
  3.099648E+00 3.626E-02
  3.099668E+00 1.743E-02
  3.099689E+00 9.364E-03
  3.099709E+00 5.393E-03
  3.099730E+00 3.266E-03
  3.099750E+00 2.068E-03
  3.099771E+00 1.374E-03
  3.099791E+00 9.718E-04
  3.099812E+00 7.450E-04
  3.099832E+00 6.272E-04
  3.099852E+00 5.785E-04
  3.099873E+00 5.745E-04
  3.099893E+00 5.994E-04
  3.099933E+00 6.987E-04
  3.100132E+00 1.361E-03
  3.100250E+00 1.664E-03
  3.100347E+00 1.815E-03
  3.100405E+00 1.813E-03
  3.100444E+00 1.704E-03
  3.100463E+00 1.564E-03
  3.100482E+00 1.282E-03
  3.100501E+00 6.369E-04
  3.100520E+00 1.563E-01
  3.100539E+00 6.439E-03
  3.100558E+00 4.197E-03
  3.100577E+00 3.618E-03
  3.100596E+00 3.370E-03
  3.100633E+00 3.169E-03
  3.100708E+00 3.090E-03
  3.101075E+00 3.373E-03
  3.101218E+00 3.544E-03
  3.101253E+00 3.676E-03
  3.101271E+00 3.810E-03
  3.101288E+00 4.056E-03
  3.101306E+00 4.558E-03
  3.101324E+00 5.755E-03
  3.101341E+00 9.446E-03
  3.101359E+00 2.939E-02
  3.101376E+00 2.811E+00
  3.101394E+00 6.409E-02
  3.101411E+00 1.952E-02
  3.101428E+00 1.169E-02
  3.101446E+00 8.886E-03
  3.101463E+00 7.545E-03
  3.101480E+00 6.795E-03
  3.101497E+00 6.332E-03
  3.101532E+00 5.821E-03
  3.101583E+00 5.500E-03
  3.101685E+00 5.399E-03
  3.101819E+00 5.690E-03
  3.101935E+00 6.292E-03
  3.102001E+00 6.919E-03
  3.102050E+00 7.702E-03
  3.102082E+00 8.543E-03
  3.102098E+00 9.142E-03
  3.102114E+00 9.943E-03
  3.102130E+00 1.107E-02
  3.102147E+00 1.277E-02
  3.102163E+00 1.563E-02
  3.102179E+00 2.133E-02
  3.102195E+00 3.715E-02
  3.102211E+00 1.500E-01
  3.102227E+00 2.271E-01
  3.102243E+00 6.364E-03
  3.102258E+00 6.194E-04
  3.102274E+00 5.047E-04
  3.102290E+00 9.928E-04
  3.102306E+00 1.507E-03
  3.102337E+00 2.349E-03
  3.102369E+00 2.973E-03
  3.102416E+00 3.670E-03
  3.102524E+00 4.850E-03
  3.102647E+00 6.172E-03
  3.102723E+00 7.304E-03
  3.102783E+00 8.640E-03
  3.102828E+00 1.015E-02
  3.102857E+00 1.160E-02
  3.102887E+00 1.367E-02
  3.102902E+00 1.508E-02
  3.102916E+00 1.689E-02
  3.102931E+00 1.927E-02
  3.102946E+00 2.257E-02
  3.102961E+00 2.761E-02
  3.102975E+00 3.785E-02
  3.102990E+00 2.228E-01
  3.103004E+00 8.808E-02
  3.103019E+00 1.082E-01
  3.103034E+00 2.199E-01
  3.103048E+00 9.534E-01
  3.103063E+00 1.346E+01
  3.103077E+00 3.160E-01
  3.103092E+00 7.954E-02
  3.103106E+00 3.154E-02
  3.103120E+00 1.521E-02
  3.103135E+00 8.163E-03
  3.103149E+00 4.691E-03
  3.103163E+00 2.836E-03
  3.103178E+00 1.798E-03
  3.103192E+00 1.204E-03
  3.103206E+00 8.674E-04
  3.103221E+00 6.842E-04
  3.103235E+00 5.963E-04
  3.103249E+00 5.685E-04
  3.103263E+00 5.792E-04
  3.103277E+00 6.145E-04
  3.103305E+00 7.263E-04
  3.103431E+00 1.337E-03
  3.103528E+00 1.700E-03
  3.103596E+00 1.858E-03
  3.103637E+00 1.869E-03
  3.103664E+00 1.778E-03
  3.103677E+00 1.654E-03
  3.103691E+00 1.394E-03
  3.103704E+00 7.510E-04
  3.103718E+00 8.925E-01
  3.103731E+00 5.600E-03
  3.103744E+00 3.900E-03
  3.103758E+00 3.441E-03
  3.103771E+00 3.242E-03
  3.103798E+00 3.085E-03
  3.103864E+00 3.040E-03
  3.104211E+00 3.490E-03
  3.104249E+00 3.685E-03
  3.104261E+00 3.854E-03
  3.104274E+00 4.180E-03
  3.104286E+00 4.897E-03
  3.104299E+00 6.810E-03
  3.104311E+00 1.416E-02
  3.104324E+00 9.359E-02
  3.104336E+00 2.766E-01
  3.104348E+00 2.924E-02
  3.104361E+00 1.396E-02
  3.104373E+00 9.717E-03
  3.104385E+00 7.915E-03
  3.104398E+00 6.972E-03
  3.104410E+00 6.415E-03
  3.104434E+00 5.820E-03
  3.104471E+00 5.458E-03
  3.104532E+00 5.327E-03
  3.104628E+00 5.557E-03
  3.104711E+00 6.084E-03
  3.104769E+00 6.799E-03
  3.104804E+00 7.545E-03
  3.104828E+00 8.332E-03
  3.104851E+00 9.616E-03
  3.104862E+00 1.062E-02
  3.104874E+00 1.211E-02
  3.104885E+00 1.450E-02
  3.104897E+00 1.895E-02
  3.104908E+00 2.966E-02
  3.104920E+00 7.689E-02
  3.104931E+00 9.391E+01
  3.104943E+00 1.753E-02
  3.104954E+00 1.400E-03
  3.104965E+00 3.936E-04
  3.104977E+00 7.522E-04
  3.104988E+00 1.258E-03
  3.105011E+00 2.130E-03
  3.105033E+00 2.781E-03
  3.105067E+00 3.499E-03
  3.105145E+00 4.689E-03
  3.105234E+00 5.989E-03
  3.105288E+00 7.090E-03
  3.105332E+00 8.381E-03
  3.105364E+00 9.834E-03
  3.105386E+00 1.123E-02
  3.105407E+00 1.322E-02
  3.105418E+00 1.458E-02
  3.105428E+00 1.632E-02
  3.105439E+00 1.861E-02
  3.105450E+00 2.181E-02
  3.105460E+00 2.677E-02
  3.105471E+00 3.759E-02
  3.105482E+00 6.094E-01
  3.105492E+00 7.998E-02
  3.105503E+00 1.040E-01
  3.105513E+00 2.129E-01
  3.105524E+00 9.396E-01
  3.105534E+00 1.112E+01
  3.105545E+00 2.917E-01
  3.105555E+00 7.397E-02
  3.105566E+00 2.933E-02
  3.105576E+00 1.411E-02
  3.105587E+00 7.554E-03
  3.105597E+00 4.327E-03
  3.105607E+00 2.611E-03
  3.105618E+00 1.656E-03
  3.105628E+00 1.116E-03
  3.105639E+00 8.137E-04
  3.105649E+00 6.541E-04
  3.105659E+00 5.824E-04
  3.105670E+00 5.659E-04
  3.105680E+00 5.846E-04
  3.105690E+00 6.256E-04
  3.105711E+00 7.442E-04
  3.105802E+00 1.360E-03
  3.105853E+00 1.632E-03
  3.105871E+00 1.717E-03
  3.109231E+00 1.898E+00
  3.112561E+00 1.611E+00
  3.115862E+00 1.574E+00
  3.115871E+00 1.626E+00
  3.128088E+00 1.374E+00
  3.143760E+00 1.141E+00
  3.162415E+00 9.413E-01
  3.186914E+00 7.550E-01
  3.212807E+00 6.160E-01
  3.242355E+00 5.046E-01
  3.276684E+00 4.159E-01
  3.319898E+00 3.394E-01
  3.368408E+00 2.791E-01
  3.393431E+00 2.628E-01
  3.404796E+00 2.691E-01
  3.411548E+00 2.859E-01
  3.416768E+00 3.144E-01
  3.420579E+00 3.524E-01
  3.423073E+00 3.910E-01
  3.425530E+00 4.464E-01
  3.427951E+00 5.276E-01
  3.429148E+00 5.823E-01
  3.430336E+00 6.500E-01
  3.431515E+00 7.345E-01
  3.432686E+00 8.411E-01
  3.433848E+00 9.769E-01
  3.435002E+00 1.152E+00
  3.436147E+00 1.379E+00
  3.437284E+00 1.677E+00
  3.438413E+00 2.070E+00
  3.439534E+00 2.586E+00
  3.440646E+00 3.250E+00
  3.441751E+00 4.062E+00
  3.443937E+00 5.764E+00
  3.445018E+00 6.230E+00
  3.446091E+00 6.192E+00
  3.447157E+00 5.716E+00
  3.450310E+00 3.629E+00
  3.451346E+00 3.083E+00
  3.452375E+00 2.642E+00
  3.453396E+00 2.289E+00
  3.454411E+00 2.007E+00
  3.455418E+00 1.780E+00
  3.456418E+00 1.597E+00
  3.458399E+00 1.324E+00
  3.460351E+00 1.141E+00
  3.462278E+00 1.025E+00
  3.463231E+00 9.940E-01
  3.464177E+00 9.925E-01
  3.465118E+00 1.055E+00
  3.466052E+00 1.304E+00
  3.466979E+00 1.614E+00
  3.467900E+00 9.939E-01
  3.468815E+00 7.407E-01
  3.469724E+00 6.583E-01
  3.470627E+00 6.176E-01
  3.473299E+00 5.521E-01
  3.478487E+00 4.777E-01
  3.485893E+00 4.124E-01
  3.495862E+00 3.601E-01
  3.509698E+00 3.200E-01
  3.525369E+00 3.001E-01
  3.534920E+00 3.043E-01
  3.537897E+00 3.169E-01
  3.538867E+00 3.290E-01
  3.539349E+00 3.406E-01
  3.539827E+00 3.616E-01
  3.540303E+00 4.062E-01
  3.540777E+00 5.300E-01
  3.541248E+00 1.113E+00
  3.541716E+00 2.719E+01
  3.542182E+00 2.874E+00
  3.542645E+00 9.161E-01
  3.543106E+00 6.257E-01
  3.543565E+00 5.339E-01
  3.544021E+00 4.982E-01
  3.544474E+00 4.863E-01
  3.544925E+00 4.879E-01
  3.545820E+00 5.211E-01
  3.546264E+00 5.539E-01
  3.546706E+00 6.017E-01
  3.547145E+00 6.717E-01
  3.547582E+00 7.769E-01
  3.548017E+00 9.432E-01
  3.548449E+00 1.227E+00
  3.548879E+00 1.769E+00
  3.549307E+00 3.017E+00
  3.549733E+00 7.114E+00
  3.550156E+00 4.321E+01
  3.550578E+00 1.334E+02
  3.550997E+00 6.647E+01
  3.551413E+00 7.432E+00
  3.551828E+00 3.021E+00
  3.552241E+00 1.790E+00
  3.552651E+00 1.261E+00
  3.553059E+00 9.834E-01
  3.553465E+00 8.191E-01
  3.553869E+00 7.142E-01
  3.554272E+00 6.433E-01
  3.554671E+00 5.936E-01
  3.555465E+00 5.315E-01
  3.556641E+00 4.864E-01
  3.558181E+00 4.670E-01
  3.560433E+00 4.787E-01
  3.562619E+00 5.232E-01
  3.564391E+00 5.885E-01
  3.566121E+00 6.923E-01
  3.567475E+00 8.209E-01
  3.568473E+00 9.609E-01
  3.569457E+00 1.161E+00
  3.570105E+00 1.344E+00
  3.570747E+00 1.587E+00
  3.571383E+00 1.915E+00
  3.572013E+00 2.366E+00
  3.572637E+00 2.991E+00
  3.573255E+00 3.850E+00
  3.574473E+00 6.114E+00
  3.574775E+00 6.556E+00
  3.575074E+00 6.788E+00
  3.575373E+00 6.751E+00
  3.575670E+00 6.460E+00
  3.576260E+00 5.642E+00
  3.576553E+00 6.728E+00
  3.576844E+00 4.621E+01
  3.577134E+00 6.871E+00
  3.577423E+00 2.070E+01
  3.577711E+00 2.061E+01
  3.577997E+00 4.667E+00
  3.578282E+00 2.913E+00
  3.578565E+00 2.230E+00
  3.578848E+00 1.833E+00
  3.579129E+00 1.559E+00
  3.579409E+00 1.353E+00
  3.579687E+00 1.191E+00
  3.579964E+00 1.059E+00
  3.580515E+00 8.592E-01
  3.581061E+00 7.160E-01
  3.581602E+00 6.112E-01
  3.582138E+00 5.375E-01
  3.582404E+00 5.142E-01
  3.582669E+00 5.059E-01
  3.582933E+00 5.284E-01
  3.583195E+00 6.333E-01
  3.583457E+00 1.005E+00
  3.583717E+00 1.823E+00
  3.583976E+00 1.493E+00
  3.584234E+00 9.221E-01
  3.584491E+00 6.675E-01
  3.584747E+00 5.434E-01
  3.585002E+00 4.720E-01
  3.585255E+00 4.253E-01
  3.585759E+00 3.663E-01
  3.586506E+00 3.145E-01
  3.587487E+00 2.726E-01
  3.588928E+00 2.337E-01
  3.590791E+00 2.021E-01
  3.592148E+00 1.897E-01
  3.592813E+00 1.941E-01
  3.593033E+00 2.011E-01
  3.593252E+00 2.149E-01
  3.593470E+00 2.431E-01
  3.593687E+00 3.058E-01
  3.593904E+00 4.739E-01
  3.594119E+00 1.137E+00
  3.594333E+00 1.008E+01
  3.594547E+00 1.125E+01
  3.594760E+00 1.561E+00
  3.594972E+00 7.257E-01
  3.595183E+00 4.809E-01
  3.595393E+00 3.740E-01
  3.595602E+00 3.166E-01
  3.595810E+00 2.815E-01
  3.596018E+00 2.581E-01
  3.596430E+00 2.290E-01
  3.597043E+00 2.050E-01
  3.598047E+00 1.839E-01
  3.599995E+00 1.615E-01
  3.604016E+00 1.253E-01
  3.604191E+00 1.263E-01
  3.604365E+00 1.340E-01
  3.604538E+00 1.749E-01
  3.604711E+00 6.968E-01
  3.604883E+00 1.551E+00
  3.605054E+00 2.942E-01
  3.605225E+00 1.901E-01
  3.605395E+00 1.573E-01
  3.605564E+00 1.411E-01
  3.605901E+00 1.233E-01
  3.606896E+00 9.152E-02
  3.607385E+00 7.742E-02
  3.607547E+00 7.396E-02
  3.607708E+00 7.262E-02
  3.607868E+00 7.602E-02
  3.608028E+00 9.035E-02
  3.608188E+00 1.321E-01
  3.608346E+00 2.538E-01
  3.608505E+00 6.833E-01
  3.608662E+00 3.259E+00
  3.608819E+00 8.782E+01
  3.608975E+00 6.989E+00
  3.609131E+00 2.292E+00
  3.609286E+00 1.372E+00
  3.609441E+00 1.153E+00
  3.609595E+00 1.535E+00
  3.609748E+00 6.361E+00
  3.609901E+00 1.054E+01
  3.610054E+00 1.895E+00
  3.610205E+00 9.706E-01
  3.610357E+00 6.878E-01
  3.610507E+00 5.575E-01
  3.610657E+00 4.836E-01
  3.610807E+00 4.362E-01
  3.610956E+00 4.035E-01
  3.611252E+00 3.626E-01
  3.611546E+00 3.411E-01
  3.611838E+00 3.362E-01
  3.611983E+00 3.441E-01
  3.612128E+00 3.724E-01
  3.612272E+00 5.191E-01
  3.612416E+00 5.640E+00
  3.612559E+00 3.037E-01
  3.612701E+00 3.030E-01
  3.612844E+00 3.380E-01
  3.612985E+00 4.210E-01
  3.613126E+00 7.051E-01
  3.613267E+00 4.115E+00
  3.613407E+00 3.020E+00
  3.613546E+00 4.881E-01
  3.613685E+00 2.944E-01
  3.613824E+00 2.453E-01
  3.613962E+00 2.267E-01
  3.614236E+00 2.134E-01
  3.614914E+00 2.068E-01
  3.615973E+00 2.116E-01
  3.616749E+00 2.277E-01
  3.617257E+00 2.516E-01
  3.617633E+00 2.846E-01
  3.617881E+00 3.219E-01
  3.618005E+00 3.507E-01
  3.618128E+00 3.950E-01
  3.618251E+00 4.772E-01
  3.618374E+00 6.846E-01
  3.618496E+00 1.580E+00
  3.618617E+00 1.709E+01
  3.618738E+00 5.220E+00
  3.618859E+00 3.647E+00
  3.618979E+00 7.570E+00
  3.619099E+00 1.628E+00
  3.619219E+00 1.054E+00
  3.619338E+00 8.305E-01
  3.619457E+00 7.006E-01
  3.619575E+00 6.104E-01
  3.619693E+00 5.424E-01
  3.619810E+00 4.889E-01
  3.620044E+00 4.112E-01
  3.620276E+00 3.598E-01
  3.620507E+00 3.269E-01
  3.620736E+00 3.097E-01
  3.620850E+00 3.083E-01
  3.620963E+00 3.144E-01
  3.621076E+00 3.342E-01
  3.621189E+00 3.846E-01
  3.621301E+00 5.148E-01
  3.621414E+00 8.026E-01
  3.621525E+00 7.659E-01
  3.621636E+00 4.505E-01
  3.621747E+00 3.174E-01
  3.621858E+00 2.640E-01
  3.621968E+00 2.382E-01
  3.622078E+00 2.236E-01
  3.622296E+00 2.078E-01
  3.622729E+00 1.937E-01
  3.623473E+00 1.860E-01
  3.623993E+00 1.905E-01
  3.624302E+00 2.013E-01
  3.624506E+00 2.161E-01
  3.624708E+00 2.437E-01
  3.624809E+00 2.665E-01
  3.624910E+00 3.000E-01
  3.625010E+00 3.512E-01
  3.625110E+00 4.345E-01
  3.625209E+00 5.815E-01
  3.625308E+00 8.742E-01
  3.625407E+00 1.582E+00
  3.625506E+00 4.043E+00
  3.625604E+00 2.580E+01
  3.625702E+00 4.007E+01
  3.625800E+00 5.284E+00
  3.625897E+00 2.043E+00
  3.625994E+00 1.143E+00
  3.626091E+00 7.695E-01
  3.626187E+00 5.784E-01
  3.626283E+00 4.670E-01
  3.626379E+00 3.962E-01
  3.626474E+00 3.481E-01
  3.626569E+00 3.138E-01
  3.626664E+00 2.884E-01
  3.626853E+00 2.540E-01
  3.627134E+00 2.239E-01
  3.627505E+00 2.026E-01
  3.627961E+00 1.901E-01
  3.628411E+00 1.887E-01
  3.628677E+00 1.966E-01
  3.628853E+00 2.107E-01
  3.628941E+00 2.234E-01
  3.629029E+00 2.435E-01
  3.629116E+00 2.770E-01
  3.629203E+00 3.390E-01
  3.629289E+00 4.741E-01
  3.629376E+00 8.712E-01
  3.629462E+00 3.302E+00
  3.629548E+00 4.181E+01
  3.629633E+00 1.523E+00
  3.629718E+00 5.023E-01
  3.629803E+00 2.881E-01
  3.629888E+00 2.115E-01
  3.629973E+00 1.762E-01
  3.630057E+00 1.574E-01
  3.630141E+00 1.466E-01
  3.630225E+00 1.406E-01
  3.630308E+00 1.391E-01
  3.630392E+00 1.462E-01
  3.630475E+00 1.908E-01
  3.630557E+00 9.919E-01
  3.630640E+00 7.793E-01
  3.630722E+00 2.465E-01
  3.630804E+00 1.910E-01
  3.630886E+00 1.815E-01
  3.630967E+00 1.908E-01
  3.631049E+00 2.210E-01
  3.631130E+00 2.924E-01
  3.631210E+00 4.785E-01
  3.631291E+00 1.138E+00
  3.631371E+00 5.405E+00
  3.631451E+00 5.399E+00
  3.631531E+00 1.339E+00
  3.631611E+00 6.220E-01
  3.631690E+00 3.922E-01
  3.631769E+00 2.908E-01
  3.631848E+00 2.386E-01
  3.631926E+00 2.122E-01
  3.632005E+00 2.065E-01
  3.632083E+00 2.335E-01
  3.632161E+00 3.795E-01
  3.632239E+00 3.725E+00
  3.632316E+00 4.069E-01
  3.632393E+00 2.402E-01
  3.632470E+00 6.709E-01
  3.632547E+00 3.939E+00
  3.632624E+00 9.049E+01
  3.632700E+00 5.154E+00
  3.632776E+00 1.885E+00
  3.632852E+00 1.106E+00
  3.632928E+00 7.887E-01
  3.633003E+00 6.232E-01
  3.633078E+00 5.236E-01
  3.633153E+00 4.578E-01
  3.633228E+00 4.115E-01
  3.633377E+00 3.510E-01
  3.633525E+00 3.136E-01
  3.633745E+00 2.787E-01
  3.634036E+00 2.523E-01
  3.634395E+00 2.379E-01
  3.634537E+00 2.401E-01
  3.634608E+00 2.464E-01
  3.634678E+00 2.641E-01
  3.634749E+00 3.446E-01
  3.634819E+00 7.788E-01
  3.634889E+00 1.586E-01
  3.634959E+00 1.737E-01
  3.635097E+00 1.842E-01
  3.635981E+00 1.963E-01
  3.636247E+00 2.100E-01
  3.636378E+00 2.250E-01
  3.636444E+00 2.382E-01
  3.636509E+00 2.612E-01
  3.636574E+00 3.091E-01
  3.636639E+00 4.384E-01
  3.636704E+00 9.733E-01
  3.636769E+00 7.554E+00
  3.636833E+00 6.501E+00
  3.636897E+00 1.426E+00
  3.636961E+00 8.536E-01
  3.637025E+00 1.296E+00
  3.637089E+00 5.235E+01
  3.637152E+00 1.281E+00
  3.637216E+00 6.457E-01
  3.637279E+00 4.764E-01
  3.637342E+00 3.976E-01
  3.637405E+00 3.512E-01
  3.637468E+00 3.204E-01
  3.637592E+00 2.827E-01
  3.637716E+00 2.627E-01
  3.637840E+00 2.556E-01
  3.637901E+00 2.581E-01
  3.637963E+00 2.679E-01
  3.638024E+00 2.918E-01
  3.638085E+00 3.502E-01
  3.638146E+00 5.013E-01
  3.638206E+00 7.270E-01
  3.638327E+00 3.284E-01
  3.638387E+00 2.553E-01
  3.638447E+00 2.242E-01
  3.638507E+00 2.084E-01
  3.638626E+00 1.932E-01
  3.638862E+00 1.814E-01
  3.639327E+00 1.749E-01
  3.639670E+00 1.808E-01
  3.639839E+00 1.929E-01
  3.639951E+00 2.104E-01
  3.640007E+00 2.248E-01
  3.640062E+00 2.462E-01
  3.640118E+00 2.789E-01
  3.640173E+00 3.322E-01
  3.640228E+00 4.261E-01
  3.640283E+00 6.127E-01
  3.640338E+00 1.062E+00
  3.640393E+00 2.605E+00
  3.640447E+00 1.595E+01
  3.640502E+00 3.133E+01
  3.640556E+00 3.715E+00
  3.640610E+00 1.438E+00
  3.640664E+00 8.206E-01
  3.640718E+00 5.671E-01
  3.640772E+00 4.379E-01
  3.640826E+00 3.629E-01
  3.640879E+00 3.152E-01
  3.640932E+00 2.828E-01
  3.640986E+00 2.597E-01
  3.641092E+00 2.296E-01
  3.641249E+00 2.046E-01
  3.641458E+00 1.876E-01
  3.641767E+00 1.774E-01
  3.641970E+00 1.787E-01
  3.642121E+00 1.889E-01
  3.642171E+00 1.966E-01
  3.642221E+00 2.093E-01
  3.642271E+00 2.313E-01
  3.642321E+00 2.742E-01
  3.642370E+00 3.767E-01
  3.642420E+00 7.448E-01
  3.642469E+00 5.253E+00
  3.642518E+00 2.495E+00
  3.642568E+00 4.613E-01
  3.642617E+00 2.460E-01
  3.642665E+00 1.868E-01
  3.642714E+00 1.634E-01
  3.642763E+00 1.524E-01
  3.642859E+00 1.437E-01
  3.643004E+00 1.439E-01
  3.643099E+00 1.517E-01
  3.643147E+00 1.597E-01
  3.643194E+00 1.731E-01
  3.643242E+00 1.964E-01
  3.643289E+00 2.406E-01
  3.643336E+00 3.370E-01
  3.643383E+00 6.139E-01
  3.643430E+00 2.340E+00
  3.643477E+00 1.137E+01
  3.643524E+00 4.849E+00
  3.643570E+00 3.382E+00
  3.643617E+00 1.786E+00
  3.643663E+00 3.508E-01
  3.643709E+00 2.326E-01
  3.643755E+00 1.859E-01
  3.643801E+00 1.594E-01
  3.643847E+00 1.417E-01
  3.643938E+00 1.181E-01
  3.644075E+00 9.381E-02
  3.644299E+00 5.962E-02
  3.644344E+00 5.485E-02
  3.644389E+00 5.391E-02
  3.644433E+00 6.289E-02
  3.644477E+00 9.953E-02
  3.644521E+00 2.270E-01
  3.644566E+00 7.695E-01
  3.644609E+00 5.627E+00
  3.644653E+00 3.746E+01
  3.644697E+00 3.754E+00
  3.644741E+00 1.568E+00
  3.644784E+00 9.670E-01
  3.644828E+00 7.072E-01
  3.644871E+00 5.672E-01
  3.644914E+00 4.812E-01
  3.644957E+00 4.236E-01
  3.645000E+00 3.826E-01
  3.645086E+00 3.286E-01
  3.645171E+00 2.949E-01
  3.645299E+00 2.639E-01
  3.645425E+00 2.465E-01
  3.645550E+00 2.427E-01
  3.645592E+00 2.496E-01
  3.645633E+00 2.764E-01
  3.645675E+00 6.444E-01
  3.645716E+00 1.467E-01
  3.645757E+00 1.695E-01
  3.645798E+00 1.779E-01
  3.645921E+00 1.823E-01
  3.646482E+00 1.741E-01
  3.646599E+00 1.774E-01
  3.646677E+00 1.869E-01
  3.646716E+00 1.995E-01
  3.646755E+00 2.281E-01
  3.646794E+00 3.061E-01
  3.646832E+00 5.966E-01
  3.646871E+00 2.934E+00
  3.646909E+00 1.258E+01
  3.646948E+00 1.641E+00
  3.646986E+00 8.456E-01
  3.647024E+00 1.116E+00
  3.647062E+00 1.300E+02
  3.647100E+00 1.514E+00
  3.647138E+00 6.447E-01
  3.647176E+00 4.520E-01
  3.647214E+00 3.703E-01
  3.647251E+00 3.253E-01
  3.647289E+00 2.968E-01
  3.647326E+00 2.774E-01
  3.647401E+00 2.540E-01
  3.647475E+00 2.440E-01
  3.647549E+00 2.482E-01
  3.647586E+00 2.606E-01
  3.647623E+00 2.897E-01
  3.647659E+00 3.619E-01
  3.647696E+00 5.494E-01
  3.647733E+00 7.069E-01
  3.647769E+00 4.392E-01
  3.647805E+00 2.908E-01
  3.647842E+00 2.360E-01
  3.647878E+00 2.119E-01
  3.647914E+00 1.993E-01
  3.647986E+00 1.867E-01
  3.648164E+00 1.753E-01
  3.648480E+00 1.711E-01
  3.648653E+00 1.778E-01
  3.648756E+00 1.918E-01
  3.648824E+00 2.130E-01
  3.648858E+00 2.317E-01
  3.648892E+00 2.608E-01
  3.648926E+00 3.090E-01
  3.648959E+00 3.963E-01
  3.648993E+00 5.767E-01
  3.649026E+00 1.042E+00
  3.649060E+00 2.900E+00
  3.649093E+00 3.005E+01
  3.649127E+00 1.128E+01
  3.649160E+00 2.180E+00
  3.649193E+00 9.805E-01
  3.649226E+00 6.064E-01
  3.649259E+00 4.420E-01
  3.649292E+00 3.549E-01
  3.649325E+00 3.029E-01
  3.649358E+00 2.693E-01
  3.649391E+00 2.461E-01
  3.649423E+00 2.294E-01
  3.649489E+00 2.073E-01
  3.649586E+00 1.886E-01
  3.649746E+00 1.735E-01
  3.649937E+00 1.675E-01
  3.650062E+00 1.720E-01
  3.650124E+00 1.822E-01
  3.650155E+00 1.934E-01
  3.650186E+00 2.152E-01
  3.650217E+00 2.665E-01
  3.650248E+00 4.467E-01
  3.650279E+00 2.475E+00
  3.650310E+00 1.216E+00
  3.650340E+00 2.840E-01
  3.650371E+00 1.868E-01
  3.650401E+00 1.615E-01
  3.650432E+00 1.525E-01
  3.650493E+00 1.489E-01
  3.650553E+00 1.536E-01
  3.650583E+00 1.592E-01
  3.650613E+00 1.682E-01
  3.650643E+00 1.832E-01
  3.650673E+00 2.109E-01
  3.650703E+00 2.720E-01
  3.650733E+00 4.761E-01
  3.650762E+00 4.211E+00
  3.650792E+00 7.770E-01
  3.650822E+00 3.674E-01
  3.650851E+00 7.150E-01
  3.650881E+00 2.783E+00
  3.650910E+00 2.989E+00
  3.650940E+00 8.970E-01
  3.650969E+00 4.420E-01
  3.650998E+00 2.904E-01
  3.651027E+00 3.293E-01
  3.651085E+00 1.836E-01
  3.651114E+00 1.589E-01
  3.651143E+00 1.438E-01
  3.651201E+00 1.240E-01
  3.651287E+00 1.040E-01
  3.651514E+00 5.703E-02
  3.651542E+00 5.191E-02
  3.651570E+00 4.917E-02
  3.651598E+00 5.265E-02
  3.651626E+00 7.281E-02
  3.651653E+00 1.431E-01
  3.651681E+00 4.037E-01
  3.651709E+00 1.866E+00
  3.651737E+00 3.999E+01
  3.651764E+00 7.677E+00
  3.651792E+00 2.154E+00
  3.651819E+00 1.159E+00
  3.651847E+00 7.935E-01
  3.651874E+00 6.129E-01
  3.651901E+00 5.078E-01
  3.651929E+00 4.399E-01
  3.651956E+00 3.929E-01
  3.651983E+00 3.586E-01
  3.652037E+00 3.124E-01
  3.652118E+00 2.728E-01
  3.652198E+00 2.531E-01
  3.652251E+00 2.533E-01
  3.652278E+00 2.674E-01
  3.652304E+00 3.612E-01
  3.652331E+00 1.614E-01
  3.652357E+00 1.680E-01
  3.652383E+00 1.788E-01
  3.652436E+00 1.832E-01
  3.652898E+00 1.608E-01
  3.652974E+00 1.637E-01
  3.652999E+00 1.700E-01
  3.653024E+00 1.854E-01
  3.653049E+00 2.263E-01
  3.653074E+00 3.572E-01
  3.653098E+00 1.014E+00
  3.653123E+00 1.341E+01
  3.653148E+00 3.134E+00
  3.653173E+00 1.034E+00
  3.653197E+00 1.049E+00
  3.653222E+00 3.122E+01
  3.653246E+00 1.867E+00
  3.653271E+00 6.893E-01
  3.653295E+00 4.637E-01
  3.653320E+00 3.733E-01
  3.653344E+00 3.251E-01
  3.653368E+00 2.954E-01
  3.653417E+00 2.616E-01
  3.653465E+00 2.454E-01
  3.653513E+00 2.416E-01
  3.653537E+00 2.456E-01
  3.653561E+00 2.570E-01
  3.653585E+00 2.836E-01
  3.653609E+00 3.485E-01
  3.653632E+00 5.203E-01
  3.653656E+00 7.377E-01
  3.653680E+00 4.800E-01
  3.653703E+00 3.033E-01
  3.653727E+00 2.398E-01
  3.653750E+00 2.128E-01
  3.653774E+00 1.991E-01
  3.653821E+00 1.859E-01
  3.653914E+00 1.756E-01
  3.654120E+00 1.692E-01
  3.654256E+00 1.746E-01
  3.654324E+00 1.862E-01
  3.654368E+00 2.039E-01
  3.654390E+00 2.194E-01
  3.654413E+00 2.434E-01
  3.654435E+00 2.827E-01
  3.654457E+00 3.529E-01
  3.654479E+00 4.950E-01
  3.654501E+00 8.478E-01
  3.654523E+00 2.146E+00
  3.654545E+00 1.633E+01
  3.654567E+00 1.418E+01
  3.654589E+00 2.211E+00
  3.654611E+00 9.417E-01
  3.654632E+00 5.721E-01
  3.654654E+00 4.150E-01
  3.654676E+00 3.334E-01
  3.654698E+00 2.854E-01
  3.654719E+00 2.545E-01
  3.654741E+00 2.334E-01
  3.654762E+00 2.183E-01
  3.654805E+00 1.984E-01
  3.654869E+00 1.816E-01
  3.654975E+00 1.679E-01
  3.655101E+00 1.622E-01
  3.655184E+00 1.658E-01
  3.655226E+00 1.752E-01
  3.655246E+00 1.866E-01
  3.655267E+00 2.122E-01
  3.655287E+00 2.924E-01
  3.655308E+00 9.156E-01
  3.655328E+00 1.160E+00
  3.655349E+00 2.382E-01
  3.655369E+00 1.705E-01
  3.655389E+00 1.560E-01
  3.655410E+00 1.526E-01
  3.655450E+00 1.569E-01
  3.655470E+00 1.635E-01
  3.655490E+00 1.748E-01
  3.655511E+00 1.955E-01
  3.655531E+00 2.406E-01
  3.655551E+00 3.818E-01
  3.655571E+00 1.918E+00
  3.655591E+00 9.918E-01
  3.655610E+00 1.825E-01
  3.655630E+00 1.577E-01
  3.655650E+00 2.013E-01
  3.655670E+00 3.400E-01
  3.655690E+00 8.855E-01
  3.655709E+00 3.516E+00
  3.655729E+00 1.679E+00
  3.655749E+00 6.147E-01
  3.655768E+00 3.491E-01
  3.655788E+00 2.484E-01
  3.655808E+00 2.002E-01
  3.655827E+00 1.810E-01
  3.655846E+00 4.298E-01
  3.655866E+00 2.872E-01
  3.655885E+00 1.668E-01
  3.655905E+00 1.427E-01
  3.655924E+00 1.304E-01
  3.655963E+00 1.149E-01
  3.656134E+00 6.613E-02
  3.656172E+00 5.452E-02
  3.656191E+00 4.960E-02
  3.656210E+00 4.703E-02
  3.656228E+00 5.058E-02
  3.656247E+00 7.054E-02
  3.656266E+00 1.395E-01
  3.656284E+00 3.928E-01
  3.656303E+00 1.786E+00
  3.656322E+00 3.491E+01
  3.656340E+00 7.978E+00
  3.656359E+00 2.188E+00
  3.656377E+00 1.167E+00
  3.656395E+00 7.953E-01
  3.656414E+00 6.126E-01
  3.656432E+00 5.066E-01
  3.656451E+00 4.384E-01
  3.656469E+00 3.912E-01
  3.656487E+00 3.569E-01
  3.656505E+00 3.310E-01
  3.656542E+00 2.951E-01
  3.656596E+00 2.658E-01
  3.656632E+00 2.622E-01
  3.656650E+00 2.747E-01
  3.656668E+00 3.655E-01
  3.656686E+00 1.676E-01
  3.656704E+00 1.726E-01
  3.656722E+00 1.827E-01
  3.656757E+00 1.858E-01
  3.657106E+00 1.524E-01
  3.657141E+00 1.536E-01
  3.657158E+00 1.587E-01
  3.657175E+00 1.724E-01
  3.657192E+00 2.100E-01
  3.657209E+00 3.315E-01
  3.657226E+00 9.351E-01
  3.657242E+00 1.177E+01
  3.657259E+00 3.122E+00
  3.657276E+00 1.067E+00
  3.657293E+00 1.550E+00
  3.657310E+00 3.289E+01
  3.657327E+00 1.245E+00
  3.657343E+00 6.022E-01
  3.657360E+00 4.332E-01
  3.657377E+00 3.580E-01
  3.657393E+00 3.158E-01
  3.657410E+00 2.891E-01
  3.657443E+00 2.585E-01
  3.657476E+00 2.442E-01
  3.657509E+00 2.424E-01
  3.657525E+00 2.481E-01
  3.657542E+00 2.626E-01
  3.657558E+00 2.961E-01
  3.657574E+00 3.797E-01
  3.657591E+00 5.972E-01
  3.657607E+00 7.266E-01
  3.657623E+00 4.267E-01
  3.657639E+00 2.839E-01
  3.657656E+00 2.318E-01
  3.657672E+00 2.088E-01
  3.657688E+00 1.966E-01
  3.657720E+00 1.845E-01
  3.657800E+00 1.734E-01
  3.657942E+00 1.686E-01
  3.658020E+00 1.738E-01
  3.658066E+00 1.853E-01
  3.658097E+00 2.033E-01
  3.658113E+00 2.192E-01
  3.658128E+00 2.441E-01
  3.658143E+00 2.858E-01
  3.658158E+00 3.623E-01
  3.658174E+00 5.239E-01
  3.658189E+00 9.563E-01
  3.658204E+00 2.841E+00
  3.658219E+00 3.966E+01
  3.658235E+00 6.612E+00
  3.658250E+00 1.548E+00
  3.658265E+00 7.503E-01
  3.658280E+00 4.864E-01
  3.658295E+00 3.670E-01
  3.658310E+00 3.026E-01
  3.658325E+00 2.637E-01
  3.658340E+00 2.383E-01
  3.658355E+00 2.207E-01
  3.658385E+00 1.983E-01
  3.658429E+00 1.801E-01
  3.658503E+00 1.658E-01
  3.658605E+00 1.589E-01
  3.658663E+00 1.628E-01
  3.658678E+00 1.665E-01
  3.658692E+00 1.736E-01
  3.658706E+00 1.889E-01
  3.658721E+00 2.334E-01
  3.658735E+00 5.117E-01
  3.658749E+00 1.141E+00
  3.658764E+00 2.135E-01
  3.658778E+00 1.631E-01
  3.658792E+00 1.548E-01
  3.658806E+00 1.548E-01
  3.658820E+00 1.587E-01
  3.658835E+00 1.663E-01
  3.658849E+00 1.800E-01
  3.658863E+00 2.069E-01
  3.658877E+00 2.740E-01
  3.658891E+00 5.760E-01
  3.658905E+00 3.267E+02
  3.658919E+00 2.746E-01
  3.658933E+00 1.316E-01
  3.658947E+00 1.258E-01
  3.658961E+00 1.452E-01
  3.658975E+00 1.951E-01
  3.658989E+00 3.351E-01
  3.659002E+00 9.053E-01
  3.659016E+00 3.341E+00
  3.659030E+00 1.357E+00
  3.659044E+00 5.343E-01
  3.659058E+00 3.180E-01
  3.659071E+00 2.330E-01
  3.659085E+00 1.906E-01
  3.659099E+00 1.670E-01
  3.659112E+00 1.578E-01
  3.659126E+00 2.333E-01
  3.659140E+00 6.251E-01
  3.659153E+00 1.788E-01
  3.659167E+00 1.424E-01
  3.659181E+00 1.282E-01
  3.659194E+00 1.194E-01
  3.659235E+00 1.018E-01
  3.659315E+00 7.158E-02
  3.659368E+00 4.942E-02
  3.659381E+00 4.608E-02
  3.659394E+00 4.742E-02
  3.659408E+00 6.107E-02
  3.659421E+00 1.099E-01
  3.659434E+00 2.801E-01
  3.659447E+00 1.068E+00
  3.659460E+00 1.075E+01
  3.659473E+00 1.629E+01
  3.659486E+00 2.875E+00
  3.659499E+00 1.355E+00
  3.659512E+00 8.751E-01
  3.659525E+00 6.545E-01
  3.659538E+00 5.317E-01
  3.659551E+00 4.547E-01
  3.659564E+00 4.024E-01
  3.659577E+00 3.650E-01
  3.659603E+00 3.159E-01
  3.659629E+00 2.867E-01
  3.659654E+00 2.716E-01
  3.659667E+00 2.713E-01
  3.659680E+00 2.849E-01
  3.659692E+00 4.068E-01
  3.659705E+00 1.592E-01
  3.659718E+00 1.787E-01
  3.659730E+00 1.871E-01
  3.659768E+00 1.872E-01
  3.660016E+00 1.474E-01
  3.660040E+00 1.487E-01
  3.660053E+00 1.549E-01
  3.660065E+00 1.721E-01
  3.660077E+00 2.216E-01
  3.660089E+00 3.958E-01
  3.660101E+00 1.479E+00
  3.660113E+00 1.795E+01
  3.660125E+00 1.966E+00
  3.660137E+00 1.101E+00
  3.660149E+00 7.718E+00
  3.660161E+00 2.854E+00
  3.660173E+00 7.985E-01
  3.660185E+00 5.012E-01
  3.660197E+00 3.918E-01
  3.660209E+00 3.359E-01
  3.660220E+00 3.024E-01
  3.660232E+00 2.803E-01
  3.660256E+00 2.546E-01
  3.660280E+00 2.433E-01
  3.660303E+00 2.452E-01
  3.660315E+00 2.546E-01
  3.660326E+00 2.764E-01
  3.660338E+00 3.280E-01
  3.660350E+00 4.637E-01
  3.660361E+00 7.411E-01
  3.660373E+00 5.910E-01
  3.660385E+00 3.439E-01
  3.660396E+00 2.547E-01
  3.660408E+00 2.194E-01
  3.660419E+00 2.024E-01
  3.660443E+00 1.869E-01
  3.660488E+00 1.755E-01
  3.660591E+00 1.682E-01
  3.660658E+00 1.720E-01
  3.660691E+00 1.812E-01
  3.660714E+00 1.953E-01
  3.660725E+00 2.075E-01
  3.660736E+00 2.262E-01
  3.660747E+00 2.563E-01
  3.660758E+00 3.089E-01
  3.660769E+00 4.114E-01
  3.660780E+00 6.506E-01
  3.660791E+00 1.424E+00
  3.660802E+00 6.995E+00
  3.660813E+00 2.867E+01
  3.660824E+00 2.620E+00
  3.660835E+00 9.752E-01
  3.660846E+00 5.634E-01
  3.660856E+00 4.003E-01
  3.660867E+00 3.189E-01
  3.660878E+00 2.722E-01
  3.660889E+00 2.428E-01
  3.660900E+00 2.230E-01
  3.660921E+00 1.985E-01
  3.660954E+00 1.793E-01
  3.661007E+00 1.645E-01
  3.661081E+00 1.569E-01
  3.661123E+00 1.592E-01
  3.661144E+00 1.668E-01
  3.661154E+00 1.774E-01
  3.661165E+00 2.068E-01
  3.661175E+00 3.701E-01
  3.661185E+00 1.031E+00
  3.661196E+00 1.966E-01
  3.661206E+00 1.591E-01
  3.661216E+00 1.547E-01
  3.661227E+00 1.571E-01
  3.661237E+00 1.635E-01
  3.661247E+00 1.752E-01
  3.661258E+00 1.977E-01
  3.661268E+00 2.509E-01
  3.661278E+00 4.552E-01
  3.661288E+00 1.009E+01
  3.661298E+00 3.585E-01
  3.661309E+00 1.296E-01
  3.661319E+00 1.138E-01
  3.661329E+00 1.209E-01
  3.661339E+00 1.414E-01
  3.661349E+00 1.883E-01
  3.661359E+00 3.195E-01
  3.661369E+00 8.587E-01
  3.661380E+00 3.110E+00
  3.661390E+00 1.249E+00
  3.661400E+00 5.029E-01
  3.661410E+00 3.044E-01
  3.661427E+00 1.947E-01
  3.671417E+00 1.874E+00
  3.671427E+00 9.562E-01
  3.696370E+00 7.651E-01
  3.721314E+00 6.626E-01
  3.746257E+00 5.895E-01
  3.771200E+00 5.351E-01
  3.796144E+00 4.986E-01
  3.821087E+00 4.774E-01
  3.995690E+00 4.222E-01
  4.843763E+00 2.876E-01
  5.292742E+00 2.301E-01
  5.766665E+00 1.829E-01
  6.115871E+00 1.558E-01
  6.239422E+00 1.467E-01
  6.365463E+00 1.382E-01
  6.494054E+00 1.301E-01
  6.625245E+00 1.226E-01
  6.759085E+00 1.154E-01
  6.895624E+00 1.087E-01
  7.034924E+00 1.024E-01
  7.177039E+00 9.641E-02
  7.322024E+00 9.079E-02
  7.469944E+00 8.550E-02
  7.620844E+00 8.053E-02
  7.774794E+00 7.584E-02
  7.931859E+00 7.142E-02
  8.092091E+00 6.726E-02
  8.255559E+00 6.334E-02
  8.422336E+00 5.965E-02
  8.592477E+00 5.618E-02
  8.766059E+00 5.291E-02
  8.943141E+00 4.983E-02
  9.123810E+00 4.693E-02
  9.308119E+00 4.419E-02
  9.496154E+00 4.162E-02
  9.687992E+00 3.920E-02
  9.883704E+00 3.691E-02
  1.008336E+01 3.476E-02
  1.028707E+01 3.274E-02
  1.049488E+01 3.083E-02
  1.070689E+01 2.904E-02
  1.092318E+01 2.735E-02
  1.114384E+01 2.575E-02
  1.136896E+01 2.425E-02
  1.159863E+01 2.284E-02
  1.183294E+01 2.151E-02
  1.207198E+01 2.026E-02
  1.231585E+01 1.908E-02
  1.256465E+01 1.797E-02
  1.281847E+01 1.692E-02
  1.307742E+01 1.594E-02
  1.334160E+01 1.501E-02
  1.361112E+01 1.413E-02
  1.388608E+01 1.331E-02
  1.416660E+01 1.254E-02
  1.445278E+01 1.181E-02
  1.474475E+01 1.112E-02
  1.504262E+01 1.047E-02
  1.534650E+01 9.861E-03
  1.565652E+01 9.287E-03
  1.597280E+01 8.746E-03
  1.629547E+01 8.236E-03
  1.662465E+01 7.757E-03
  1.696048E+01 7.305E-03
  1.730312E+01 6.880E-03
  1.765266E+01 6.479E-03
  1.800928E+01 6.102E-03
  1.837308E+01 5.746E-03
  1.874425E+01 5.412E-03
  1.912289E+01 5.097E-03
  1.950922E+01 4.800E-03
  1.990331E+01 4.520E-03
  2.030539E+01 4.257E-03
  2.071558E+01 4.009E-03
  2.113408E+01 3.776E-03
  2.156100E+01 3.556E-03
  2.199657E+01 3.349E-03
  2.244092E+01 3.154E-03
  2.289427E+01 2.970E-03
  2.335675E+01 2.797E-03