  3.214397E-02 4.474E+01
  4.214397E-02 2.812E+01
  9.342867E-02 6.565E+00
  1.434095E-01 2.879E+00
  1.921302E-01 1.628E+00
  2.396328E-01 1.061E+00
  2.859577E-01 7.532E-01
  3.311433E-01 5.631E-01
  3.752268E-01 4.355E-01
  4.182438E-01 3.456E-01
  4.602282E-01 2.807E-01
  5.012131E-01 2.334E-01
  5.412297E-01 1.983E-01
  5.803084E-01 1.720E-01
  6.184782E-01 1.515E-01
  6.922021E-01 1.216E-01
  7.966372E-01 9.061E-02
  8.942619E-01 6.868E-02
  9.558503E-01 5.806E-02
  1.043382E+00 4.699E-02
  1.125519E+00 3.999E-02
  1.251584E+00 3.265E-02
  1.507800E+00 2.035E-02
  1.615760E+00 1.630E-02
  1.712713E+00 1.374E-02
  1.827331E+00 1.182E-02
  2.085232E+00 8.611E-03
  2.383549E+00 3.955E-03
  2.511058E+00 2.117E-03
  2.547738E+00 1.481E-03
  2.571198E+00 9.921E-04
  2.590003E+00 5.402E-04
  2.601921E+00 2.438E-04
  2.604827E+00 1.768E-04
  2.607704E+00 1.159E-04
  2.610553E+00 6.375E-05
  2.613374E+00 2.411E-05
  2.616167E+00 2.219E-06
  2.618933E+00 5.491E-06
  2.621673E+00 4.454E-05
  2.624385E+00 1.348E-04
  2.627072E+00 2.993E-04
  2.629733E+00 5.729E-04
  2.632368E+00 1.010E-03
  2.634978E+00 1.700E-03
  2.637564E+00 2.789E-03
  2.640124E+00 4.540E-03
  2.642661E+00 7.444E-03
  2.645173E+00 1.250E-02
  2.647662E+00 2.194E-02
  2.650128E+00 4.163E-02
  2.652570E+00 9.033E-02
  2.654990E+00 2.525E-01
  2.657387E+00 1.136E+00
  2.659762E+00 1.625E+00
  2.662116E+00 4.294E-01
  2.664447E+00 1.839E-01
  2.666757E+00 1.049E-01
  2.669046E+00 6.986E-02
  2.671314E+00 5.109E-02
  2.673562E+00 3.976E-02
  2.675789E+00 3.233E-02
  2.677996E+00 2.714E-02
  2.680183E+00 2.336E-02
  2.682351E+00 2.049E-02
  2.684499E+00 1.826E-02
  2.688737E+00 1.502E-02
  2.692901E+00 1.280E-02
  2.699011E+00 1.054E-02
  2.704961E+00 9.019E-03
  2.712657E+00 7.624E-03
  2.721912E+00 6.447E-03
  2.734228E+00 5.352E-03
  2.750625E+00 4.340E-03
  2.771468E+00 3.422E-03
  2.797573E+00 2.562E-03
  2.816904E+00 2.079E-03
  2.827223E+00 1.937E-03
  2.832119E+00 1.958E-03
  2.835916E+00 2.084E-03
  2.837776E+00 2.222E-03
  2.839611E+00 2.461E-03
  2.840519E+00 2.645E-03
  2.841421E+00 2.899E-03
  2.842317E+00 3.264E-03
  2.843207E+00 3.814E-03
  2.844092E+00 4.709E-03
  2.844970E+00 6.341E-03
  2.845842E+00 9.935E-03
  2.846709E+00 2.146E-02
  2.847570E+00 1.377E-01
  2.848425E+00 1.336E-01
  2.849275E+00 9.879E-03
  2.850119E+00 2.429E-03
  2.850958E+00 8.031E-04
  2.851791E+00 2.884E-04
  2.852618E+00 9.916E-05
  2.853441E+00 2.763E-05
  2.854257E+00 3.785E-06
  2.855069E+00 2.159E-07
  2.855875E+00 5.101E-06
  2.856677E+00 1.304E-05
  2.857473E+00 2.151E-05
  2.858264E+00 2.931E-05
  2.859049E+00 3.595E-05
  2.859830E+00 4.124E-05
  2.860606E+00 4.517E-05
  2.861377E+00 4.783E-05
  2.862143E+00 4.932E-05
  2.863660E+00 4.933E-05
  2.865159E+00 4.624E-05
  2.867371E+00 3.781E-05
  2.872374E+00 1.293E-05
  2.873072E+00 9.859E-06
  2.873765E+00 7.093E-06
  2.874453E+00 4.697E-06
  2.875138E+00 2.729E-06
  2.875818E+00 1.251E-06
  2.876494E+00 3.205E-07
  2.877166E+00 1.923E-11
  2.877834E+00 3.518E-07
  2.878498E+00 1.440E-06
  2.879158E+00 3.333E-06
  2.879814E+00 6.099E-06
  2.880466E+00 9.811E-06
  2.881114E+00 1.455E-05
  2.881758E+00 2.039E-05
  2.882398E+00 2.742E-05
  2.883035E+00 3.574E-05
  2.883667E+00 4.545E-05
  2.884296E+00 5.664E-05
  2.884921E+00 6.944E-05
  2.885543E+00 8.397E-05
  2.886160E+00 1.004E-04
  2.887385E+00 1.393E-04
  2.888595E+00 1.877E-04
  2.889791E+00 2.470E-04
  2.890974E+00 3.193E-04
  2.892142E+00 4.069E-04
  2.893297E+00 5.128E-04
  2.894439E+00 6.407E-04
  2.895567E+00 7.951E-04
  2.896683E+00 9.821E-04
  2.897786E+00 1.210E-03
  2.898877E+00 1.488E-03
  2.899955E+00 1.830E-03
  2.901021E+00 2.255E-03
  2.902075E+00 2.789E-03
  2.903118E+00 3.470E-03
  2.904148E+00 4.351E-03
  2.905168E+00 5.515E-03
  2.905673E+00 6.241E-03
  2.906176E+00 7.091E-03
  2.906676E+00 8.096E-03
  2.907173E+00 9.293E-03
  2.907667E+00 1.073E-02
  2.908159E+00 1.249E-02
  2.908648E+00 1.466E-02
  2.909134E+00 1.737E-02
  2.909618E+00 2.083E-02
  2.910099E+00 2.533E-02
  2.910577E+00 3.134E-02
  2.911053E+00 3.961E-02
  2.911527E+00 5.140E-02
  2.911997E+00 6.903E-02
  2.912465E+00 9.705E-02
  2.912931E+00 1.454E-01
  2.913394E+00 2.393E-01
  2.913855E+00 4.575E-01
  2.914313E+00 1.136E+00
  2.914769E+00 4.034E+00
  2.915222E+00 3.602E+00
  2.915673E+00 1.039E+00
  2.916121E+00 4.348E-01
  2.916567E+00 2.331E-01
  2.917011E+00 1.442E-01
  2.917453E+00 9.759E-02
  2.917892E+00 7.026E-02
  2.918328E+00 5.288E-02
  2.918763E+00 4.116E-02
  2.919195E+00 3.287E-02
  2.919625E+00 2.681E-02
  2.920053E+00 2.223E-02
  2.920478E+00 1.869E-02
  2.920901E+00 1.590E-02
  2.921322E+00 1.366E-02
  2.921741E+00 1.183E-02
  2.922158E+00 1.032E-02
  2.922572E+00 9.065E-03
  2.923395E+00 7.095E-03
  2.924209E+00 5.645E-03
  2.925014E+00 4.548E-03
  2.925812E+00 3.698E-03
  2.926601E+00 3.028E-03
  2.927770E+00 2.263E-03
  2.928922E+00 1.700E-03
  2.930056E+00 1.278E-03
  2.931173E+00 9.564E-04
  2.932274E+00 7.101E-04
  2.933358E+00 5.208E-04
  2.934426E+00 3.756E-04
  2.935130E+00 2.988E-04
  2.935826E+00 2.352E-04
  2.936516E+00 1.831E-04
  2.937199E+00 1.409E-04
  2.937876E+00 1.072E-04
  2.938546E+00 8.080E-05
  2.938878E+00 7.002E-05
  2.939209E+00 6.068E-05
  2.939539E+00 5.267E-05
  2.939866E+00 4.587E-05
  2.940193E+00 4.018E-05
  2.940517E+00 3.553E-05
  2.940841E+00 3.183E-05
  2.941162E+00 2.902E-05
  2.941482E+00 2.707E-05
  2.941801E+00 2.598E-05
  2.942118E+00 2.578E-05
  2.942433E+00 2.657E-05
  2.942747E+00 2.850E-05
  2.943060E+00 3.188E-05
  2.943371E+00 3.711E-05
  2.943681E+00 4.486E-05
  2.943989E+00 5.607E-05
  2.944296E+00 7.215E-05
  2.944601E+00 9.514E-05
  2.944905E+00 1.281E-04
  2.945207E+00 1.754E-04
  2.945508E+00 2.439E-04
  2.945808E+00 3.439E-04
  2.946106E+00 4.914E-04
  2.946403E+00 7.126E-04
  2.946699E+00 1.051E-03
  2.946993E+00 1.583E-03
  2.947285E+00 2.454E-03
  2.947577E+00 3.967E-03
  2.947867E+00 6.899E-03
  2.948156E+00 1.447E-02
  2.948443E+00 5.865E+01
  2.948729E+00 1.895E-02
  2.949014E+00 6.661E-02
  2.949298E+00 3.127E-01
  2.949580E+00 5.229E+01
  2.949861E+00 6.517E-01
  2.950140E+00 1.726E-01
  2.950419E+00 8.612E-02
  2.950696E+00 5.492E-02
  2.950972E+00 3.988E-02
  2.951246E+00 3.138E-02
  2.951520E+00 2.606E-02
  2.951792E+00 2.249E-02
  2.952063E+00 1.998E-02
  2.952333E+00 1.815E-02
  2.952868E+00 1.574E-02
  2.953399E+00 1.430E-02
  2.954187E+00 1.312E-02
  2.955221E+00 1.254E-02
  2.956738E+00 1.276E-02
  2.958459E+00 1.397E-02
  2.960362E+00 1.630E-02
  2.962201E+00 1.966E-02
  2.963760E+00 2.368E-02
  2.965273E+00 2.915E-02
  2.966536E+00 3.560E-02
  2.967565E+00 4.296E-02
  2.968373E+00 5.093E-02
  2.969167E+00 6.191E-02
  2.969755E+00 7.336E-02
  2.970336E+00 8.946E-02
  2.970719E+00 1.044E-01
  2.971099E+00 1.248E-01
  2.971288E+00 1.381E-01
  2.971476E+00 1.543E-01
  2.971664E+00 1.745E-01
  2.971851E+00 2.003E-01
  2.972037E+00 2.339E-01
  2.972222E+00 2.796E-01
  2.972406E+00 3.443E-01
  2.972590E+00 4.411E-01
  2.972773E+00 5.974E-01
  2.972955E+00 8.783E-01
  2.973137E+00 1.469E+00
  2.973318E+00 3.062E+00
  2.973498E+00 8.809E+00
  2.973678E+00 1.061E+01
  2.973856E+00 2.901E+00
  2.974034E+00 1.024E+00
  2.974212E+00 4.632E-01
  2.974388E+00 2.410E-01
  2.974564E+00 1.358E-01
  2.974740E+00 8.012E-02
  2.974914E+00 4.833E-02
  2.975088E+00 2.927E-02
  2.975262E+00 1.747E-02
  2.975434E+00 1.007E-02
  2.975606E+00 5.433E-03
  2.975777E+00 2.603E-03
  2.975948E+00 9.850E-04
  2.976118E+00 2.009E-04
  2.976287E+00 1.192E-06
  2.976456E+00 2.182E-04
  2.976624E+00 7.368E-04
  2.976791E+00 1.477E-03
  2.976958E+00 2.380E-03
  2.977124E+00 3.408E-03
  2.977454E+00 5.721E-03
  2.977945E+00 9.594E-03
  2.978910E+00 1.809E-02
  2.980163E+00 3.046E-02
  2.981528E+00 4.620E-02
  2.982849E+00 6.485E-02
  2.983987E+00 8.516E-02
  2.984820E+00 1.045E-01
  2.985229E+00 1.187E-01
  2.985365E+00 1.280E-01
  2.985500E+00 1.672E-01
  2.985634E+00 9.128E-02
  2.985768E+00 1.137E-01
  2.986035E+00 1.280E-01
  2.987341E+00 1.797E-01
  2.988228E+00 2.262E-01
  2.988848E+00 2.729E-01
  2.989093E+00 3.016E-01
  2.989215E+00 3.230E-01
  2.989337E+00 3.590E-01
  2.989458E+00 4.609E-01
  2.989578E+00 1.436E+00
  2.989699E+00 1.939E-01
  2.989819E+00 2.566E-01
  2.989938E+00 2.869E-01
  2.990294E+00 3.420E-01
  2.991340E+00 4.844E-01
  2.992020E+00 6.045E-01
  2.992687E+00 7.604E-01
  2.993340E+00 9.690E-01
  2.993875E+00 1.201E+00
  2.994400E+00 1.512E+00
  2.994815E+00 1.842E+00
  2.995224E+00 2.275E+00
  2.995628E+00 2.860E+00
  2.995927E+00 3.441E+00
  2.996224E+00 4.200E+00
  2.996518E+00 5.213E+00
  2.996809E+00 6.606E+00
  2.997001E+00 7.843E+00
  2.997192E+00 9.437E+00
  2.997382E+00 1.154E+01
  2.997571E+00 1.437E+01
  2.997665E+00 1.618E+01
  2.997758E+00 1.833E+01
  2.997852E+00 2.092E+01
  2.997945E+00 2.408E+01
  2.998038E+00 2.798E+01
  2.998130E+00 3.288E+01
  2.998222E+00 3.912E+01
  2.998314E+00 4.726E+01
  2.998406E+00 5.814E+01
  2.998497E+00 7.312E+01
  2.998588E+00 9.452E+01
  2.998679E+00 1.266E+02
  2.998769E+00 1.776E+02
  2.998859E+00 2.656E+02
  2.998949E+00 4.365E+02
  2.999039E+00 8.306E+02
  2.999128E+00 2.020E+03
  2.999217E+00 6.360E+03
  2.999306E+00 5.466E+03
  2.999395E+00 1.770E+03
  2.999483E+00 7.715E+02
  2.999571E+00 4.220E+02
  2.999659E+00 2.646E+02
  2.999746E+00 1.813E+02
  2.999833E+00 1.320E+02
  2.999920E+00 1.005E+02
  3.000007E+00 7.915E+01
  3.000093E+00 6.401E+01
  3.000179E+00 5.290E+01
  3.000265E+00 4.449E+01
  3.000350E+00 3.797E+01
  3.000436E+00 3.281E+01
  3.000521E+00 2.867E+01
  3.000606E+00 2.528E+01
  3.000690E+00 2.247E+01
  3.000858E+00 1.814E+01
  3.001026E+00 1.498E+01
  3.001192E+00 1.261E+01
  3.001439E+00 1.002E+01
  3.001684E+00 8.183E+00
  3.001927E+00 6.833E+00
  3.002248E+00 5.523E+00
  3.002643E+00 4.384E+00
  3.003033E+00 3.589E+00
  3.003493E+00 2.914E+00
  3.004019E+00 2.369E+00
  3.004535E+00 1.994E+00
  3.004825E+00 1.860E+00
  3.004897E+00 1.858E+00
  3.004969E+00 1.947E+00
  3.005040E+00 6.627E-01
  3.005112E+00 1.486E+00
  3.005183E+00 1.527E+00
  3.005535E+00 1.441E+00
  3.006362E+00 1.209E+00
  3.006897E+00 1.131E+00
  3.007095E+00 1.146E+00
  3.007225E+00 1.212E+00
  3.007291E+00 1.301E+00
  3.007355E+00 1.531E+00
  3.007420E+00 2.757E+00
  3.007485E+00 5.110E-02
  3.007549E+00 3.969E-01
  3.007614E+00 5.769E-01
  3.007678E+00 6.546E-01
  3.007741E+00 6.949E-01
  3.007869E+00 7.309E-01
  3.008184E+00 7.425E-01
  3.010043E+00 6.368E-01
  3.010834E+00 6.307E-01
  3.011326E+00 6.626E-01
  3.011648E+00 7.201E-01
  3.011860E+00 7.946E-01
  3.012018E+00 8.903E-01
  3.012122E+00 9.906E-01
  3.012226E+00 1.146E+00
  3.012277E+00 1.258E+00
  3.012329E+00 1.409E+00
  3.012380E+00 1.620E+00
  3.012431E+00 1.931E+00
  3.012483E+00 2.426E+00
  3.012534E+00 3.299E+00
  3.012584E+00 5.109E+00
  3.012635E+00 9.870E+00
  3.012686E+00 2.335E+01
  3.012736E+00 1.444E+01
  3.012787E+00 3.440E+00
  3.012837E+00 1.023E+00
  3.012887E+00 3.464E-01
  3.012937E+00 1.156E-01
  3.012987E+00 3.160E-02
  3.013037E+00 4.109E-03
  3.013086E+00 3.882E-04
  3.013136E+00 7.037E-03
  3.013185E+00 1.809E-02
  3.013332E+00 5.618E-02
  3.013430E+00 7.901E-02
  3.013575E+00 1.071E-01
  3.013719E+00 1.289E-01
  3.013957E+00 1.549E-01
  3.014286E+00 1.775E-01
  3.014790E+00 1.961E-01
  3.015630E+00 2.076E-01
  3.015887E+00 2.057E-01
  3.015929E+00 1.970E-01
  3.015972E+00 2.258E-01
  3.016014E+00 2.160E-01
  3.016472E+00 2.150E-01
  3.016999E+00 2.242E-01
  3.017197E+00 2.359E-01
  3.017315E+00 2.535E-01
  3.017354E+00 2.646E-01
  3.017393E+00 2.819E-01
  3.017432E+00 3.127E-01
  3.017470E+00 3.825E-01
  3.017509E+00 6.723E-01
  3.017548E+00 1.930E+00
  3.017586E+00 3.501E-02
  3.017625E+00 9.529E-02
  3.017663E+00 1.250E-01
  3.017701E+00 1.420E-01
  3.017739E+00 1.530E-01
  3.017816E+00 1.663E-01
  3.017967E+00 1.793E-01
  3.018375E+00 1.926E-01
  3.019300E+00 2.137E-01
  3.019708E+00 2.358E-01
  3.019942E+00 2.614E-01
  3.020106E+00 2.940E-01
  3.020204E+00 3.258E-01
  3.020301E+00 3.765E-01
  3.020365E+00 4.303E-01
  3.020397E+00 4.678E-01
  3.020430E+00 5.164E-01
  3.020461E+00 5.816E-01
  3.020493E+00 6.729E-01
  3.020525E+00 8.081E-01
  3.020557E+00 1.025E+00
  3.020589E+00 1.412E+00
  3.020620E+00 2.233E+00
  3.020652E+00 4.450E+00
  3.020683E+00 9.969E+00
  3.020715E+00 4.788E+00
  3.020746E+00 1.160E+00
  3.020777E+00 3.495E-01
  3.020808E+00 1.160E-01
  3.020840E+00 3.635E-02
  3.020871E+00 8.355E-03
  3.020902E+00 4.452E-04
  3.020932E+00 9.754E-04
  3.020963E+00 5.134E-03
  3.020994E+00 1.077E-02
  3.021086E+00 2.886E-02
  3.021177E+00 4.436E-02
  3.021268E+00 5.673E-02
  3.021388E+00 6.939E-02
  3.021567E+00 8.284E-02
  3.021830E+00 9.576E-02
  3.022257E+00 1.078E-01
  3.022562E+00 1.111E-01
  3.022617E+00 1.096E-01
  3.022644E+00 1.071E-01
  3.022671E+00 9.958E-02
  3.022698E+00 1.148E-02
  3.022725E+00 1.424E-01
  3.022752E+00 1.295E-01
  3.022806E+00 1.246E-01
  3.023046E+00 1.252E-01
  3.023384E+00 1.337E-01
  3.023537E+00 1.437E-01
  3.023613E+00 1.548E-01
  3.023664E+00 1.704E-01
  3.023689E+00 1.848E-01
  3.023714E+00 2.110E-01
  3.023739E+00 2.733E-01
  3.023764E+00 5.790E-01
  3.023789E+00 5.031E-01
  3.023814E+00 1.463E-02
  3.023838E+00 4.961E-02
  3.023863E+00 6.897E-02
  3.023888E+00 8.068E-02
  3.023912E+00 8.849E-02
  3.023961E+00 9.832E-02
  3.024059E+00 1.086E-01
  3.024300E+00 1.198E-01
  3.024926E+00 1.411E-01
  3.025172E+00 1.574E-01
  3.025326E+00 1.763E-01
  3.025434E+00 1.997E-01
  3.025499E+00 2.223E-01
  3.025563E+00 2.580E-01
  3.025606E+00 2.958E-01
  3.025627E+00 3.222E-01
  3.025648E+00 3.565E-01
  3.025669E+00 4.024E-01
  3.025691E+00 4.670E-01
  3.025712E+00 5.629E-01
  3.025733E+00 7.175E-01
  3.025754E+00 9.965E-01
  3.025775E+00 1.595E+00
  3.025796E+00 3.237E+00
  3.025816E+00 6.930E+00
  3.025837E+00 2.936E+00
  3.025858E+00 7.216E-01
  3.025879E+00 2.195E-01
  3.025900E+00 7.254E-02
  3.025920E+00 2.217E-02
  3.025941E+00 4.713E-03
  3.025961E+00 1.328E-04
  3.025982E+00 9.721E-04
  3.026003E+00 4.132E-03
  3.026023E+00 8.225E-03
  3.026064E+00 1.694E-02
  3.026084E+00 2.111E-02
  3.026145E+00 3.214E-02
  3.026206E+00 4.098E-02
  3.026286E+00 5.014E-02
  3.026405E+00 6.005E-02
  3.026600E+00 7.071E-02
  3.026887E+00 7.982E-02
  3.027055E+00 8.127E-02
  3.027092E+00 7.939E-02
  3.027111E+00 7.671E-02
  3.027129E+00 6.955E-02
  3.027147E+00 2.596E-02
  3.027166E+00 1.291E-01
  3.027184E+00 1.046E-01
  3.027202E+00 9.909E-02
  3.027257E+00 9.523E-02
  3.027455E+00 9.740E-02
  3.027649E+00 1.047E-01
  3.027753E+00 1.142E-01
  3.027804E+00 1.252E-01
  3.027822E+00 1.316E-01
  3.027839E+00 1.411E-01
  3.027856E+00 1.568E-01
  3.027873E+00 1.876E-01
  3.027890E+00 2.747E-01
  3.027907E+00 1.225E+00
  3.027924E+00 2.373E-02
  3.027941E+00 1.717E-02
  3.027958E+00 3.990E-02
  3.027975E+00 5.330E-02
  3.027991E+00 6.186E-02
  3.028008E+00 6.780E-02
  3.028042E+00 7.556E-02
  3.028109E+00 8.403E-02
  3.028257E+00 9.324E-02
  3.028673E+00 1.116E-01
  3.028843E+00 1.248E-01
  3.028965E+00 1.422E-01
  3.029040E+00 1.616E-01
  3.029085E+00 1.802E-01
  3.029130E+00 2.096E-01
  3.029159E+00 2.408E-01
  3.029174E+00 2.625E-01
  3.029189E+00 2.907E-01
  3.029204E+00 3.285E-01
  3.029218E+00 3.817E-01
  3.029233E+00 4.609E-01
  3.029248E+00 5.888E-01
  3.029262E+00 8.206E-01
  3.029277E+00 1.320E+00
  3.029292E+00 2.698E+00
  3.029306E+00 5.648E+00
  3.029321E+00 2.286E+00
  3.029335E+00 5.662E-01
  3.029350E+00 1.731E-01
  3.029364E+00 5.716E-02
  3.029379E+00 1.734E-02
  3.029393E+00 3.592E-03
  3.029407E+00 7.644E-05
  3.029422E+00 8.753E-04
  3.029436E+00 3.522E-03
  3.029465E+00 1.052E-02
  3.029493E+00 1.753E-02
  3.029507E+00 2.077E-02
  3.029550E+00 2.924E-02
  3.029606E+00 3.801E-02
  3.029676E+00 4.608E-02
  3.029787E+00 5.493E-02
  3.029963E+00 6.372E-02
  3.030123E+00 6.784E-02
  3.030176E+00 6.700E-02
  3.030202E+00 6.394E-02
  3.030215E+00 5.937E-02
  3.030228E+00 4.412E-02
  3.030241E+00 3.000E-01
  3.030254E+00 1.004E-01
  3.030267E+00 8.873E-02
  3.030280E+00 8.485E-02
  3.030318E+00 8.164E-02
  3.030446E+00 8.311E-02
  3.030596E+00 9.010E-02
  3.030670E+00 9.837E-02
  3.030707E+00 1.075E-01
  3.030731E+00 1.199E-01
  3.030744E+00 1.313E-01
  3.030756E+00 1.517E-01
  3.030768E+00 1.986E-01
  3.030780E+00 4.010E-01
  3.030792E+00 2.662E+00
  3.030804E+00 1.156E-03
  3.030816E+00 2.326E-02
  3.030828E+00 3.846E-02
  3.030840E+00 4.793E-02
  3.030852E+00 5.431E-02
  3.030876E+00 6.242E-02
  3.030912E+00 6.933E-02
  3.030995E+00 7.757E-02
  3.031351E+00 9.872E-02
  3.031462E+00 1.104E-01
  3.031539E+00 1.244E-01
  3.031593E+00 1.416E-01
  3.031626E+00 1.581E-01
  3.031647E+00 1.739E-01
  3.031669E+00 1.963E-01
  3.031680E+00 2.115E-01
  3.031701E+00 2.555E-01
  3.031712E+00 2.889E-01
  3.031722E+00 3.358E-01
  3.031733E+00 4.057E-01
  3.031744E+00 5.185E-01
  3.031754E+00 7.231E-01
  3.031765E+00 1.164E+00
  3.031775E+00 2.381E+00
  3.031786E+00 4.960E+00
  3.031796E+00 1.999E+00
  3.031807E+00 4.965E-01
  3.031817E+00 1.520E-01
  3.031828E+00 5.023E-02
  3.031838E+00 1.524E-02
  3.031849E+00 3.155E-03
  3.031859E+00 6.626E-05
  3.031870E+00 7.749E-04
  3.031880E+00 3.112E-03
  3.031901E+00 9.287E-03
  3.031911E+00 1.245E-02
  3.031942E+00 2.104E-02
  3.031963E+00 2.586E-02
  3.031993E+00 3.190E-02
  3.032044E+00 3.957E-02
  3.032125E+00 4.794E-02
  3.032144E+00 4.945E-02
  3.035504E+00 3.561E+00
  3.038834E+00 2.735E+00
  3.042134E+00 2.446E+00
  3.042144E+00 1.355E+00
  3.046262E+00 1.124E+00
  3.050334E+00 9.509E-01
  3.054361E+00 8.182E-01
  3.058344E+00 7.142E-01
  3.062283E+00 6.312E-01
  3.066179E+00 5.638E-01
  3.073845E+00 4.623E-01
  3.081346E+00 3.902E-01
  3.092300E+00 3.153E-01
  3.102908E+00 2.642E-01
  3.116541E+00 2.171E-01
  3.132804E+00 1.771E-01
  3.151255E+00 1.446E-01
  3.171425E+00 1.187E-01
  3.195410E+00 9.679E-02
  3.222073E+00 7.969E-02
  3.254361E+00 6.532E-02
  3.289614E+00 5.463E-02
  3.313747E+00 5.053E-02
  3.328293E+00 5.105E-02
  3.336491E+00 5.404E-02
  3.343040E+00 5.976E-02
  3.346852E+00 6.577E-02
  3.350579E+00 7.515E-02
  3.353018E+00 8.430E-02
  3.355420E+00 9.699E-02
  3.357788E+00 1.148E-01
  3.360121E+00 1.402E-01
  3.361274E+00 1.567E-01
  3.362420E+00 1.765E-01
  3.363557E+00 1.998E-01
  3.365806E+00 2.582E-01
  3.369120E+00 3.599E-01
  3.370209E+00 3.856E-01
  3.371290E+00 4.000E-01
  3.372364E+00 4.005E-01
  3.373430E+00 3.877E-01
  3.375539E+00 3.353E-01
  3.378647E+00 2.454E-01
  3.380683E+00 1.984E-01
  3.382691E+00 1.632E-01
  3.384671E+00 1.372E-01
  3.386624E+00 1.179E-01
  3.389503E+00 9.727E-02
  3.392324E+00 8.319E-02
  3.395997E+00 7.044E-02
  3.400451E+00 6.006E-02
  3.406443E+00 5.098E-02
  3.414540E+00 4.332E-02
  3.425755E+00 3.679E-02
  3.441051E+00 3.129E-02
  3.454393E+00 2.855E-02
  3.460687E+00 2.866E-02
  3.464169E+00 3.018E-02
  3.466100E+00 3.255E-02
  3.467049E+00 3.483E-02
  3.467989E+00 3.888E-02
  3.468455E+00 4.231E-02
  3.468918E+00 4.773E-02
  3.469379E+00 5.748E-02
  3.469837E+00 7.947E-02
  3.470293E+00 1.626E-01
  3.470747E+00 7.222E+00
  3.471198E+00 3.433E-02
  3.471647E+00 5.376E-03
  3.472093E+00 6.987E-03
  3.472537E+00 9.685E-03
  3.472979E+00 1.191E-02
  3.473418E+00 1.366E-02
  3.474290E+00 1.622E-02
  3.476005E+00 1.951E-02
  3.480944E+00 2.685E-02
  3.483301E+00 3.184E-02
  3.485962E+00 3.996E-02
  3.487807E+00 4.683E-02
  3.488891E+00 5.326E-02
  3.489960E+00 6.316E-02
  3.491013E+00 7.662E-02
  3.492051E+00 9.437E-02
  3.493074E+00 1.180E-01
  3.494082E+00 1.501E-01
  3.494745E+00 1.782E-01
  3.495403E+00 2.134E-01
  3.496054E+00 2.583E-01
  3.496699E+00 3.159E-01
  3.497338E+00 3.904E-01
  3.497971E+00 4.875E-01
  3.498598E+00 6.140E-01
  3.499219E+00 7.768E-01
  3.499834E+00 9.800E-01
  3.501347E+00 1.562E+00
  3.501942E+00 1.700E+00
  3.502532E+00 1.708E+00
  3.503117E+00 1.592E+00
  3.504838E+00 1.009E+00
  3.505681E+00 7.756E-01
  3.506513E+00 5.995E-01
  3.507874E+00 3.773E-01
  3.508143E+00 3.489E-01
  3.508410E+00 2.097E+00
  3.508676E+00 8.848E-01
  3.508941E+00 5.169E-01
  3.509205E+00 4.259E-01
  3.509468E+00 3.790E-01
  3.509729E+00 3.472E-01
  3.510249E+00 3.027E-01
  3.511020E+00 2.568E-01
  3.512031E+00 2.138E-01
  3.513271E+00 1.758E-01
  3.514724E+00 1.432E-01
  3.516372E+00 1.158E-01
  3.518420E+00 9.036E-02
  3.520820E+00 6.759E-02
  3.523518E+00 4.718E-02
  3.525884E+00 3.226E-02
  3.527399E+00 2.447E-02
  3.528322E+00 2.099E-02
  3.529047E+00 1.951E-02
  3.529583E+00 1.963E-02
  3.529938E+00 2.061E-02
  3.530289E+00 2.267E-02
  3.530464E+00 2.427E-02
  3.530638E+00 2.640E-02
  3.530811E+00 2.921E-02
  3.530984E+00 3.298E-02
  3.531156E+00 3.812E-02
  3.531327E+00 4.537E-02
  3.531498E+00 5.617E-02
  3.531668E+00 7.367E-02
  3.531837E+00 1.064E-01
  3.532006E+00 1.852E-01
  3.532174E+00 5.224E-01
  3.532341E+00 1.290E+01
  3.532508E+00 2.971E-01
  3.532674E+00 5.583E-02
  3.532840E+00 2.756E-02
  3.533004E+00 2.556E-02
  3.533169E+00 3.035E-02
  3.533332E+00 3.801E-02
  3.533495E+00 4.758E-02
  3.533658E+00 5.891E-02
  3.533819E+00 7.219E-02
  3.533980E+00 8.776E-02
  3.534141E+00 1.061E-01
  3.534301E+00 1.278E-01
  3.534460E+00 1.538E-01
  3.534619E+00 1.850E-01
  3.534777E+00 2.229E-01
  3.534935E+00 2.693E-01
  3.535092E+00 3.268E-01
  3.535248E+00 3.988E-01
  3.535404E+00 4.901E-01
  3.535559E+00 6.074E-01
  3.535714E+00 7.607E-01
  3.535868E+00 9.643E-01
  3.536021E+00 1.240E+00
  3.536174E+00 1.619E+00
  3.536326E+00 2.150E+00
  3.536478E+00 2.897E+00
  3.536629E+00 3.933E+00
  3.536780E+00 5.283E+00
  3.536930E+00 6.761E+00
  3.537079E+00 7.818E+00
  3.537228E+00 7.843E+00
  3.537377E+00 6.894E+00
  3.537672E+00 4.372E+00
  3.537819E+00 3.419E+00
  3.537965E+00 2.706E+00
  3.538111E+00 2.180E+00
  3.538256E+00 1.788E+00
  3.538401E+00 1.492E+00
  3.538545E+00 1.266E+00
  3.538688E+00 1.090E+00
  3.538831E+00 9.511E-01
  3.538974E+00 8.404E-01
  3.539116E+00 7.513E-01
  3.539399E+00 6.204E-01
  3.539679E+00 5.341E-01
  3.539958E+00 4.791E-01
  3.540234E+00 4.478E-01
  3.540509E+00 4.363E-01
  3.540781E+00 4.429E-01
  3.541052E+00 4.674E-01
  3.541321E+00 5.113E-01
  3.541587E+00 5.773E-01
  3.541852E+00 6.697E-01
  3.542115E+00 7.947E-01
  3.542376E+00 9.611E-01
  3.542636E+00 1.180E+00
  3.542893E+00 1.468E+00
  3.543149E+00 1.845E+00
  3.543403E+00 2.336E+00
  3.543655E+00 2.967E+00
  3.543905E+00 3.752E+00
  3.544278E+00 5.092E+00
  3.544401E+00 5.442E+00
  3.544524E+00 5.569E+00
  3.544646E+00 5.217E+00
  3.544768E+00 3.970E+00
  3.544890E+00 1.664E+00
  3.545011E+00 5.918E-01
  3.545132E+00 4.119E+00
  3.545252E+00 8.776E+00
  3.545372E+00 1.176E+01
  3.545491E+00 1.331E+01
  3.545610E+00 1.399E+01
  3.545729E+00 1.411E+01
  3.545965E+00 1.339E+01
  3.546894E+00 7.748E+00
  3.547349E+00 5.498E+00
  3.547798E+00 3.605E+00
  3.547909E+00 3.209E+00
  3.548020E+00 2.934E+00
  3.548130E+00 3.017E+00
  3.548241E+00 4.323E+00
  3.548350E+00 1.110E+01
  3.548460E+00 6.039E+01
  3.548569E+00 2.648E+02
  3.548678E+00 6.938E+01
  3.548786E+00 3.226E+01
  3.548894E+00 2.092E+01
  3.549002E+00 1.581E+01
  3.549109E+00 1.297E+01
  3.549216E+00 1.118E+01
  3.549322E+00 9.957E+00
  3.549429E+00 9.063E+00
  3.549640E+00 7.846E+00
  3.549955E+00 6.756E+00
  3.550369E+00 5.930E+00
  3.550880E+00 5.361E+00
  3.551581E+00 4.991E+00
  3.552460E+00 4.928E+00
  3.553313E+00 5.218E+00
  3.554052E+00 5.804E+00
  3.554683E+00 6.680E+00
  3.555214E+00 7.864E+00
  3.555648E+00 9.372E+00
  3.555991E+00 1.117E+01
  3.556245E+00 1.310E+01
  3.556497E+00 1.592E+01
  3.556664E+00 1.866E+01
  3.556747E+00 2.045E+01
  3.556830E+00 2.266E+01
  3.556912E+00 2.549E+01
  3.556995E+00 2.924E+01
  3.557077E+00 3.453E+01
  3.557158E+00 4.266E+01
  3.557240E+00 5.691E+01
  3.557321E+00 8.817E+01
  3.557402E+00 1.961E+02
  3.557483E+00 1.617E+03
  3.557563E+00 2.904E+02
  3.557644E+00 5.386E+01
  3.557724E+00 3.065E+01
  3.557804E+00 2.847E+01
  3.557883E+00 3.150E+01
  3.557962E+00 3.691E+01
  3.558042E+00 4.415E+01
  3.558120E+00 5.337E+01
  3.558199E+00 6.497E+01
  3.558277E+00 7.953E+01
  3.558356E+00 9.759E+01
  3.558434E+00 1.193E+02
  3.558589E+00 1.675E+02
  3.558666E+00 1.844E+02
  3.558743E+00 1.878E+02
  3.558820E+00 1.758E+02
  3.558896E+00 1.532E+02
  3.559049E+00 1.026E+02
  3.559125E+00 8.208E+01
  3.559200E+00 6.575E+01
  3.559276E+00 5.301E+01
  3.559351E+00 4.313E+01
  3.559426E+00 3.544E+01
  3.559501E+00 2.941E+01
  3.559575E+00 2.464E+01
  3.559649E+00 2.082E+01
  3.559724E+00 1.775E+01
  3.559797E+00 1.524E+01
  3.559871E+00 1.318E+01
  3.559945E+00 1.147E+01
  3.560018E+00 1.004E+01
  3.560091E+00 8.846E+00
  3.560236E+00 6.974E+00
  3.560381E+00 5.612E+00
  3.560525E+00 4.609E+00
  3.560668E+00 3.867E+00
  3.560810E+00 3.319E+00
  3.560951E+00 2.924E+00
  3.561091E+00 2.650E+00
  3.561301E+00 2.430E+00
  3.561508E+00 2.409E+00
  3.561714E+00 2.583E+00
  3.561918E+00 2.966E+00
  3.562120E+00 3.592E+00
  3.562320E+00 4.476E+00
  3.562585E+00 5.786E+00
  3.562651E+00 5.955E+00
  3.562716E+00 5.905E+00
  3.562782E+00 5.461E+00
  3.562847E+00 4.364E+00
  3.562912E+00 2.419E+00
  3.562977E+00 5.398E-01
  3.563041E+00 2.310E+00
  3.563106E+00 7.726E+00
  3.563170E+00 1.168E+01
  3.563234E+00 1.332E+01
  3.563298E+00 1.366E+01
  3.563362E+00 1.333E+01
  3.563488E+00 1.181E+01
  3.563740E+00 8.220E+00
  3.563927E+00 6.045E+00
  3.564051E+00 4.910E+00
  3.564174E+00 3.986E+00
  3.564296E+00 3.236E+00
  3.564418E+00 2.631E+00
  3.564539E+00 2.169E+00
  3.564600E+00 2.010E+00
  3.564660E+00 1.932E+00
  3.564720E+00 2.014E+00
  3.564779E+00 2.467E+00
  3.564839E+00 4.019E+00
  3.564899E+00 1.021E+01
  3.564958E+00 5.369E+01
  3.565017E+00 1.055E+02
  3.565076E+00 2.476E+01
  3.565135E+00 1.129E+01
  3.565194E+00 7.013E+00
  3.565252E+00 5.057E+00
  3.565311E+00 3.962E+00
  3.565369E+00 3.266E+00
  3.565427E+00 2.783E+00
  3.565485E+00 2.428E+00
  3.565542E+00 2.153E+00
  3.565657E+00 1.751E+00
  3.565772E+00 1.468E+00
  3.565942E+00 1.167E+00
  3.566111E+00 9.504E-01
  3.566279E+00 7.861E-01
  3.566501E+00 6.188E-01
  3.566720E+00 4.910E-01
  3.566991E+00 3.682E-01
  3.567258E+00 2.738E-01
  3.567522E+00 1.996E-01
  3.567782E+00 1.405E-01
  3.567988E+00 1.020E-01
  3.568192E+00 7.050E-02
  3.568344E+00 5.120E-02
  3.568444E+00 4.046E-02
  3.568544E+00 3.155E-02
  3.568593E+00 2.784E-02
  3.568643E+00 2.467E-02
  3.568692E+00 2.207E-02
  3.568742E+00 2.009E-02
  3.568791E+00 1.880E-02
  3.568840E+00 1.825E-02
  3.568889E+00 1.853E-02
  3.568938E+00 1.975E-02
  3.568987E+00 2.201E-02
  3.569035E+00 2.546E-02
  3.569084E+00 3.028E-02
  3.569132E+00 3.667E-02
  3.569180E+00 4.490E-02
  3.569228E+00 5.528E-02
  3.569276E+00 6.820E-02
  3.569324E+00 8.415E-02
  3.569372E+00 1.037E-01
  3.569420E+00 1.278E-01
  3.569467E+00 1.572E-01
  3.569514E+00 1.934E-01
  3.569562E+00 2.379E-01
  3.569609E+00 2.932E-01
  3.569656E+00 3.624E-01
  3.569703E+00 4.498E-01
  3.569750E+00 5.618E-01
  3.569796E+00 7.081E-01
  3.569843E+00 9.041E-01
  3.569889E+00 1.176E+00
  3.569935E+00 1.577E+00
  3.569982E+00 2.230E+00
  3.570028E+00 3.521E+00
  3.570074E+00 7.595E+00
  3.570120E+00 5.653E+01
  3.570165E+00 7.017E+00
  3.570211E+00 3.518E+00
  3.570257E+00 3.970E+00
  3.570302E+00 4.827E+00
  3.570347E+00 5.582E+00
  3.570392E+00 5.973E+00
  3.570437E+00 5.906E+00
  3.570482E+00 5.477E+00
  3.570617E+00 3.618E+00
  3.570661E+00 3.099E+00
  3.570706E+00 2.664E+00
  3.570750E+00 2.304E+00
  3.570794E+00 2.007E+00
  3.570838E+00 1.760E+00
  3.570882E+00 1.555E+00
  3.570970E+00 1.239E+00
  3.571057E+00 1.009E+00
  3.571144E+00 8.386E-01
  3.571230E+00 7.084E-01
  3.571359E+00 5.644E-01
  3.571486E+00 4.619E-01
  3.571613E+00 3.872E-01
  3.571739E+00 3.327E-01
  3.571906E+00 2.838E-01
  3.572030E+00 2.623E-01
  3.572153E+00 2.534E-01
  3.572275E+00 2.582E-01
  3.572396E+00 2.792E-01
  3.572516E+00 3.197E-01
  3.572636E+00 3.817E-01
  3.572754E+00 4.529E-01
  3.572793E+00 4.681E-01
  3.572833E+00 4.672E-01
  3.572872E+00 4.324E-01
  3.572911E+00 3.312E-01
  3.572950E+00 1.562E-01
  3.572989E+00 4.049E-01
  3.573028E+00 1.326E+00
  3.573066E+00 1.639E+00
  3.573105E+00 1.695E+00
  3.573182E+00 1.685E+00
  3.573297E+00 1.548E+00
  3.573599E+00 8.877E-01
  3.573711E+00 6.910E-01
  3.573822E+00 5.386E-01
  3.573895E+00 4.593E-01
  3.573969E+00 3.995E-01
  3.574005E+00 3.797E-01
  3.574042E+00 3.707E-01
  3.574078E+00 3.797E-01
  3.574114E+00 4.223E-01
  3.574150E+00 5.367E-01
  3.574186E+00 8.313E-01
  3.574222E+00 1.696E+00
  3.574258E+00 5.210E+00
  3.574294E+00 2.527E+01
  3.574330E+00 1.452E+01
  3.574366E+00 4.887E+00
  3.574401E+00 2.540E+00
  3.574437E+00 1.652E+00
  3.574472E+00 1.214E+00
  3.574508E+00 9.607E-01
  3.574543E+00 7.970E-01
  3.574578E+00 6.832E-01
  3.574613E+00 5.994E-01
  3.574648E+00 5.350E-01
  3.574718E+00 4.420E-01
  3.574788E+00 3.773E-01
  3.574891E+00 3.090E-01
  3.575028E+00 2.469E-01
  3.575198E+00 1.935E-01
  3.575399E+00 1.481E-01
  3.575598E+00 1.142E-01
  3.575826E+00 8.335E-02
  3.576051E+00 5.875E-02
  3.576241E+00 4.148E-02
  3.576397E+00 2.975E-02
  3.576490E+00 2.413E-02
  3.576582E+00 1.997E-02
  3.576643E+00 1.830E-02
  3.576704E+00 1.782E-02
  3.576735E+00 1.815E-02
  3.576765E+00 1.896E-02
  3.576795E+00 2.032E-02
  3.576826E+00 2.235E-02
  3.576856E+00 2.517E-02
  3.576886E+00 2.895E-02
  3.576916E+00 3.389E-02
  3.576946E+00 4.026E-02
  3.576976E+00 4.837E-02
  3.577005E+00 5.867E-02
  3.577035E+00 7.169E-02
  3.577065E+00 8.815E-02
  3.577094E+00 1.090E-01
  3.577124E+00 1.355E-01
  3.577153E+00 1.693E-01
  3.577183E+00 2.127E-01
  3.577212E+00 2.688E-01
  3.577241E+00 3.417E-01
  3.577271E+00 4.373E-01
  3.577300E+00 5.630E-01
  3.577329E+00 7.285E-01
  3.577358E+00 9.452E-01
  3.577387E+00 1.225E+00
  3.577416E+00 1.576E+00
  3.577445E+00 2.021E+00
  3.577474E+00 2.735E+00
  3.577502E+00 6.498E+00
  3.577531E+00 1.635E+01
  3.577560E+00 3.763E+00
  3.577588E+00 2.579E+00
  3.577617E+00 2.067E+00
  3.577645E+00 1.720E+00
  3.577673E+00 1.452E+00
  3.577702E+00 1.241E+00
  3.577730E+00 1.071E+00
  3.577758E+00 9.329E-01
  3.577786E+00 8.205E-01
  3.577814E+00 7.278E-01
  3.577870E+00 5.859E-01
  3.577926E+00 4.840E-01
  3.577982E+00 4.084E-01
  3.578037E+00 3.507E-01
  3.578119E+00 2.865E-01
  3.578201E+00 2.400E-01
  3.578310E+00 1.957E-01
  3.578417E+00 1.646E-01
  3.578550E+00 1.386E-01
  3.578682E+00 1.240E-01
  3.578787E+00 1.205E-01
  3.578890E+00 1.254E-01
  3.579069E+00 1.476E-01
  3.579095E+00 1.457E-01
  3.579120E+00 1.369E-01
  3.579146E+00 1.164E-01
  3.579171E+00 9.394E-02
  3.579196E+00 3.450E-01
  3.579221E+00 9.930E-01
  3.579246E+00 8.474E-01
  3.579271E+00 7.474E-01
  3.579296E+00 7.070E-01
  3.579420E+00 6.588E-01
  3.579494E+00 5.893E-01
  3.579665E+00 3.721E-01
  3.579738E+00 2.989E-01
  3.579810E+00 2.425E-01
  3.579857E+00 2.145E-01
  3.579905E+00 1.964E-01
  3.579929E+00 1.932E-01
  3.579952E+00 1.966E-01
  3.579976E+00 2.110E-01
  3.579999E+00 2.457E-01
  3.580023E+00 3.219E-01
  3.580046E+00 4.965E-01
  3.580070E+00 9.551E-01
  3.580093E+00 2.529E+00
  3.580117E+00 9.941E+00
  3.580140E+00 1.052E+01
  3.580163E+00 3.550E+00
  3.580186E+00 1.726E+00
  3.580209E+00 1.071E+00
  3.580233E+00 7.628E-01
  3.580256E+00 5.903E-01
  3.580279E+00 4.823E-01
  3.580302E+00 4.091E-01
  3.580325E+00 3.564E-01
  3.580347E+00 3.166E-01
  3.580370E+00 2.856E-01
  3.580416E+00 2.401E-01
  3.580461E+00 2.080E-01
  3.580529E+00 1.739E-01
  3.580618E+00 1.427E-01
  3.580730E+00 1.156E-01
  3.580861E+00 9.230E-02
  3.581013E+00 7.182E-02
  3.581206E+00 5.135E-02
  3.581395E+00 3.484E-02
  3.581539E+00 2.443E-02
  3.581621E+00 1.996E-02
  3.581682E+00 1.790E-02
  3.581723E+00 1.751E-02
  3.581743E+00 1.774E-02
  3.581763E+00 1.833E-02
  3.581783E+00 1.937E-02
  3.581803E+00 2.094E-02
  3.581823E+00 2.319E-02
  3.581843E+00 2.628E-02
  3.581863E+00 3.043E-02
  3.581883E+00 3.590E-02
  3.581903E+00 4.308E-02
  3.581923E+00 5.244E-02
  3.581943E+00 6.464E-02
  3.581962E+00 8.055E-02
  3.581982E+00 1.013E-01
  3.582002E+00 1.286E-01
  3.582021E+00 1.645E-01
  3.582041E+00 2.118E-01
  3.582061E+00 2.740E-01
  3.582080E+00 3.549E-01
  3.582100E+00 4.578E-01
  3.582119E+00 5.822E-01
  3.582138E+00 7.190E-01
  3.582158E+00 8.458E-01
  3.582177E+00 9.302E-01
  3.582197E+00 9.513E-01
  3.582216E+00 9.382E-01
  3.582235E+00 1.095E+00
  3.582254E+00 3.839E+00
  3.582273E+00 1.568E+01
  3.582293E+00 2.888E+00
  3.582312E+00 1.520E+00
  3.582331E+00 1.059E+00
  3.582350E+00 8.222E-01
  3.582369E+00 6.747E-01
  3.582388E+00 5.723E-01
  3.582407E+00 4.965E-01
  3.582426E+00 4.378E-01
  3.582444E+00 3.910E-01
  3.582482E+00 3.211E-01
  3.582520E+00 2.715E-01
  3.582557E+00 2.345E-01
  3.582613E+00 1.940E-01
  3.582686E+00 1.571E-01
  3.582760E+00 1.316E-01
  3.582833E+00 1.133E-01
  3.582923E+00 9.721E-02
  3.583012E+00 8.707E-02
  3.583101E+00 8.248E-02
  3.583241E+00 8.427E-02
  3.583276E+00 8.099E-02
  3.583310E+00 7.379E-02
  3.583327E+00 1.189E-01
  3.583345E+00 7.120E-01
  3.583362E+00 8.554E-01
  3.583379E+00 5.621E-01
  3.583396E+00 4.626E-01
  3.583413E+00 4.257E-01
  3.583430E+00 4.123E-01
  3.583515E+00 4.025E-01
  3.583566E+00 3.685E-01
  3.583699E+00 2.288E-01
  3.583749E+00 1.885E-01
  3.583798E+00 1.583E-01
  3.583831E+00 1.447E-01
  3.583863E+00 1.387E-01
  3.583880E+00 1.405E-01
  3.583896E+00 1.480E-01
  3.583912E+00 1.650E-01
  3.583928E+00 1.997E-01
  3.583944E+00 2.707E-01
  3.583960E+00 4.276E-01
  3.583977E+00 8.317E-01
  3.583993E+00 2.189E+00
  3.584009E+00 7.667E+00
  3.584025E+00 6.713E+00
  3.584041E+00 2.462E+00
  3.584057E+00 1.237E+00
  3.584072E+00 7.762E-01
  3.584088E+00 5.547E-01
  3.584104E+00 4.298E-01
  3.584120E+00 3.515E-01
  3.584136E+00 2.983E-01
  3.584152E+00 2.601E-01
  3.584167E+00 2.315E-01
  3.584183E+00 2.091E-01
  3.584214E+00 1.766E-01
  3.584261E+00 1.447E-01
  3.584308E+00 1.235E-01
  3.584370E+00 1.037E-01
  3.584446E+00 8.625E-02
  3.584553E+00 6.868E-02
  3.584687E+00 5.195E-02
  3.584849E+00 3.581E-02
  3.584979E+00 2.478E-02
  3.585050E+00 1.989E-02
  3.585093E+00 1.791E-02
  3.585121E+00 1.731E-02
  3.585149E+00 1.764E-02
  3.585163E+00 1.830E-02
  3.585177E+00 1.941E-02
  3.585191E+00 2.109E-02
  3.585205E+00 2.350E-02
  3.585219E+00 2.684E-02
  3.585233E+00 3.139E-02
  3.585247E+00 3.752E-02
  3.585261E+00 4.574E-02
  3.585275E+00 5.674E-02
  3.585289E+00 7.143E-02
  3.585303E+00 9.108E-02
  3.585316E+00 1.174E-01
  3.585330E+00 1.524E-01
  3.585344E+00 1.985E-01
  3.585358E+00 2.577E-01
  3.585399E+00 4.837E-01
  3.585412E+00 5.315E-01
  3.585426E+00 5.377E-01
  3.585440E+00 5.042E-01
  3.585453E+00 4.522E-01
  3.585467E+00 4.232E-01
  3.585480E+00 5.415E-01
  3.585494E+00 1.788E+00
  3.585507E+00 2.341E+01
  3.585521E+00 3.540E+00
  3.585534E+00 1.392E+00
  3.585547E+00 8.532E-01
  3.585561E+00 6.209E-01
  3.585574E+00 4.920E-01
  3.585587E+00 4.096E-01
  3.585601E+00 3.520E-01
  3.585614E+00 3.093E-01
  3.585627E+00 2.762E-01
  3.585654E+00 2.281E-01
  3.585680E+00 1.947E-01
  3.585707E+00 1.701E-01
  3.585746E+00 1.432E-01
  3.585798E+00 1.185E-01
  3.585863E+00 9.784E-02
  3.585927E+00 8.375E-02
  3.586003E+00 7.258E-02
  3.586079E+00 6.645E-02
  3.586178E+00 6.274E-02
  3.586203E+00 6.081E-02
  3.586215E+00 6.538E-02
  3.586227E+00 1.133E-01
  3.586240E+00 5.886E-01
  3.586252E+00 9.125E-01
  3.586264E+00 4.912E-01
  3.586276E+00 3.644E-01
  3.586289E+00 3.187E-01
  3.586301E+00 3.010E-01
  3.586325E+00 2.946E-01
  3.586373E+00 2.962E-01
  3.586410E+00 2.757E-01
  3.586505E+00 1.783E-01
  3.586552E+00 1.414E-01
  3.586587E+00 1.226E-01
  3.586611E+00 1.154E-01
  3.586622E+00 1.142E-01
  3.586634E+00 1.154E-01
  3.586646E+00 1.202E-01
  3.586657E+00 1.310E-01
  3.586669E+00 1.519E-01
  3.586680E+00 1.923E-01
  3.586692E+00 2.739E-01
  3.586704E+00 4.570E-01
  3.586715E+00 9.516E-01
  3.586727E+00 2.714E+00
  3.586738E+00 7.427E+00
  3.586750E+00 3.858E+00
  3.586761E+00 1.588E+00
  3.586772E+00 8.699E-01
  3.586784E+00 5.720E-01
  3.586795E+00 4.201E-01
  3.586807E+00 3.314E-01
  3.586818E+00 2.743E-01
  3.586829E+00 2.349E-01
  3.586841E+00 2.063E-01
  3.586852E+00 1.847E-01
  3.586863E+00 1.677E-01
  3.586886E+00 1.428E-01
  3.586919E+00 1.184E-01
  3.586964E+00 9.774E-02
  3.587019E+00 8.088E-02
  3.587085E+00 6.692E-02
  3.587183E+00 5.194E-02
  3.587311E+00 3.679E-02
  3.587437E+00 2.409E-02
  3.587499E+00 1.902E-02
  3.587530E+00 1.744E-02
  3.587551E+00 1.712E-02
  3.587571E+00 1.784E-02
  3.587581E+00 1.878E-02
  3.587591E+00 2.025E-02
  3.587602E+00 2.242E-02
  3.587612E+00 2.552E-02
  3.587622E+00 2.983E-02
  3.587632E+00 3.578E-02
  3.587642E+00 4.393E-02
  3.587652E+00 5.503E-02
  3.587662E+00 7.014E-02
  3.587672E+00 9.060E-02
  3.587682E+00 1.181E-01
  3.587700E+00 1.866E-01
  3.597690E+00 1.092E-01
  3.597700E+00 2.022E-01
  3.622643E+00 1.263E-01
  3.647586E+00 1.076E-01
  3.722416E+00 7.476E-02
  3.747359E+00 6.717E-02
  3.772303E+00 6.206E-02
  3.822189E+00 5.537E-02
  3.872076E+00 5.093E-02
  3.921963E+00 4.885E-02
  4.296112E+00 4.613E-02
  4.794978E+00 3.773E-02
  5.792711E+00 2.389E-02
  6.042144E+00 2.170E-02
  6.164205E+00 2.044E-02
  6.288727E+00 1.925E-02
  6.415767E+00 1.813E-02
  6.545377E+00 1.707E-02
  6.677603E+00 1.608E-02
  6.812497E+00 1.514E-02
  6.950116E+00 1.426E-02
  7.090519E+00 1.343E-02
  7.233757E+00 1.265E-02
  7.379893E+00 1.191E-02
  7.528974E+00 1.122E-02
  7.681067E+00 1.056E-02
  7.836239E+00 9.947E-03
  7.994539E+00 9.368E-03
  8.156037E+00 8.823E-03
  8.320803E+00 8.309E-03
  8.488894E+00 7.825E-03
  8.660383E+00 7.369E-03
  8.835330E+00 6.940E-03
  9.013822E+00 6.536E-03
  9.195908E+00 6.155E-03
  9.381677E+00 5.797E-03
  9.571202E+00 5.459E-03
  9.764554E+00 5.141E-03
  9.961807E+00 4.842E-03
  1.016305E+01 4.560E-03
  1.036836E+01 4.294E-03
  1.057781E+01 4.044E-03
  1.079150E+01 3.809E-03
  1.100950E+01 3.587E-03
  1.123191E+01 3.378E-03
  1.145881E+01 3.181E-03
  1.169029E+01 2.996E-03
  1.192645E+01 2.822E-03
  1.216738E+01 2.657E-03
  1.241318E+01 2.503E-03
  1.266395E+01 2.357E-03
  1.291977E+01 2.220E-03
  1.318077E+01 2.090E-03
  1.344704E+01 1.969E-03
  1.371868E+01 1.854E-03
  1.399582E+01 1.746E-03
  1.427855E+01 1.644E-03
  1.456700E+01 1.549E-03
  1.486128E+01 1.458E-03
  1.516150E+01 1.373E-03
  1.546778E+01 1.293E-03
  1.578024E+01 1.218E-03
  1.609901E+01 1.147E-03
  1.642424E+01 1.080E-03
  1.675603E+01 1.017E-03
  1.709453E+01 9.582E-04
  1.743985E+01 9.024E-04
  1.779218E+01 8.499E-04
  1.815158E+01 8.004E-04
  1.851828E+01 7.538E-04
  1.889236E+01 7.099E-04
  1.927403E+01 6.685E-04
  1.966338E+01 6.296E-04
  2.006061E+01 5.929E-04
  2.046585E+01 5.584E-04
  2.087930E+01 5.259E-04
  2.130109E+01 4.953E-04
  2.173140E+01 4.664E-04
  2.217039E+01 4.393E-04
  2.261827E+01 4.137E-04
  2.307518E+01 3.896E-04
  2.354134E+01 3.669E-04