  2.900254E-02 3.554E+01
  8.028722E-02 5.267E+00
  1.302680E-01 2.045E+00
  1.789887E-01 1.093E+00
  2.264914E-01 6.887E-01
  2.728162E-01 4.781E-01
  3.180019E-01 3.521E-01
  3.620854E-01 2.693E-01
  4.051023E-01 2.119E-01
  4.470868E-01 1.711E-01
  4.880716E-01 1.414E-01
  5.280882E-01 1.197E-01
  5.671669E-01 1.033E-01
  6.053368E-01 9.073E-02
  6.790607E-01 7.239E-02
  7.494713E-01 5.910E-02
  8.492985E-01 4.434E-02
  9.122506E-01 3.710E-02
  1.001686E+00 2.945E-02
  1.085570E+00 2.462E-02
  1.189553E+00 2.059E-02
  1.475479E+00 1.233E-02
  1.585432E+00 9.802E-03
  1.684113E+00 8.184E-03
  1.786966E+00 7.087E-03
  2.081382E+00 4.929E-03
  2.359588E+00 2.404E-03
  2.497917E+00 1.264E-03
  2.534596E+00 9.007E-04
  2.558057E+00 6.200E-04
  2.576862E+00 3.560E-04
  2.591686E+00 1.347E-04
  2.594563E+00 9.522E-05
  2.597412E+00 5.971E-05
  2.600232E+00 3.007E-05
  2.603026E+00 8.922E-06
  2.605792E+00 3.592E-08
  2.608531E+00 8.826E-06
  2.611244E+00 4.322E-05
  2.613931E+00 1.151E-04
  2.616591E+00 2.424E-04
  2.619227E+00 4.536E-04
  2.621837E+00 7.946E-04
  2.624422E+00 1.343E-03
  2.626983E+00 2.235E-03
  2.629519E+00 3.730E-03
  2.632032E+00 6.351E-03
  2.634521E+00 1.128E-02
  2.636986E+00 2.162E-02
  2.639429E+00 4.731E-02
  2.641849E+00 1.332E-01
  2.644246E+00 6.031E-01
  2.646621E+00 8.678E-01
  2.648974E+00 2.304E-01
  2.651306E+00 9.911E-02
  2.653616E+00 5.678E-02
  2.655905E+00 3.795E-02
  2.658173E+00 2.785E-02
  2.660420E+00 2.174E-02
  2.662647E+00 1.773E-02
  2.664854E+00 1.492E-02
  2.667042E+00 1.288E-02
  2.669209E+00 1.132E-02
  2.671357E+00 1.011E-02
  2.675596E+00 8.350E-03
  2.679760E+00 7.141E-03
  2.685869E+00 5.911E-03
  2.691819E+00 5.080E-03
  2.699515E+00 4.317E-03
  2.710575E+00 3.568E-03
  2.724475E+00 2.938E-03
  2.742148E+00 2.386E-03
  2.765232E+00 1.871E-03
  2.791529E+00 1.428E-03
  2.807978E+00 1.227E-03
  2.816060E+00 1.187E-03
  2.820889E+00 1.222E-03
  2.823708E+00 1.297E-03
  2.825555E+00 1.392E-03
  2.827378E+00 1.560E-03
  2.828280E+00 1.693E-03
  2.829176E+00 1.882E-03
  2.830066E+00 2.166E-03
  2.830950E+00 2.624E-03
  2.831828E+00 3.449E-03
  2.832701E+00 5.243E-03
  2.833568E+00 1.089E-02
  2.834429E+00 6.634E-02
  2.835284E+00 6.005E-02
  2.836134E+00 4.024E-03
  2.836978E+00 8.551E-04
  2.837816E+00 2.235E-04
  2.838649E+00 5.188E-05
  2.839477E+00 5.804E-06
  2.840299E+00 6.390E-07
  2.841116E+00 9.354E-06
  2.842734E+00 3.514E-05
  2.843535E+00 4.695E-05
  2.844331E+00 5.705E-05
  2.845122E+00 6.536E-05
  2.845908E+00 7.195E-05
  2.847465E+00 8.065E-05
  2.849001E+00 8.446E-05
  2.851270E+00 8.351E-05
  2.853497E+00 7.714E-05
  2.856401E+00 6.370E-05
  2.863353E+00 2.366E-05
  2.864693E+00 1.669E-05
  2.866016E+00 1.061E-05
  2.866672E+00 7.983E-06
  2.867324E+00 5.666E-06
  2.867972E+00 3.695E-06
  2.868616E+00 2.106E-06
  2.869257E+00 9.341E-07
  2.869893E+00 2.191E-07
  2.870526E+00 1.971E-09
  2.871155E+00 3.267E-07
  2.871780E+00 1.241E-06
  2.872401E+00 2.795E-06
  2.873019E+00 5.046E-06
  2.873633E+00 8.053E-06
  2.874244E+00 1.188E-05
  2.874851E+00 1.660E-05
  2.875454E+00 2.230E-05
  2.876054E+00 2.905E-05
  2.876650E+00 3.696E-05
  2.877243E+00 4.613E-05
  2.877832E+00 5.667E-05
  2.878418E+00 6.872E-05
  2.879001E+00 8.243E-05
  2.879580E+00 9.795E-05
  2.880728E+00 1.352E-04
  2.881863E+00 1.822E-04
  2.882985E+00 2.411E-04
  2.884095E+00 3.150E-04
  2.885192E+00 4.075E-04
  2.886276E+00 5.239E-04
  2.887348E+00 6.709E-04
  2.888408E+00 8.583E-04
  2.889456E+00 1.100E-03
  2.890493E+00 1.414E-03
  2.891007E+00 1.608E-03
  2.891518E+00 1.833E-03
  2.892026E+00 2.094E-03
  2.892532E+00 2.400E-03
  2.893034E+00 2.761E-03
  2.893534E+00 3.190E-03
  2.894031E+00 3.705E-03
  2.894526E+00 4.329E-03
  2.895018E+00 5.094E-03
  2.895507E+00 6.043E-03
  2.895993E+00 7.239E-03
  2.896477E+00 8.773E-03
  2.896958E+00 1.078E-02
  2.897436E+00 1.348E-02
  2.897912E+00 1.721E-02
  2.898385E+00 2.255E-02
  2.898856E+00 3.059E-02
  2.899324E+00 4.343E-02
  2.899790E+00 6.572E-02
  2.900253E+00 1.092E-01
  2.900713E+00 2.108E-01
  2.901172E+00 5.286E-01
  2.901627E+00 1.896E+00
  2.902081E+00 1.710E+00
  2.902531E+00 4.978E-01
  2.902980E+00 2.104E-01
  2.903426E+00 1.140E-01
  2.903870E+00 7.119E-02
  2.904311E+00 4.868E-02
  2.904750E+00 3.540E-02
  2.905187E+00 2.692E-02
  2.905621E+00 2.118E-02
  2.906054E+00 1.709E-02
  2.906484E+00 1.409E-02
  2.906911E+00 1.182E-02
  2.907337E+00 1.005E-02
  2.907760E+00 8.645E-03
  2.908181E+00 7.514E-03
  2.908600E+00 6.588E-03
  2.909016E+00 5.819E-03
  2.909843E+00 4.625E-03
  2.910661E+00 3.751E-03
  2.911471E+00 3.091E-03
  2.912273E+00 2.580E-03
  2.913460E+00 2.003E-03
  2.914629E+00 1.582E-03
  2.915780E+00 1.265E-03
  2.916914E+00 1.020E-03
  2.918400E+00 7.736E-04
  2.919857E+00 5.911E-04
  2.921285E+00 4.541E-04
  2.922685E+00 3.509E-04
  2.924058E+00 2.738E-04
  2.925404E+00 2.175E-04
  2.926397E+00 1.870E-04
  2.927376E+00 1.659E-04
  2.928341E+00 1.543E-04
  2.929292E+00 1.537E-04
  2.929919E+00 1.613E-04
  2.930539E+00 1.779E-04
  2.930847E+00 1.910E-04
  2.931154E+00 2.081E-04
  2.931459E+00 2.306E-04
  2.931763E+00 2.601E-04
  2.932066E+00 2.988E-04
  2.932367E+00 3.500E-04
  2.932666E+00 4.186E-04
  2.932965E+00 5.120E-04
  2.933262E+00 6.416E-04
  2.933557E+00 8.261E-04
  2.933851E+00 1.098E-03
  2.934144E+00 1.516E-03
  2.934435E+00 2.204E-03
  2.934726E+00 3.471E-03
  2.935014E+00 6.597E-03
  2.935302E+00 2.188E+01
  2.935588E+00 8.122E-03
  2.935873E+00 2.605E-02
  2.936156E+00 1.148E-01
  2.936438E+00 1.821E+01
  2.936719E+00 2.167E-01
  2.936999E+00 5.510E-02
  2.937277E+00 2.653E-02
  2.937554E+00 1.638E-02
  2.937830E+00 1.156E-02
  2.938105E+00 8.872E-03
  2.938378E+00 7.204E-03
  2.938650E+00 6.096E-03
  2.938921E+00 5.321E-03
  2.939191E+00 4.758E-03
  2.939460E+00 4.337E-03
  2.939993E+00 3.768E-03
  2.940522E+00 3.420E-03
  2.941306E+00 3.130E-03
  2.942335E+00 2.982E-03
  2.943597E+00 3.006E-03
  2.945317E+00 3.269E-03
  2.947220E+00 3.816E-03
  2.949059E+00 4.624E-03
  2.950618E+00 5.606E-03
  2.952132E+00 6.958E-03
  2.953395E+00 8.580E-03
  2.954423E+00 1.046E-02
  2.955231E+00 1.254E-02
  2.955829E+00 1.462E-02
  2.956419E+00 1.740E-02
  2.957002E+00 2.130E-02
  2.957386E+00 2.489E-02
  2.957768E+00 2.978E-02
  2.957958E+00 3.292E-02
  2.958147E+00 3.673E-02
  2.958335E+00 4.141E-02
  2.958522E+00 4.728E-02
  2.958709E+00 5.482E-02
  2.958895E+00 6.478E-02
  2.959080E+00 7.840E-02
  2.959265E+00 9.786E-02
  2.959449E+00 1.273E-01
  2.959632E+00 1.753E-01
  2.959814E+00 2.626E-01
  2.959996E+00 4.484E-01
  2.960176E+00 9.564E-01
  2.960357E+00 2.823E+00
  2.960536E+00 3.503E+00
  2.960715E+00 9.897E-01
  2.960893E+00 3.628E-01
  2.961070E+00 1.715E-01
  2.961247E+00 9.390E-02
  2.961423E+00 5.620E-02
  2.961598E+00 3.561E-02
  2.961773E+00 2.342E-02
  2.961947E+00 1.578E-02
  2.962120E+00 1.079E-02
  2.962293E+00 7.417E-03
  2.962465E+00 5.092E-03
  2.962636E+00 3.464E-03
  2.962807E+00 2.314E-03
  2.962976E+00 1.501E-03
  2.963146E+00 9.300E-04
  2.963314E+00 5.367E-04
  2.963482E+00 2.753E-04
  2.963650E+00 1.134E-04
  2.963816E+00 2.747E-05
  2.963983E+00 8.199E-08
  2.964148E+00 1.830E-05
  2.964313E+00 7.234E-05
  2.964477E+00 1.547E-04
  2.964641E+00 2.598E-04
  2.964804E+00 3.830E-04
  2.964966E+00 5.209E-04
  2.965289E+00 8.304E-04
  2.965768E+00 1.353E-03
  2.966712E+00 2.515E-03
  2.968237E+00 4.635E-03
  2.969995E+00 7.432E-03
  2.971952E+00 1.090E-02
  2.972088E+00 1.101E-02
  2.972223E+00 1.086E-02
  2.972358E+00 8.709E-03
  2.972493E+00 1.557E-02
  2.972627E+00 1.399E-02
  2.972894E+00 1.406E-02
  2.973812E+00 1.628E-02
  2.974961E+00 2.015E-02
  2.975583E+00 2.313E-02
  2.975952E+00 2.608E-02
  2.976074E+00 2.784E-02
  2.976195E+00 3.102E-02
  2.976316E+00 4.080E-02
  2.976437E+00 1.924E-01
  2.976557E+00 1.393E-02
  2.976677E+00 1.937E-02
  2.976797E+00 2.180E-02
  2.977034E+00 2.451E-02
  2.978084E+00 3.167E-02
  2.979435E+00 4.135E-02
  2.980627E+00 5.280E-02
  2.981570E+00 6.528E-02
  2.982386E+00 8.032E-02
  2.983082E+00 9.878E-02
  2.983570E+00 1.173E-01
  2.983955E+00 1.377E-01
  2.984335E+00 1.667E-01
  2.984617E+00 1.987E-01
  2.984803E+00 2.285E-01
  2.984989E+00 2.696E-01
  2.985081E+00 2.966E-01
  2.985173E+00 3.300E-01
  2.985264E+00 3.722E-01
  2.985356E+00 4.271E-01
  2.985447E+00 5.010E-01
  2.985537E+00 6.052E-01
  2.985628E+00 7.607E-01
  2.985718E+00 1.012E+00
  2.985808E+00 1.466E+00
  2.985898E+00 2.434E+00
  2.985987E+00 5.108E+00
  2.986076E+00 1.369E+01
  2.986165E+00 9.858E+00
  2.986253E+00 2.623E+00
  2.986341E+00 9.173E-01
  2.986429E+00 3.907E-01
  2.986517E+00 1.834E-01
  2.986605E+00 8.924E-02
  2.986692E+00 4.277E-02
  2.986779E+00 1.905E-02
  2.986865E+00 7.133E-03
  2.986952E+00 1.712E-03
  2.987038E+00 3.405E-05
  2.987123E+00 5.810E-04
  2.987209E+00 2.478E-03
  2.987294E+00 5.202E-03
  2.987379E+00 8.435E-03
  2.987549E+00 1.570E-02
  2.989502E+00 1.066E-01
  2.990351E+00 1.527E-01
  2.991174E+00 2.082E-01
  2.991755E+00 2.519E-01
  2.991827E+00 2.490E-01
  2.991899E+00 3.923E-01
  2.991970E+00 2.969E-01
  2.992112E+00 3.034E-01
  2.992603E+00 3.627E-01
  2.993152E+00 4.551E-01
  2.993556E+00 5.509E-01
  2.993822E+00 6.434E-01
  2.993953E+00 7.123E-01
  2.994019E+00 7.603E-01
  2.994084E+00 8.274E-01
  2.994149E+00 9.363E-01
  2.994214E+00 1.174E+00
  2.994279E+00 2.344E+00
  2.994343E+00 1.345E-01
  2.994408E+00 2.709E-01
  2.994472E+00 4.490E-01
  2.994536E+00 5.456E-01
  2.994600E+00 6.116E-01
  2.994791E+00 7.476E-01
  2.995415E+00 1.124E+00
  2.995841E+00 1.458E+00
  2.996201E+00 1.841E+00
  2.996496E+00 2.261E+00
  2.996787E+00 2.815E+00
  2.997074E+00 3.568E+00
  2.997301E+00 4.382E+00
  2.997525E+00 5.476E+00
  2.997692E+00 6.560E+00
  2.997858E+00 7.972E+00
  2.998022E+00 9.853E+00
  2.998185E+00 1.243E+01
  2.998293E+00 1.472E+01
  2.998400E+00 1.766E+01
  2.998507E+00 2.153E+01
  2.998613E+00 2.676E+01
  2.998666E+00 3.009E+01
  2.998719E+00 3.405E+01
  2.998771E+00 3.881E+01
  2.998824E+00 4.462E+01
  2.998876E+00 5.179E+01
  2.998928E+00 6.077E+01
  2.998980E+00 7.224E+01
  2.999032E+00 8.718E+01
  2.999084E+00 1.071E+02
  2.999136E+00 1.346E+02
  2.999187E+00 1.739E+02
  2.999239E+00 2.327E+02
  2.999290E+00 3.263E+02
  2.999341E+00 4.881E+02
  2.999392E+00 8.022E+02
  2.999443E+00 1.527E+03
  2.999494E+00 3.705E+03
  2.999544E+00 1.130E+04
  2.999595E+00 9.314E+03
  2.999645E+00 3.094E+03
  2.999695E+00 1.364E+03
  2.999746E+00 7.500E+02
  2.999796E+00 4.714E+02
  2.999845E+00 3.232E+02
  2.999895E+00 2.354E+02
  2.999945E+00 1.792E+02
  2.999994E+00 1.411E+02
  3.000043E+00 1.140E+02
  3.000093E+00 9.414E+01
  3.000142E+00 7.911E+01
  3.000191E+00 6.746E+01
  3.000240E+00 5.825E+01
  3.000288E+00 5.084E+01
  3.000337E+00 4.478E+01
  3.000385E+00 3.977E+01
  3.000482E+00 3.203E+01
  3.000578E+00 2.640E+01
  3.000674E+00 2.217E+01
  3.000816E+00 1.756E+01
  3.000957E+00 1.430E+01
  3.001098E+00 1.190E+01
  3.001283E+00 9.573E+00
  3.001467E+00 7.901E+00
  3.001694E+00 6.393E+00
  3.001963E+00 5.122E+00
  3.002271E+00 4.091E+00
  3.002703E+00 2.990E+00
  3.002745E+00 2.797E+00
  3.002788E+00 2.179E+00
  3.002830E+00 4.022E+00
  3.002873E+00 3.229E+00
  3.002915E+00 3.034E+00
  3.003041E+00 2.756E+00
  3.003331E+00 2.384E+00
  3.003697E+00 2.081E+00
  3.003977E+00 1.965E+00
  3.004134E+00 2.003E+00
  3.004212E+00 2.117E+00
  3.004251E+00 2.243E+00
  3.004290E+00 2.486E+00
  3.004329E+00 3.067E+00
  3.004368E+00 5.593E+00
  3.004406E+00 1.986E+01
  3.004445E+00 1.583E-01
  3.004483E+00 5.860E-01
  3.004522E+00 8.036E-01
  3.004560E+00 9.240E-01
  3.004598E+00 9.968E-01
  3.004674E+00 1.074E+00
  3.004825E+00 1.121E+00
  3.005233E+00 1.089E+00
  3.006019E+00 9.944E-01
  3.006466E+00 1.002E+00
  3.006734E+00 1.064E+00
  3.006899E+00 1.153E+00
  3.007030E+00 1.283E+00
  3.007127E+00 1.451E+00
  3.007192E+00 1.629E+00
  3.007256E+00 1.906E+00
  3.007288E+00 2.108E+00
  3.007320E+00 2.382E+00
  3.007352E+00 2.768E+00
  3.007384E+00 3.345E+00
  3.007415E+00 4.275E+00
  3.007447E+00 5.954E+00
  3.007479E+00 9.543E+00
  3.007510E+00 1.936E+01
  3.007542E+00 4.444E+01
  3.007573E+00 2.204E+01
  3.007604E+00 5.588E+00
  3.007636E+00 1.799E+00
  3.007667E+00 6.624E-01
  3.007698E+00 2.486E-01
  3.007729E+00 8.433E-02
  3.007760E+00 2.055E-02
  3.007791E+00 1.178E-03
  3.007822E+00 2.456E-03
  3.007853E+00 1.344E-02
  3.007883E+00 2.879E-02
  3.007975E+00 7.976E-02
  3.008066E+00 1.245E-01
  3.008157E+00 1.603E-01
  3.008277E+00 1.963E-01
  3.008455E+00 2.328E-01
  3.008717E+00 2.642E-01
  3.009087E+00 2.841E-01
  3.009393E+00 2.846E-01
  3.009475E+00 2.743E-01
  3.009502E+00 2.635E-01
  3.009530E+00 2.341E-01
  3.009557E+00 4.003E-04
  3.009584E+00 3.977E-01
  3.009611E+00 3.448E-01
  3.009638E+00 3.298E-01
  3.009718E+00 3.167E-01
  3.010036E+00 3.151E-01
  3.010294E+00 3.302E-01
  3.010421E+00 3.542E-01
  3.010472E+00 3.749E-01
  3.010522E+00 4.150E-01
  3.010547E+00 4.532E-01
  3.010572E+00 5.234E-01
  3.010597E+00 6.929E-01
  3.010622E+00 1.546E+00
  3.010647E+00 1.686E+00
  3.010672E+00 1.849E-02
  3.010697E+00 9.688E-02
  3.010722E+00 1.441E-01
  3.010746E+00 1.730E-01
  3.010771E+00 1.923E-01
  3.010820E+00 2.164E-01
  3.010893E+00 2.359E-01
  3.011063E+00 2.567E-01
  3.011785E+00 2.998E-01
  3.012031E+00 3.315E-01
  3.012184E+00 3.707E-01
  3.012293E+00 4.209E-01
  3.012358E+00 4.703E-01
  3.012422E+00 5.493E-01
  3.012464E+00 6.339E-01
  3.012486E+00 6.933E-01
  3.012507E+00 7.706E-01
  3.012528E+00 8.750E-01
  3.012549E+00 1.022E+00
  3.012570E+00 1.242E+00
  3.012591E+00 1.598E+00
  3.012612E+00 2.246E+00
  3.012633E+00 3.647E+00
  3.012654E+00 7.535E+00
  3.012675E+00 1.651E+01
  3.012696E+00 7.213E+00
  3.012717E+00 1.849E+00
  3.012737E+00 5.980E-01
  3.012758E+00 2.174E-01
  3.012779E+00 7.875E-02
  3.012799E+00 2.465E-02
  3.012820E+00 4.769E-03
  3.012841E+00 1.147E-05
  3.012861E+00 2.253E-03
  3.012882E+00 7.739E-03
  3.012902E+00 1.463E-02
  3.012963E+00 3.655E-02
  3.013004E+00 4.975E-02
  3.013064E+00 6.655E-02
  3.013144E+00 8.407E-02
  3.013263E+00 1.029E-01
  3.013440E+00 1.211E-01
  3.013689E+00 1.360E-01
  3.013877E+00 1.403E-01
  3.013932E+00 1.376E-01
  3.013951E+00 1.347E-01
  3.013969E+00 1.289E-01
  3.013988E+00 1.140E-01
  3.014006E+00 3.012E-02
  3.014024E+00 2.398E-01
  3.014043E+00 1.867E-01
  3.014061E+00 1.747E-01
  3.014097E+00 1.672E-01
  3.014206E+00 1.647E-01
  3.014455E+00 1.750E-01
  3.014577E+00 1.891E-01
  3.014646E+00 2.085E-01
  3.014680E+00 2.294E-01
  3.014697E+00 2.476E-01
  3.014714E+00 2.778E-01
  3.014731E+00 3.377E-01
  3.014748E+00 5.095E-01
  3.014765E+00 2.448E+00
  3.014782E+00 7.692E-02
  3.014799E+00 1.930E-02
  3.014816E+00 5.718E-02
  3.014833E+00 8.086E-02
  3.014850E+00 9.625E-02
  3.014867E+00 1.070E-01
  3.014900E+00 1.210E-01
  3.014967E+00 1.361E-01
  3.015099E+00 1.506E-01
  3.015547E+00 1.827E-01
  3.015717E+00 2.056E-01
  3.015824E+00 2.322E-01
  3.015899E+00 2.654E-01
  3.015944E+00 2.976E-01
  3.015974E+00 3.287E-01
  3.016003E+00 3.731E-01
  3.016018E+00 4.033E-01
  3.016033E+00 4.416E-01
  3.016048E+00 4.913E-01
  3.016062E+00 5.584E-01
  3.016077E+00 6.531E-01
  3.016092E+00 7.946E-01
  3.016106E+00 1.024E+00
  3.016121E+00 1.443E+00
  3.016136E+00 2.353E+00
  3.016150E+00 4.889E+00
  3.016165E+00 1.045E+01
  3.016179E+00 4.349E+00
  3.016194E+00 1.119E+00
  3.016208E+00 3.614E-01
  3.016223E+00 1.302E-01
  3.016237E+00 4.613E-02
  3.016252E+00 1.376E-02
  3.016266E+00 2.278E-03
  3.016280E+00 1.880E-05
  3.016295E+00 2.001E-03
  3.016309E+00 5.927E-03
  3.016323E+00 1.068E-02
  3.016337E+00 1.568E-02
  3.016380E+00 3.003E-02
  3.016408E+00 3.836E-02
  3.016465E+00 5.199E-02
  3.016535E+00 6.465E-02
  3.016631E+00 7.709E-02
  3.016781E+00 8.958E-02
  3.016955E+00 9.759E-02
  3.017021E+00 9.733E-02
  3.017047E+00 9.469E-02
  3.017060E+00 9.138E-02
  3.017073E+00 8.403E-02
  3.017086E+00 5.993E-02
  3.017099E+00 4.856E-01
  3.017112E+00 1.502E-01
  3.017125E+00 1.311E-01
  3.017138E+00 1.247E-01
  3.017177E+00 1.193E-01
  3.017292E+00 1.205E-01
  3.017442E+00 1.302E-01
  3.017516E+00 1.415E-01
  3.017553E+00 1.532E-01
  3.017578E+00 1.676E-01
  3.017590E+00 1.796E-01
  3.017602E+00 1.984E-01
  3.017614E+00 2.323E-01
  3.017626E+00 3.108E-01
  3.017639E+00 6.567E-01
  3.017651E+00 5.032E+00
  3.017663E+00 4.640E-06
  3.017675E+00 2.619E-02
  3.017687E+00 4.863E-02
  3.017699E+00 6.309E-02
  3.017711E+00 7.297E-02
  3.017723E+00 8.013E-02
  3.017747E+00 8.989E-02
  3.017794E+00 1.010E-01
  3.017900E+00 1.135E-01
  3.018198E+00 1.388E-01
  3.018321E+00 1.573E-01
  3.018398E+00 1.783E-01
  3.018452E+00 2.043E-01
  3.018484E+00 2.294E-01
  3.018517E+00 2.691E-01
  3.018538E+00 3.113E-01
  3.018549E+00 3.409E-01
  3.018560E+00 3.794E-01
  3.018570E+00 4.313E-01
  3.018581E+00 5.043E-01
  3.018592E+00 6.136E-01
  3.018602E+00 7.909E-01
  3.018613E+00 1.114E+00
  3.018623E+00 1.816E+00
  3.018634E+00 3.770E+00
  3.018644E+00 8.007E+00
  3.018655E+00 3.311E+00
  3.018665E+00 8.511E-01
  3.018676E+00 2.740E-01
  3.018686E+00 9.798E-02
  3.018697E+00 3.429E-02
  3.018707E+00 9.947E-03
  3.018718E+00 1.501E-03
  3.018728E+00 4.826E-05
  3.018739E+00 1.800E-03
  3.018749E+00 5.008E-03
  3.018759E+00 8.823E-03
  3.018770E+00 1.282E-02
  3.018790E+00 2.059E-02
  3.018821E+00 3.082E-02
  3.018822E+00 0.000E+00
  3.022361E+00 0.000E+00
  3.022362E+00 5.301E+00
  3.025692E+00 3.704E+00
  3.028993E+00 3.045E+00
  3.029003E+00 1.681E+00
  3.033120E+00 1.284E+00
  3.037192E+00 1.016E+00
  3.041219E+00 8.267E-01
  3.045202E+00 6.884E-01
  3.049142E+00 5.842E-01
  3.053038E+00 5.038E-01
  3.056892E+00 4.403E-01
  3.060704E+00 3.894E-01
  3.068205E+00 3.134E-01
  3.075546E+00 2.603E-01
  3.082732E+00 2.215E-01
  3.093229E+00 1.801E-01
  3.103400E+00 1.511E-01
  3.116477E+00 1.240E-01
  3.132087E+00 1.009E-01
  3.149810E+00 8.223E-02
  3.169201E+00 6.770E-02
  3.192283E+00 5.553E-02
  3.220183E+00 4.542E-02
  3.252979E+00 3.732E-02
  3.284848E+00 3.205E-02
  3.306562E+00 3.037E-02
  3.319298E+00 3.126E-02
  3.327309E+00 3.378E-02
  3.332449E+00 3.724E-02
  3.336204E+00 4.153E-02
  3.339876E+00 4.830E-02
  3.342279E+00 5.501E-02
  3.344646E+00 6.442E-02
  3.346979E+00 7.777E-02
  3.349278E+00 9.675E-02
  3.351544E+00 1.231E-01
  3.355979E+00 1.915E-01
  3.357068E+00 2.043E-01
  3.358149E+00 2.113E-01
  3.359222E+00 2.109E-01
  3.360288E+00 2.037E-01
  3.362397E+00 1.756E-01
  3.365506E+00 1.283E-01
  3.367542E+00 1.038E-01
  3.369550E+00 8.554E-02
  3.371530E+00 7.209E-02
  3.374449E+00 5.811E-02
  3.377309E+00 4.884E-02
  3.381032E+00 4.071E-02
  3.385546E+00 3.434E-02
  3.390767E+00 2.957E-02
  3.398223E+00 2.526E-02
  3.408255E+00 2.172E-02
  3.422829E+00 1.859E-02
  3.437940E+00 1.671E-02
  3.446526E+00 1.656E-02
  3.450539E+00 1.733E-02
  3.452480E+00 1.838E-02
  3.453908E+00 2.002E-02
  3.454847E+00 2.215E-02
  3.455313E+00 2.394E-02
  3.455777E+00 2.676E-02
  3.456237E+00 3.178E-02
  3.456696E+00 4.300E-02
  3.457152E+00 8.473E-02
  3.457605E+00 3.487E+00
  3.458057E+00 1.440E-02
  3.458505E+00 3.112E-03
  3.458952E+00 4.695E-03
  3.459396E+00 6.386E-03
  3.459837E+00 7.691E-03
  3.460276E+00 8.692E-03
  3.461148E+00 1.013E-02
  3.462864E+00 1.192E-02
  3.468596E+00 1.638E-02
  3.471692E+00 2.000E-02
  3.474300E+00 2.416E-02
  3.475390E+00 2.697E-02
  3.476464E+00 3.125E-02
  3.477523E+00 3.697E-02
  3.478565E+00 4.433E-02
  3.479593E+00 5.392E-02
  3.480606E+00 6.672E-02
  3.481604E+00 8.420E-02
  3.482262E+00 9.955E-02
  3.482913E+00 1.189E-01
  3.483558E+00 1.437E-01
  3.484197E+00 1.756E-01
  3.484830E+00 2.168E-01
  3.485456E+00 2.702E-01
  3.486077E+00 3.385E-01
  3.486693E+00 4.230E-01
  3.488206E+00 6.601E-01
  3.488801E+00 7.131E-01
  3.489097E+00 7.193E-01
  3.489684E+00 6.899E-01
  3.490554E+00 5.772E-01
  3.491697E+00 4.102E-01
  3.492540E+00 3.130E-01
  3.493371E+00 2.406E-01
  3.494463E+00 1.678E-01
  3.495001E+00 1.356E-01
  3.495269E+00 6.388E-01
  3.495535E+00 3.119E-01
  3.495800E+00 1.924E-01
  3.496064E+00 1.611E-01
  3.496326E+00 1.443E-01
  3.496848E+00 1.235E-01
  3.497622E+00 1.034E-01
  3.498639E+00 8.511E-02
  3.499884E+00 6.921E-02
  3.501343E+00 5.586E-02
  3.502998E+00 4.486E-02
  3.505055E+00 3.493E-02
  3.507250E+00 2.712E-02
  3.509561E+00 2.085E-02
  3.511770E+00 1.623E-02
  3.513506E+00 1.356E-02
  3.514813E+00 1.239E-02
  3.515725E+00 1.232E-02
  3.516442E+00 1.305E-02
  3.516972E+00 1.443E-02
  3.517322E+00 1.603E-02
  3.517670E+00 1.858E-02
  3.517842E+00 2.045E-02
  3.518014E+00 2.296E-02
  3.518186E+00 2.647E-02
  3.518356E+00 3.166E-02
  3.518526E+00 4.007E-02
  3.518696E+00 5.577E-02
  3.518864E+00 9.344E-02
  3.519032E+00 2.526E-01
  3.519200E+00 5.888E+00
  3.519366E+00 1.218E-01
  3.519533E+00 1.817E-02
  3.519698E+00 6.627E-03
  3.519863E+00 5.648E-03
  3.520027E+00 7.046E-03
  3.520191E+00 9.223E-03
  3.520354E+00 1.179E-02
  3.520516E+00 1.466E-02
  3.520678E+00 1.786E-02
  3.520839E+00 2.144E-02
  3.521000E+00 2.552E-02
  3.521159E+00 3.020E-02
  3.521319E+00 3.564E-02
  3.521478E+00 4.204E-02
  3.521636E+00 4.964E-02
  3.521793E+00 5.879E-02
  3.521950E+00 6.992E-02
  3.522107E+00 8.364E-02
  3.522262E+00 1.008E-01
  3.522417E+00 1.226E-01
  3.522572E+00 1.506E-01
  3.522726E+00 1.874E-01
  3.522880E+00 2.366E-01
  3.523032E+00 3.036E-01
  3.523185E+00 3.962E-01
  3.523337E+00 5.250E-01
  3.523488E+00 7.013E-01
  3.523789E+00 1.168E+00
  3.523938E+00 1.331E+00
  3.524087E+00 1.317E+00
  3.524235E+00 1.142E+00
  3.524383E+00 9.129E-01
  3.524531E+00 7.070E-01
  3.524677E+00 5.471E-01
  3.524824E+00 4.290E-01
  3.524969E+00 3.429E-01
  3.525115E+00 2.795E-01
  3.525259E+00 2.323E-01
  3.525403E+00 1.966E-01
  3.525547E+00 1.692E-01
  3.525690E+00 1.480E-01
  3.525833E+00 1.315E-01
  3.525975E+00 1.184E-01
  3.526116E+00 1.082E-01
  3.526398E+00 9.400E-02
  3.526677E+00 8.595E-02
  3.526955E+00 8.245E-02
  3.527230E+00 8.267E-02
  3.527640E+00 8.917E-02
  3.528045E+00 1.031E-01
  3.528446E+00 1.257E-01
  3.528711E+00 1.467E-01
  3.528974E+00 1.735E-01
  3.529235E+00 2.078E-01
  3.529494E+00 2.514E-01
  3.529752E+00 3.068E-01
  3.530007E+00 3.773E-01
  3.530261E+00 4.668E-01
  3.530514E+00 5.791E-01
  3.530888E+00 7.930E-01
  3.531136E+00 9.480E-01
  3.531260E+00 1.010E+00
  3.531382E+00 1.037E+00
  3.531505E+00 9.878E-01
  3.531627E+00 7.893E-01
  3.531748E+00 3.883E-01
  3.531869E+00 9.722E-02
  3.531990E+00 5.018E-01
  3.532111E+00 1.157E+00
  3.532230E+00 1.595E+00
  3.532350E+00 1.821E+00
  3.532469E+00 1.912E+00
  3.532588E+00 1.917E+00
  3.532824E+00 1.783E+00
  3.533523E+00 1.108E+00
  3.533867E+00 8.304E-01
  3.534207E+00 6.066E-01
  3.534545E+00 4.195E-01
  3.534768E+00 3.100E-01
  3.534878E+00 2.649E-01
  3.534989E+00 2.420E-01
  3.535099E+00 2.971E-01
  3.535209E+00 7.132E-01
  3.535318E+00 4.021E+00
  3.535428E+00 1.847E+01
  3.535536E+00 4.973E+00
  3.535645E+00 2.338E+00
  3.535753E+00 1.516E+00
  3.535860E+00 1.137E+00
  3.535968E+00 9.220E-01
  3.536074E+00 7.829E-01
  3.536181E+00 6.847E-01
  3.536287E+00 6.111E-01
  3.536499E+00 5.066E-01
  3.536709E+00 4.342E-01
  3.537021E+00 3.574E-01
  3.537433E+00 2.865E-01
  3.537940E+00 2.243E-01
  3.538538E+00 1.703E-01
  3.539222E+00 1.229E-01
  3.539890E+00 8.571E-02
  3.540451E+00 5.933E-02
  3.540911E+00 4.075E-02
  3.541273E+00 2.828E-02
  3.541542E+00 2.064E-02
  3.541720E+00 1.658E-02
  3.541897E+00 1.352E-02
  3.541985E+00 1.244E-02
  3.542072E+00 1.171E-02
  3.542160E+00 1.137E-02
  3.542247E+00 1.147E-02
  3.542334E+00 1.206E-02
  3.542420E+00 1.321E-02
  3.542507E+00 1.501E-02
  3.542593E+00 1.755E-02
  3.542679E+00 2.094E-02
  3.542764E+00 2.532E-02
  3.542850E+00 3.085E-02
  3.542935E+00 3.775E-02
  3.543019E+00 4.625E-02
  3.543104E+00 5.668E-02
  3.543188E+00 6.942E-02
  3.543272E+00 8.499E-02
  3.543356E+00 1.041E-01
  3.543439E+00 1.276E-01
  3.543523E+00 1.567E-01
  3.543606E+00 1.933E-01
  3.543688E+00 2.401E-01
  3.543771E+00 3.014E-01
  3.543853E+00 3.845E-01
  3.543935E+00 5.030E-01
  3.544017E+00 6.858E-01
  3.544098E+00 1.005E+00
  3.544180E+00 1.700E+00
  3.544261E+00 4.082E+00
  3.544341E+00 3.542E+01
  3.544422E+00 6.355E+00
  3.544502E+00 1.131E+00
  3.544582E+00 6.645E-01
  3.544662E+00 6.890E-01
  3.544742E+00 8.579E-01
  3.544821E+00 1.116E+00
  3.544900E+00 1.466E+00
  3.544979E+00 1.927E+00
  3.545058E+00 2.536E+00
  3.545136E+00 3.338E+00
  3.545214E+00 4.390E+00
  3.545292E+00 5.735E+00
  3.545370E+00 7.362E+00
  3.545447E+00 9.121E+00
  3.545524E+00 1.066E+01
  3.545601E+00 1.150E+01
  3.545678E+00 1.139E+01
  3.545755E+00 1.048E+01
  3.545983E+00 6.568E+00
  3.546059E+00 5.530E+00
  3.546134E+00 4.683E+00
  3.546209E+00 3.997E+00
  3.546284E+00 3.443E+00
  3.546359E+00 2.994E+00
  3.546434E+00 2.626E+00
  3.546508E+00 2.322E+00
  3.546656E+00 1.858E+00
  3.546803E+00 1.528E+00
  3.546949E+00 1.289E+00
  3.547095E+00 1.113E+00
  3.547311E+00 9.369E-01
  3.547526E+00 8.400E-01
  3.547739E+00 8.118E-01
  3.547880E+00 8.315E-01
  3.548020E+00 8.856E-01
  3.548159E+00 9.799E-01
  3.548298E+00 1.124E+00
  3.548435E+00 1.329E+00
  3.548572E+00 1.615E+00
  3.548709E+00 2.004E+00
  3.548844E+00 2.529E+00
  3.548978E+00 3.232E+00
  3.549112E+00 4.158E+00
  3.549245E+00 5.346E+00
  3.549509E+00 8.227E+00
  3.549575E+00 8.728E+00
  3.549640E+00 8.773E+00
  3.549705E+00 7.891E+00
  3.549770E+00 5.421E+00
  3.549835E+00 1.730E+00
  3.549900E+00 1.687E+00
  3.550028E+00 1.476E+01
  3.550092E+00 1.868E+01
  3.550156E+00 2.065E+01
  3.550220E+00 2.142E+01
  3.550284E+00 2.146E+01
  3.550410E+00 2.029E+01
  3.550909E+00 1.251E+01
  3.551216E+00 8.775E+00
  3.551398E+00 6.950E+00
  3.551458E+00 6.454E+00
  3.551518E+00 6.114E+00
  3.551578E+00 6.149E+00
  3.551638E+00 7.212E+00
  3.551698E+00 1.168E+01
  3.551757E+00 3.171E+01
  3.551817E+00 1.865E+02
  3.551876E+00 4.094E+02
  3.551935E+00 1.055E+02
  3.551994E+00 5.208E+01
  3.552052E+00 3.461E+01
  3.552111E+00 2.650E+01
  3.552169E+00 2.194E+01
  3.552227E+00 1.905E+01
  3.552285E+00 1.706E+01
  3.552343E+00 1.562E+01
  3.552459E+00 1.367E+01
  3.552630E+00 1.195E+01
  3.552857E+00 1.068E+01
  3.553193E+00 9.767E+00
  3.553633E+00 9.428E+00
  3.554117E+00 9.797E+00
  3.554537E+00 1.075E+01
  3.554898E+00 1.220E+01
  3.555202E+00 1.413E+01
  3.555452E+00 1.651E+01
  3.555699E+00 2.001E+01
  3.555894E+00 2.415E+01
  3.556039E+00 2.851E+01
  3.556183E+00 3.460E+01
  3.556326E+00 4.350E+01
  3.556420E+00 5.198E+01
  3.556514E+00 6.379E+01
  3.556561E+00 7.157E+01
  3.556608E+00 8.113E+01
  3.556655E+00 9.315E+01
  3.556701E+00 1.087E+02
  3.556748E+00 1.296E+02
  3.556794E+00 1.595E+02
  3.556840E+00 2.070E+02
  3.556886E+00 2.990E+02
  3.556932E+00 5.820E+02
  3.556978E+00 3.759E+03
  3.557024E+00 4.120E+02
  3.557070E+00 2.138E+02
  3.557115E+00 2.393E+02
  3.557160E+00 2.790E+02
  3.557206E+00 3.062E+02
  3.557251E+00 3.100E+02
  3.557296E+00 2.901E+02
  3.557386E+00 2.144E+02
  3.557431E+00 1.762E+02
  3.557475E+00 1.436E+02
  3.557520E+00 1.169E+02
  3.557564E+00 9.565E+01
  3.557608E+00 7.878E+01
  3.557653E+00 6.541E+01
  3.557697E+00 5.476E+01
  3.557741E+00 4.621E+01
  3.557784E+00 3.929E+01
  3.557828E+00 3.364E+01
  3.557872E+00 2.900E+01
  3.557915E+00 2.515E+01
  3.558002E+00 1.923E+01
  3.558045E+00 1.695E+01
  3.558132E+00 1.334E+01
  3.558217E+00 1.068E+01
  3.558303E+00 8.687E+00
  3.558387E+00 7.182E+00
  3.558472E+00 6.041E+00
  3.558556E+00 5.177E+00
  3.558681E+00 4.280E+00
  3.558806E+00 3.755E+00
  3.558929E+00 3.534E+00
  3.559052E+00 3.592E+00
  3.559174E+00 3.937E+00
  3.559295E+00 4.609E+00
  3.559415E+00 5.672E+00
  3.559534E+00 7.170E+00
  3.559652E+00 8.889E+00
  3.559691E+00 9.291E+00
  3.559730E+00 9.305E+00
  3.559770E+00 8.345E+00
  3.559809E+00 5.150E+00
  3.559847E+00 2.205E+00
  3.559886E+00 1.006E+01
  3.559925E+00 1.589E+01
  3.559964E+00 1.819E+01
  3.560002E+00 1.916E+01
  3.560040E+00 1.947E+01
  3.560117E+00 1.885E+01
  3.560231E+00 1.603E+01
  3.560420E+00 1.033E+01
  3.560532E+00 7.610E+00
  3.560606E+00 6.159E+00
  3.560680E+00 4.956E+00
  3.560754E+00 3.964E+00
  3.560827E+00 3.163E+00
  3.560864E+00 2.841E+00
  3.560900E+00 2.592E+00
  3.560936E+00 2.453E+00
  3.560973E+00 2.514E+00
  3.561009E+00 3.005E+00
  3.561045E+00 4.588E+00
  3.561081E+00 9.713E+00
  3.561117E+00 3.172E+01
  3.561153E+00 1.631E+02
  3.561224E+00 3.388E+01
  3.561260E+00 1.790E+01
  3.561295E+00 1.173E+01
  3.561331E+00 8.628E+00
  3.561366E+00 6.803E+00
  3.561401E+00 5.608E+00
  3.561437E+00 4.766E+00
  3.561472E+00 4.138E+00
  3.561507E+00 3.652E+00
  3.561542E+00 3.261E+00
  3.561611E+00 2.671E+00
  3.561681E+00 2.241E+00
  3.561784E+00 1.773E+00
  3.561887E+00 1.434E+00
  3.561989E+00 1.175E+00
  3.562124E+00 9.099E-01
  3.562258E+00 7.075E-01
  3.562390E+00 5.480E-01
  3.562522E+00 4.197E-01
  3.562652E+00 3.150E-01
  3.562781E+00 2.289E-01
  3.562909E+00 1.582E-01
  3.563004E+00 1.141E-01
  3.563099E+00 7.719E-02
  3.563162E+00 5.658E-02
  3.563224E+00 3.932E-02
  3.563255E+00 3.201E-02
  3.563286E+00 2.565E-02
  3.563317E+00 2.030E-02
  3.563348E+00 1.601E-02
  3.563379E+00 1.288E-02
  3.563410E+00 1.101E-02
  3.563441E+00 1.052E-02
  3.563471E+00 1.155E-02
  3.563502E+00 1.430E-02
  3.563533E+00 1.897E-02
  3.563563E+00 2.582E-02
  3.563593E+00 3.516E-02
  3.563624E+00 4.737E-02
  3.563654E+00 6.291E-02
  3.563684E+00 8.234E-02
  3.563714E+00 1.064E-01
  3.563744E+00 1.358E-01
  3.563774E+00 1.718E-01
  3.563804E+00 2.156E-01
  3.563834E+00 2.689E-01
  3.563864E+00 3.339E-01
  3.563894E+00 4.133E-01
  3.563923E+00 5.107E-01
  3.563953E+00 6.307E-01
  3.563982E+00 7.795E-01
  3.564012E+00 9.652E-01
  3.564041E+00 1.199E+00
  3.564071E+00 1.495E+00
  3.564100E+00 1.873E+00
  3.564129E+00 2.359E+00
  3.564158E+00 2.987E+00
  3.564188E+00 3.800E+00
  3.564217E+00 4.845E+00
  3.564246E+00 6.162E+00
  3.564274E+00 7.775E+00
  3.564303E+00 9.717E+00
  3.564332E+00 1.256E+01
  3.564361E+00 2.609E+01
  3.564389E+00 5.821E+01
  3.564418E+00 1.498E+01
  3.564447E+00 1.068E+01
  3.564475E+00 8.616E+00
  3.564504E+00 7.125E+00
  3.564532E+00 5.954E+00
  3.564560E+00 5.020E+00
  3.564589E+00 4.271E+00
  3.564617E+00 3.666E+00
  3.564645E+00 3.175E+00
  3.564673E+00 2.772E+00
  3.564701E+00 2.439E+00
  3.564729E+00 2.161E+00
  3.564785E+00 1.728E+00
  3.564840E+00 1.412E+00
  3.564895E+00 1.174E+00
  3.564950E+00 9.905E-01
  3.565032E+00 7.861E-01
  3.565114E+00 6.396E-01
  3.565195E+00 5.328E-01
  3.565276E+00 4.555E-01
  3.565356E+00 4.014E-01
  3.565435E+00 3.676E-01
  3.565514E+00 3.535E-01
  3.565593E+00 3.604E-01
  3.565671E+00 3.918E-01
  3.565749E+00 4.537E-01
  3.565800E+00 5.155E-01
  3.565877E+00 6.417E-01
  3.565953E+00 7.823E-01
  3.565979E+00 8.052E-01
  3.566004E+00 7.757E-01
  3.566029E+00 6.170E-01
  3.566055E+00 4.918E-01
  3.566080E+00 1.961E+00
  3.566105E+00 2.338E+00
  3.566229E+00 2.625E+00
  3.566279E+00 2.598E+00
  3.566328E+00 2.443E+00
  3.566426E+00 1.914E+00
  3.566524E+00 1.375E+00
  3.566596E+00 1.048E+00
  3.566668E+00 7.901E-01
  3.566716E+00 6.525E-01
  3.566763E+00 5.443E-01
  3.566787E+00 5.052E-01
  3.566811E+00 4.820E-01
  3.566834E+00 4.850E-01
  3.566858E+00 5.367E-01
  3.566882E+00 6.906E-01
  3.566905E+00 1.092E+00
  3.566928E+00 2.227E+00
  3.566952E+00 6.324E+00
  3.566975E+00 2.648E+01
  3.566998E+00 2.942E+01
  3.567022E+00 1.027E+01
  3.567045E+00 5.107E+00
  3.567068E+00 3.212E+00
  3.567091E+00 2.302E+00
  3.567114E+00 1.785E+00
  3.567137E+00 1.456E+00
  3.567160E+00 1.230E+00
  3.567183E+00 1.065E+00
  3.567206E+00 9.392E-01
  3.567229E+00 8.400E-01
  3.567274E+00 6.925E-01
  3.567320E+00 5.872E-01
  3.567387E+00 4.739E-01
  3.567455E+00 3.923E-01
  3.567522E+00 3.296E-01
  3.567610E+00 2.648E-01
  3.567720E+00 2.030E-01
  3.567829E+00 1.548E-01
  3.567936E+00 1.160E-01
  3.568043E+00 8.391E-02
  3.568128E+00 6.220E-02
  3.568211E+00 4.366E-02
  3.568274E+00 3.188E-02
  3.568315E+00 2.512E-02
  3.568357E+00 1.938E-02
  3.568377E+00 1.694E-02
  3.568418E+00 1.306E-02
  3.568439E+00 1.169E-02
  3.568459E+00 1.077E-02
  3.568480E+00 1.036E-02
  3.568500E+00 1.052E-02
  3.568521E+00 1.136E-02
  3.568541E+00 1.296E-02
  3.568561E+00 1.546E-02
  3.568581E+00 1.901E-02
  3.568601E+00 2.381E-02
  3.568622E+00 3.011E-02
  3.568642E+00 3.819E-02
  3.568662E+00 4.843E-02
  3.568682E+00 6.129E-02
  3.568702E+00 7.739E-02
  3.568722E+00 9.747E-02
  3.568742E+00 1.225E-01
  3.568761E+00 1.539E-01
  3.568781E+00 1.932E-01
  3.568801E+00 2.427E-01
  3.568821E+00 3.053E-01
  3.568841E+00 3.851E-01
  3.568860E+00 4.874E-01
  3.568880E+00 6.192E-01
  3.568900E+00 7.896E-01
  3.568919E+00 1.010E+00
  3.568939E+00 1.292E+00
  3.568958E+00 1.644E+00
  3.568978E+00 2.062E+00
  3.569016E+00 2.918E+00
  3.569036E+00 3.167E+00
  3.569055E+00 3.188E+00
  3.569074E+00 3.045E+00
  3.569094E+00 3.193E+00
  3.569113E+00 8.718E+00
  3.569132E+00 3.397E+01
  3.569151E+00 6.732E+00
  3.569170E+00 3.699E+00
  3.569189E+00 2.624E+00
  3.569208E+00 2.048E+00
  3.569227E+00 1.677E+00
  3.569246E+00 1.413E+00
  3.569265E+00 1.215E+00
  3.569284E+00 1.060E+00
  3.569303E+00 9.353E-01
  3.569322E+00 8.334E-01
  3.569359E+00 6.768E-01
  3.569397E+00 5.628E-01
  3.569434E+00 4.768E-01
  3.569471E+00 4.099E-01
  3.569527E+00 3.343E-01
  3.569582E+00 2.790E-01
  3.569637E+00 2.377E-01
  3.569709E+00 1.985E-01
  3.569781E+00 1.736E-01
  3.569853E+00 1.614E-01
  3.569906E+00 1.612E-01
  3.569959E+00 1.698E-01
  3.570012E+00 1.891E-01
  3.570065E+00 2.205E-01
  3.570134E+00 2.685E-01
  3.570151E+00 2.703E-01
  3.570169E+00 2.554E-01
  3.570186E+00 2.280E-01
  3.570203E+00 6.779E-01
  3.570220E+00 1.275E+00
  3.570238E+00 1.094E+00
  3.570255E+00 1.037E+00
  3.570272E+00 1.038E+00
  3.570340E+00 1.146E+00
  3.570374E+00 1.151E+00
  3.570407E+00 1.099E+00
  3.570458E+00 9.463E-01
  3.570541E+00 6.511E-01
  3.570591E+00 5.049E-01
  3.570640E+00 3.886E-01
  3.570689E+00 3.004E-01
  3.570722E+00 2.602E-01
  3.570738E+00 2.489E-01
  3.570754E+00 2.477E-01
  3.570771E+00 2.637E-01
  3.570787E+00 3.118E-01
  3.570803E+00 4.276E-01
  3.570819E+00 7.072E-01
  3.570835E+00 1.471E+00
  3.570851E+00 4.149E+00
  3.570867E+00 1.543E+01
  3.570883E+00 1.415E+01
  3.570899E+00 5.358E+00
  3.570915E+00 2.749E+00
  3.570931E+00 1.746E+00
  3.570947E+00 1.255E+00
  3.570963E+00 9.739E-01
  3.570979E+00 7.945E-01
  3.570994E+00 6.711E-01
  3.571010E+00 5.813E-01
  3.571026E+00 5.131E-01
  3.571057E+00 4.159E-01
  3.571089E+00 3.496E-01
  3.571120E+00 3.010E-01
  3.571151E+00 2.634E-01
  3.571197E+00 2.201E-01
  3.571259E+00 1.776E-01
  3.571335E+00 1.385E-01
  3.571426E+00 1.035E-01
  3.571516E+00 7.640E-02
  3.571605E+00 5.442E-02
  3.571678E+00 3.907E-02
  3.571751E+00 2.619E-02
  3.571794E+00 1.978E-02
  3.571823E+00 1.619E-02
  3.571852E+00 1.328E-02
  3.571866E+00 1.212E-02
  3.571880E+00 1.121E-02
  3.571895E+00 1.058E-02
  3.571909E+00 1.027E-02
  3.571923E+00 1.033E-02
  3.571937E+00 1.082E-02
  3.571952E+00 1.184E-02
  3.571966E+00 1.346E-02
  3.571980E+00 1.582E-02
  3.571994E+00 1.907E-02
  3.572008E+00 2.340E-02
  3.572022E+00 2.904E-02
  3.572036E+00 3.631E-02
  3.572050E+00 4.561E-02
  3.572064E+00 5.744E-02
  3.572078E+00 7.248E-02
  3.572092E+00 9.161E-02
  3.572106E+00 1.160E-01
  3.572120E+00 1.472E-01
  3.572134E+00 1.874E-01
  3.572147E+00 2.394E-01
  3.572161E+00 3.070E-01
  3.572175E+00 3.951E-01
  3.572189E+00 5.099E-01
  3.572203E+00 6.579E-01
  3.572216E+00 8.443E-01
  3.572257E+00 1.523E+00
  3.572271E+00 1.653E+00
  3.572284E+00 1.652E+00
  3.572298E+00 1.528E+00
  3.572325E+00 1.178E+00
  3.572339E+00 1.263E+00
  3.572352E+00 3.243E+00
  3.572366E+00 4.015E+01
  3.572379E+00 6.387E+00
  3.572393E+00 2.626E+00
  3.572406E+00 1.651E+00
  3.572419E+00 1.216E+00
  3.572433E+00 9.667E-01
  3.572446E+00 8.031E-01
  3.572459E+00 6.863E-01
  3.572473E+00 5.982E-01
  3.572486E+00 5.291E-01
  3.572499E+00 4.732E-01
  3.572512E+00 4.272E-01
  3.572539E+00 3.556E-01
  3.572565E+00 3.026E-01
  3.572604E+00 2.448E-01
  3.572644E+00 2.036E-01
  3.572695E+00 1.646E-01
  3.572747E+00 1.378E-01
  3.572798E+00 1.197E-01
  3.572849E+00 1.090E-01
  3.572899E+00 1.057E-01
  3.572937E+00 1.088E-01
  3.572975E+00 1.175E-01
  3.573049E+00 1.468E-01
  3.573061E+00 1.484E-01
  3.573074E+00 1.464E-01
  3.573086E+00 1.570E-01
  3.573098E+00 4.965E-01
  3.573111E+00 1.053E+00
  3.573123E+00 7.455E-01
  3.573135E+00 6.487E-01
  3.573147E+00 6.270E-01
  3.573172E+00 6.516E-01
  3.573208E+00 7.121E-01
  3.573232E+00 7.233E-01
  3.573256E+00 6.989E-01
  3.573292E+00 6.108E-01
  3.573363E+00 3.957E-01
  3.573399E+00 3.096E-01
  3.573434E+00 2.419E-01
  3.573469E+00 1.926E-01
  3.573481E+00 1.813E-01
  3.573493E+00 1.739E-01
  3.573504E+00 1.721E-01
  3.573516E+00 1.795E-01
  3.573527E+00 2.029E-01
  3.573539E+00 2.574E-01
  3.573551E+00 3.794E-01
  3.573562E+00 6.718E-01
  3.573574E+00 1.500E+00
  3.573585E+00 4.570E+00
  3.573597E+00 1.320E+01
  3.573608E+00 7.140E+00
  3.573620E+00 3.021E+00
  3.573631E+00 1.684E+00
  3.573642E+00 1.118E+00
  3.573654E+00 8.238E-01
  3.573665E+00 6.491E-01
  3.573677E+00 5.352E-01
  3.573688E+00 4.555E-01
  3.573699E+00 3.969E-01
  3.573722E+00 3.164E-01
  3.573744E+00 2.635E-01
  3.573778E+00 2.105E-01
  3.573811E+00 1.746E-01
  3.573856E+00 1.406E-01
  3.573911E+00 1.105E-01
  3.573966E+00 8.798E-02
  3.574020E+00 7.010E-02
  3.574085E+00 5.253E-02
  3.574149E+00 3.792E-02
  3.574191E+00 2.949E-02
  3.574244E+00 2.042E-02
  3.574285E+00 1.463E-02
  3.574306E+00 1.243E-02
  3.574327E+00 1.087E-02
  3.574337E+00 1.040E-02
  3.574348E+00 1.018E-02
  3.574358E+00 1.026E-02
  3.574368E+00 1.070E-02
  3.574378E+00 1.156E-02
  3.574389E+00 1.294E-02
  3.574399E+00 1.495E-02
  3.574409E+00 1.773E-02
  3.574419E+00 2.146E-02
  3.574430E+00 2.638E-02
  3.574440E+00 3.279E-02
  3.574450E+00 4.108E-02
  3.574460E+00 5.178E-02
  3.574470E+00 6.558E-02
  3.574480E+00 8.342E-02
  3.574490E+00 1.066E-01
  3.574501E+00 1.367E-01
  3.574511E+00 1.761E-01
  3.574521E+00 2.279E-01
  3.574531E+00 2.959E-01
  3.574541E+00 3.846E-01
  3.574558E+00 5.984E-01
  3.584548E+00 8.735E-02
  3.584558E+00 2.336E-01
  3.609501E+00 9.069E-02
  3.634445E+00 6.535E-02
  3.659388E+00 5.539E-02
  3.684331E+00 4.846E-02
  3.709275E+00 4.272E-02
  3.734218E+00 3.849E-02
  3.759161E+00 3.556E-02
  3.833991E+00 2.989E-02
  3.883878E+00 2.768E-02
  3.958708E+00 2.663E-02
  4.307910E+00 2.470E-02
  4.307914E+00 0.000E+00
  4.781830E+00 0.000E+00
  4.781837E+00 2.039E-02
  5.804513E+00 1.274E-02
  6.029003E+00 1.172E-02
  6.150799E+00 1.104E-02
  6.275050E+00 1.039E-02
  6.401814E+00 9.789E-03
  6.531141E+00 9.219E-03
  6.663080E+00 8.682E-03
  6.797681E+00 8.177E-03
  6.935001E+00 7.701E-03
  7.075098E+00 7.252E-03
  7.218024E+00 6.830E-03
  7.363843E+00 6.432E-03
  7.512599E+00 6.058E-03
  7.664363E+00 5.705E-03
  7.819197E+00 5.373E-03
  7.977153E+00 5.060E-03
  8.138299E+00 4.765E-03
  8.302707E+00 4.488E-03
  8.470431E+00 4.226E-03
  8.641548E+00 3.980E-03
  8.816114E+00 3.748E-03
  8.994218E+00 3.530E-03
  9.175908E+00 3.324E-03
  9.361273E+00 3.131E-03
  9.550386E+00 2.949E-03
  9.743319E+00 2.777E-03
  9.940142E+00 2.615E-03
  1.014095E+01 2.463E-03
  1.034581E+01 2.319E-03
  1.055481E+01 2.184E-03
  1.076803E+01 2.057E-03
  1.098556E+01 1.937E-03
  1.120748E+01 1.824E-03
  1.143389E+01 1.718E-03
  1.166487E+01 1.618E-03
  1.190052E+01 1.524E-03
  1.214092E+01 1.435E-03
  1.238618E+01 1.352E-03
  1.263640E+01 1.273E-03
  1.289167E+01 1.199E-03
  1.315210E+01 1.129E-03
  1.341779E+01 1.063E-03
  1.368885E+01 1.001E-03
  1.396538E+01 9.430E-04
  1.424750E+01 8.881E-04
  1.453532E+01 8.364E-04
  1.482896E+01 7.876E-04
  1.512852E+01 7.418E-04
  1.543414E+01 6.986E-04
  1.574592E+01 6.579E-04
  1.606401E+01 6.196E-04
  1.638852E+01 5.835E-04
  1.671959E+01 5.495E-04
  1.705736E+01 5.175E-04
  1.740193E+01 4.874E-04
  1.775348E+01 4.590E-04
  1.811211E+01 4.323E-04
  1.847801E+01 4.071E-04
  1.885127E+01 3.834E-04
  1.923210E+01 3.611E-04
  1.962061E+01 3.400E-04
  2.001698E+01 3.202E-04
  2.042134E+01 3.016E-04
  2.083389E+01 2.840E-04
  2.125476E+01 2.675E-04
  2.168414E+01 2.519E-04
  2.212218E+01 2.372E-04
  2.256909E+01 2.234E-04
  2.302499E+01 2.104E-04
  2.349014E+01 1.982E-04