  2.041517E-02 8.980E+01
  7.169986E-02 3.881E+00
  1.216807E-01 8.395E-01
  1.704014E-01 2.929E-01
  2.179040E-01 1.300E-01
  2.642289E-01 6.662E-02
  3.094145E-01 3.772E-02
  3.534980E-01 2.304E-02
  3.965150E-01 1.498E-02
  4.384994E-01 1.026E-02
  4.794843E-01 7.325E-03
  5.195009E-01 5.395E-03
  5.585796E-01 4.065E-03
  5.967494E-01 3.114E-03
  6.340384E-01 2.416E-03
  6.704733E-01 1.896E-03
  7.060802E-01 1.505E-03
  7.408839E-01 1.211E-03
  7.749084E-01 9.880E-04
  8.081767E-01 8.188E-04
  8.407111E-01 6.894E-04
  8.725331E-01 5.894E-04
  9.036633E-01 5.107E-04
  9.341215E-01 4.476E-04
  9.930984E-01 3.518E-04
  1.049609E+00 2.801E-04
  1.130046E+00 1.978E-04
  1.180966E+00 1.553E-04
  1.229855E+00 1.214E-04
  1.276821E+00 9.537E-05
  1.321963E+00 7.594E-05
  1.365375E+00 6.186E-05
  1.407143E+00 5.188E-05
  1.447350E+00 4.490E-05
  1.504899E+00 3.817E-05
  1.576845E+00 3.290E-05
  1.706179E+00 2.474E-05
  1.818879E+00 1.533E-05
  1.882109E+00 1.010E-05
  1.917681E+00 7.573E-06
  1.951610E+00 5.552E-06
  1.983998E+00 4.001E-06
  2.004778E+00 3.197E-06
  2.024940E+00 2.551E-06
  2.044508E+00 2.039E-06
  2.063504E+00 1.642E-06
  2.081950E+00 1.339E-06
  2.099869E+00 1.116E-06
  2.117279E+00 9.588E-07
  2.134200E+00 8.569E-07
  2.150650E+00 8.019E-07
  2.166646E+00 7.873E-07
  2.182204E+00 8.080E-07
  2.204757E+00 8.969E-07
  2.226411E+00 1.047E-06
  2.247215E+00 1.251E-06
  2.273705E+00 1.597E-06
  2.304945E+00 2.136E-06
  2.334266E+00 2.782E-06
  2.367131E+00 3.698E-06
  2.397691E+00 4.797E-06
  2.426155E+00 6.153E-06
  2.448411E+00 7.582E-06
  2.469439E+00 9.426E-06
  2.489329E+00 1.190E-05
  2.504476E+00 1.458E-05
  2.515414E+00 1.716E-05
  2.526009E+00 2.045E-05
  2.536273E+00 2.470E-05
  2.546221E+00 3.030E-05
  2.555866E+00 3.788E-05
  2.562133E+00 4.449E-05
  2.568275E+00 5.285E-05
  2.574293E+00 6.359E-05
  2.580192E+00 7.769E-05
  2.585975E+00 9.664E-05
  2.588824E+00 1.086E-04
  2.591645E+00 1.228E-04
  2.594438E+00 1.398E-04
  2.597205E+00 1.603E-04
  2.599944E+00 1.854E-04
  2.602657E+00 2.165E-04
  2.605343E+00 2.556E-04
  2.608004E+00 3.056E-04
  2.610639E+00 3.709E-04
  2.613249E+00 4.583E-04
  2.615835E+00 5.789E-04
  2.618395E+00 7.512E-04
  2.620932E+00 1.009E-03
  2.623444E+00 1.419E-03
  2.625933E+00 2.125E-03
  2.628399E+00 3.491E-03
  2.630841E+00 6.644E-03
  2.633261E+00 1.647E-02
  2.635658E+00 6.635E-02
  2.638034E+00 8.572E-02
  2.640387E+00 2.060E-02
  2.642718E+00 8.079E-03
  2.645028E+00 4.247E-03
  2.647317E+00 2.620E-03
  2.649585E+00 1.784E-03
  2.651833E+00 1.298E-03
  2.654060E+00 9.912E-04
  2.656267E+00 7.845E-04
  2.658454E+00 6.386E-04
  2.660622E+00 5.317E-04
  2.662770E+00 4.510E-04
  2.664899E+00 3.885E-04
  2.667009E+00 3.391E-04
  2.669100E+00 2.993E-04
  2.673227E+00 2.399E-04
  2.677282E+00 1.982E-04
  2.681266E+00 1.678E-04
  2.687113E+00 1.356E-04
  2.692811E+00 1.135E-04
  2.700183E+00 9.335E-05
  2.709054E+00 7.701E-05
  2.719220E+00 6.473E-05
  2.730464E+00 5.603E-05
  2.744018E+00 4.975E-05
  2.760661E+00 4.604E-05
  2.779433E+00 4.551E-05
  2.796240E+00 4.819E-05
  2.806487E+00 5.237E-05
  2.812302E+00 5.714E-05
  2.816047E+00 6.297E-05
  2.818790E+00 7.118E-05
  2.819692E+00 7.556E-05
  2.820589E+00 8.150E-05
  2.821479E+00 9.005E-05
  2.822363E+00 1.033E-04
  2.823241E+00 1.264E-04
  2.824114E+00 1.751E-04
  2.824980E+00 3.235E-04
  2.825841E+00 1.725E-03
  2.826697E+00 1.415E-03
  2.827546E+00 1.052E-04
  2.828390E+00 3.919E-05
  2.829229E+00 2.887E-05
  2.830062E+00 2.773E-05
  2.831712E+00 3.020E-05
  2.834948E+00 3.562E-05
  2.839648E+00 4.071E-05
  2.848528E+00 4.621E-05
  2.864432E+00 5.135E-05
  2.872710E+00 5.456E-05
  2.876057E+00 5.882E-05
  2.878226E+00 6.489E-05
  2.879821E+00 7.290E-05
  2.880869E+00 8.102E-05
  2.881906E+00 9.260E-05
  2.882931E+00 1.093E-04
  2.883439E+00 1.204E-04
  2.883944E+00 1.339E-04
  2.884447E+00 1.505E-04
  2.884947E+00 1.710E-04
  2.885444E+00 1.966E-04
  2.885938E+00 2.287E-04
  2.886430E+00 2.695E-04
  2.886919E+00 3.220E-04
  2.887405E+00 3.905E-04
  2.887889E+00 4.814E-04
  2.888370E+00 6.044E-04
  2.888849E+00 7.748E-04
  2.889324E+00 1.018E-03
  2.889798E+00 1.378E-03
  2.890268E+00 1.935E-03
  2.890737E+00 2.851E-03
  2.891202E+00 4.486E-03
  2.891665E+00 7.770E-03
  2.892126E+00 1.566E-02
  2.892584E+00 4.103E-02
  2.893040E+00 1.540E-01
  2.893493E+00 1.455E-01
  2.893944E+00 4.443E-02
  2.894393E+00 1.971E-02
  2.894839E+00 1.121E-02
  2.895282E+00 7.358E-03
  2.895724E+00 5.289E-03
  2.896163E+00 4.047E-03
  2.896600E+00 3.238E-03
  2.897034E+00 2.681E-03
  2.897466E+00 2.279E-03
  2.897896E+00 1.980E-03
  2.898324E+00 1.749E-03
  2.898749E+00 1.568E-03
  2.899593E+00 1.306E-03
  2.900429E+00 1.129E-03
  2.901666E+00 9.600E-04
  2.902480E+00 8.968E-04
  2.902884E+00 8.849E-04
  2.903286E+00 9.036E-04
  2.903685E+00 1.055E-03
  2.904083E+00 4.477E-02
  2.904479E+00 6.075E-04
  2.906427E+00 5.879E-04
  2.910180E+00 5.298E-04
  2.914097E+00 5.110E-04
  2.917810E+00 5.287E-04
  2.920705E+00 5.771E-04
  2.922567E+00 6.444E-04
  2.923779E+00 7.268E-04
  2.924674E+00 8.352E-04
  2.925264E+00 9.570E-04
  2.925557E+00 1.047E-03
  2.925848E+00 1.170E-03
  2.926138E+00 1.353E-03
  2.926427E+00 1.668E-03
  2.926714E+00 1.929E-01
  2.927000E+00 2.538E-03
  2.927285E+00 4.509E-03
  2.927569E+00 1.278E-02
  2.927851E+00 1.320E+00
  2.928132E+00 1.019E-02
  2.928412E+00 1.701E-03
  2.928690E+00 5.741E-04
  2.928967E+00 2.882E-04
  2.929243E+00 2.014E-04
  2.929518E+00 1.781E-04
  2.929791E+00 1.783E-04
  2.930334E+00 2.009E-04
  2.931671E+00 2.678E-04
  2.933235E+00 3.270E-04
  2.936244E+00 4.064E-04
  2.948990E+00 6.686E-04
  2.950122E+00 6.648E-04
  2.950677E+00 6.362E-04
  2.951044E+00 5.892E-04
  2.951227E+00 5.500E-04
  2.951408E+00 4.998E-04
  2.951589E+00 4.843E-04
  2.951769E+00 1.081E-03
  2.951949E+00 3.128E-03
  2.952127E+00 2.214E-03
  2.952306E+00 1.700E-03
  2.952483E+00 1.476E-03
  2.952660E+00 1.363E-03
  2.952836E+00 1.300E-03
  2.953186E+00 1.244E-03
  2.953705E+00 1.243E-03
  2.954219E+00 1.300E-03
  2.954727E+00 1.427E-03
  2.955062E+00 1.586E-03
  2.955229E+00 1.710E-03
  2.955395E+00 1.889E-03
  2.955561E+00 2.169E-03
  2.955725E+00 2.659E-03
  2.955890E+00 3.702E-03
  2.956053E+00 6.985E-03
  2.956216E+00 4.446E-02
  2.956378E+00 1.810E-02
  2.956540E+00 1.610E-03
  2.956701E+00 6.668E-04
  2.956862E+00 5.563E-04
  2.957022E+00 5.850E-04
  2.957181E+00 6.539E-04
  2.957340E+00 7.623E-04
  2.957498E+00 1.038E-03
  2.957655E+00 2.940E-02
  2.957812E+00 5.667E-04
  2.957968E+00 6.053E-04
  2.958279E+00 6.953E-04
  2.958894E+00 7.961E-04
  2.959948E+00 8.945E-04
  2.961264E+00 9.529E-04
  2.962118E+00 9.341E-04
  2.962538E+00 8.846E-04
  2.962815E+00 8.206E-04
  2.963091E+00 7.131E-04
  2.963364E+00 5.504E-04
  2.963500E+00 5.179E-04
  2.963636E+00 1.144E-03
  2.963771E+00 2.474E-02
  2.963905E+00 2.716E-02
  2.964039E+00 6.788E-03
  2.964173E+00 4.168E-03
  2.964306E+00 3.248E-03
  2.964439E+00 2.798E-03
  2.964571E+00 2.538E-03
  2.964703E+00 2.372E-03
  2.964965E+00 2.180E-03
  2.965354E+00 2.047E-03
  2.966121E+00 1.973E-03
  2.967364E+00 1.952E-03
  2.967486E+00 1.920E-03
  2.967608E+00 1.845E-03
  2.967729E+00 1.601E-03
  2.967850E+00 1.968E-02
  2.967970E+00 2.715E-03
  2.968090E+00 2.452E-03
  2.968328E+00 2.348E-03
  2.969034E+00 2.382E-03
  2.970626E+00 2.701E-03
  2.972146E+00 3.188E-03
  2.973291E+00 3.749E-03
  2.974199E+00 4.434E-03
  2.974886E+00 5.248E-03
  2.975368E+00 6.137E-03
  2.975748E+00 7.210E-03
  2.976030E+00 8.413E-03
  2.976216E+00 9.550E-03
  2.976401E+00 1.114E-02
  2.976493E+00 1.220E-02
  2.976585E+00 1.352E-02
  2.976677E+00 1.520E-02
  2.976768E+00 1.742E-02
  2.976859E+00 2.042E-02
  2.976950E+00 2.471E-02
  2.977040E+00 3.120E-02
  2.977131E+00 4.183E-02
  2.977221E+00 6.135E-02
  2.977310E+00 1.039E-01
  2.977400E+00 2.242E-01
  2.977489E+00 6.261E-01
  2.977577E+00 4.785E-01
  2.977666E+00 1.387E-01
  2.977754E+00 5.495E-02
  2.977842E+00 2.803E-02
  2.977930E+00 1.707E-02
  2.978017E+00 1.205E-02
  2.978104E+00 9.796E-03
  2.978191E+00 9.216E-03
  2.978278E+00 1.022E-02
  2.978364E+00 1.408E-02
  2.978450E+00 2.890E-02
  2.978536E+00 2.742E-01
  2.978622E+00 5.151E-02
  2.978707E+00 4.085E-03
  2.978792E+00 5.783E-04
  2.978877E+00 3.635E-05
  2.978961E+00 3.293E-05
  2.979046E+00 1.630E-04
  2.979130E+00 3.278E-04
  2.979463E+00 9.932E-04
  2.979710E+00 1.489E-03
  2.979874E+00 1.892E-03
  2.979956E+00 2.163E-03
  2.980037E+00 2.551E-03
  2.980118E+00 3.227E-03
  2.980199E+00 4.957E-03
  2.980279E+00 1.897E-02
  2.980359E+00 4.700E-03
  2.980439E+00 5.788E-04
  2.980599E+00 1.094E-03
  2.980678E+00 1.289E-03
  2.980757E+00 1.442E-03
  2.980915E+00 1.671E-03
  2.981149E+00 1.906E-03
  2.981458E+00 2.088E-03
  2.981688E+00 2.113E-03
  2.981840E+00 2.028E-03
  2.981916E+00 1.922E-03
  2.981991E+00 1.727E-03
  2.982066E+00 1.349E-03
  2.982141E+00 8.938E-04
  2.982216E+00 2.207E-02
  2.982290E+00 5.459E-03
  2.982365E+00 4.083E-03
  2.982439E+00 3.579E-03
  2.982513E+00 3.298E-03
  2.982733E+00 2.779E-03
  2.982879E+00 2.511E-03
  2.982952E+00 2.463E-03
  2.983024E+00 2.671E-03
  2.983096E+00 3.823E-03
  2.983168E+00 9.521E-03
  2.983240E+00 6.169E-02
  2.983311E+00 2.919E+00
  2.983383E+00 7.601E-02
  2.983454E+00 3.156E-02
  2.983525E+00 2.047E-02
  2.983596E+00 1.584E-02
  2.983666E+00 1.340E-02
  2.983737E+00 1.194E-02
  2.983807E+00 1.098E-02
  2.983946E+00 9.850E-03
  2.984154E+00 9.053E-03
  2.984497E+00 8.615E-03
  2.985300E+00 8.566E-03
  2.985431E+00 8.367E-03
  2.985497E+00 8.130E-03
  2.985562E+00 7.672E-03
  2.985627E+00 6.655E-03
  2.985691E+00 3.911E-03
  2.985756E+00 3.842E-02
  2.985820E+00 1.573E-02
  2.985885E+00 1.336E-02
  2.985949E+00 1.255E-02
  2.986076E+00 1.202E-02
  2.986392E+00 1.212E-02
  2.987011E+00 1.355E-02
  2.987673E+00 1.601E-02
  2.988257E+00 1.923E-02
  2.988713E+00 2.291E-02
  2.989105E+00 2.757E-02
  2.989380E+00 3.234E-02
  2.989597E+00 3.763E-02
  2.989813E+00 4.517E-02
  2.989973E+00 5.335E-02
  2.990079E+00 6.078E-02
  2.990184E+00 7.070E-02
  2.990289E+00 8.455E-02
  2.990341E+00 9.371E-02
  2.990393E+00 1.050E-01
  2.990445E+00 1.193E-01
  2.990497E+00 1.378E-01
  2.990548E+00 1.624E-01
  2.990600E+00 1.964E-01
  2.990651E+00 2.457E-01
  2.990703E+00 3.215E-01
  2.990754E+00 4.481E-01
  2.990805E+00 6.854E-01
  2.990856E+00 1.213E+00
  2.990906E+00 2.737E+00
  2.990957E+00 7.766E+00
  2.991008E+00 5.972E+00
  2.991058E+00 1.858E+00
  2.991108E+00 7.740E-01
  2.991158E+00 4.070E-01
  2.991208E+00 2.496E-01
  2.991258E+00 1.722E-01
  2.991308E+00 1.321E-01
  2.991357E+00 1.135E-01
  2.991407E+00 1.115E-01
  2.991456E+00 1.313E-01
  2.991505E+00 2.054E-01
  2.991554E+00 5.932E-01
  2.991603E+00 1.680E+03
  2.991652E+00 3.553E-01
  2.991701E+00 6.795E-02
  2.991750E+00 2.311E-02
  2.991798E+00 9.849E-03
  2.991846E+00 4.741E-03
  2.991895E+00 2.520E-03
  2.991943E+00 1.534E-03
  2.991991E+00 1.144E-03
  2.992038E+00 1.068E-03
  2.992086E+00 1.168E-03
  2.992134E+00 1.369E-03
  2.992229E+00 1.916E-03
  2.992370E+00 2.790E-03
  2.992464E+00 3.224E-03
  2.992510E+00 3.317E-03
  2.992557E+00 3.233E-03
  2.992603E+00 2.771E-03
  2.992650E+00 1.332E-03
  2.992696E+00 1.239E+00
  2.992742E+00 1.574E-02
  2.992788E+00 1.089E-02
  2.992834E+00 9.723E-03
  2.992880E+00 9.308E-03
  2.993016E+00 9.093E-03
  2.993197E+00 8.870E-03
  2.993286E+00 8.346E-03
  2.993331E+00 7.880E-03
  2.993375E+00 7.211E-03
  2.993420E+00 6.260E-03
  2.993464E+00 4.920E-03
  2.993508E+00 3.107E-03
  2.993552E+00 1.400E-03
  2.993596E+00 1.213E-02
  2.993640E+00 4.311E+01
  2.993684E+00 1.294E-01
  2.993727E+00 5.760E-02
  2.993771E+00 4.055E-02
  2.993814E+00 3.332E-02
  2.993858E+00 2.952E-02
  2.993901E+00 2.749E-02
  2.993944E+00 2.686E-02
  2.993987E+00 2.808E-02
  2.994030E+00 3.291E-02
  2.994073E+00 4.688E-02
  2.994115E+00 9.071E-02
  2.994158E+00 2.847E-01
  2.994201E+00 3.094E+00
  2.994243E+00 4.523E+00
  2.994285E+00 6.394E-01
  2.994327E+00 2.993E-01
  2.994369E+00 1.964E-01
  2.994411E+00 1.505E-01
  2.994453E+00 1.256E-01
  2.994495E+00 1.105E-01
  2.994537E+00 1.006E-01
  2.994578E+00 9.376E-02
  2.994661E+00 8.545E-02
  2.994785E+00 7.971E-02
  2.994989E+00 7.770E-02
  2.995547E+00 8.365E-02
  2.995625E+00 8.150E-02
  2.995664E+00 7.852E-02
  2.995703E+00 7.272E-02
  2.995742E+00 6.093E-02
  2.995780E+00 4.131E-02
  2.995819E+00 2.448E+00
  2.995857E+00 2.481E-01
  2.995896E+00 1.815E-01
  2.995934E+00 1.623E-01
  2.995973E+00 1.545E-01
  2.996049E+00 1.500E-01
  2.996200E+00 1.550E-01
  2.996425E+00 1.745E-01
  2.996683E+00 2.084E-01
  2.996936E+00 2.562E-01
  2.997151E+00 3.125E-01
  2.997362E+00 3.902E-01
  2.997536E+00 4.794E-01
  2.997674E+00 5.748E-01
  2.997810E+00 7.020E-01
  2.997946E+00 8.773E-01
  2.998046E+00 1.057E+00
  2.998146E+00 1.299E+00
  2.998213E+00 1.511E+00
  2.998279E+00 1.782E+00
  2.998344E+00 2.136E+00
  2.998410E+00 2.613E+00
  2.998475E+00 3.278E+00
  2.998507E+00 3.715E+00
  2.998540E+00 4.250E+00
  2.998572E+00 4.914E+00
  2.998604E+00 5.756E+00
  2.998637E+00 6.846E+00
  2.998669E+00 8.293E+00
  2.998701E+00 1.027E+01
  2.998733E+00 1.310E+01
  2.998765E+00 1.731E+01
  2.998796E+00 2.403E+01
  2.998828E+00 3.570E+01
  2.998860E+00 5.859E+01
  2.998891E+00 1.125E+02
  2.998923E+00 2.792E+02
  2.998954E+00 8.039E+02
  2.998986E+00 5.170E+02
  2.999017E+00 1.774E+02
  2.999048E+00 8.195E+01
  2.999080E+00 4.706E+01
  2.999111E+00 3.122E+01
  2.999142E+00 2.313E+01
  2.999173E+00 1.890E+01
  2.999204E+00 1.713E+01
  2.999235E+00 1.757E+01
  2.999265E+00 2.132E+01
  2.999296E+00 3.345E+01
  2.999327E+00 8.688E+01
  2.999357E+00 1.918E+03
  2.999388E+00 1.756E+02
  2.999418E+00 3.015E+01
  2.999449E+00 1.165E+01
  2.999479E+00 6.092E+00
  2.999509E+00 3.745E+00
  2.999539E+00 2.555E+00
  2.999570E+00 1.884E+00
  2.999600E+00 1.485E+00
  2.999630E+00 1.249E+00
  2.999659E+00 1.126E+00
  2.999689E+00 1.092E+00
  2.999719E+00 1.140E+00
  2.999749E+00 1.279E+00
  2.999779E+00 1.530E+00
  2.999808E+00 1.935E+00
  2.999838E+00 2.574E+00
  2.999867E+00 3.593E+00
  2.999897E+00 5.292E+00
  2.999926E+00 8.338E+00
  2.999955E+00 1.447E+01
  2.999984E+00 2.945E+01
  3.000014E+00 8.252E+01
  3.000043E+00 6.332E+02
  3.000072E+00 1.319E+03
  3.000101E+00 1.180E+02
  3.000130E+00 4.182E+01
  3.000159E+00 2.145E+01
  3.000187E+00 1.308E+01
  3.000216E+00 8.798E+00
  3.000245E+00 6.291E+00
  3.000273E+00 4.681E+00
  3.000302E+00 3.573E+00
  3.000330E+00 2.767E+00
  3.000359E+00 2.152E+00
  3.000387E+00 1.663E+00
  3.000416E+00 1.258E+00
  3.000444E+00 9.091E-01
  3.000472E+00 5.993E-01
  3.000500E+00 3.205E-01
  3.000528E+00 9.056E-02
  3.000556E+00 4.065E-02
  3.000584E+00 1.128E+00
  3.000612E+00 2.356E+01
  3.000640E+00 8.270E+01
  3.000668E+00 1.139E+01
  3.000695E+00 5.531E+00
  3.000723E+00 3.670E+00
  3.000751E+00 2.816E+00
  3.000778E+00 2.379E+00
  3.000806E+00 2.199E+00
  3.000833E+00 2.269E+00
  3.000860E+00 2.732E+00
  3.000888E+00 4.101E+00
  3.000915E+00 8.503E+00
  3.000942E+00 3.185E+01
  3.000969E+00 2.811E+03
  3.000996E+00 6.828E+01
  3.001023E+00 1.733E+01
  3.001050E+00 8.596E+00
  3.001077E+00 5.486E+00
  3.001104E+00 3.985E+00
  3.001131E+00 3.124E+00
  3.001158E+00 2.574E+00
  3.001184E+00 2.194E+00
  3.001211E+00 1.917E+00
  3.001238E+00 1.705E+00
  3.001264E+00 1.538E+00
  3.001317E+00 1.291E+00
  3.001370E+00 1.116E+00
  3.001448E+00 9.290E-01
  3.001552E+00 7.594E-01
  3.001681E+00 6.132E-01
  3.001910E+00 4.084E-01
  3.001960E+00 3.431E-01
  3.001985E+00 2.945E-01
  3.002010E+00 2.236E-01
  3.002035E+00 2.416E-01
  3.002060E+00 6.549E+00
  3.002085E+00 1.072E+00
  3.002109E+00 7.332E-01
  3.002134E+00 6.163E-01
  3.002159E+00 5.552E-01
  3.002208E+00 4.886E-01
  3.002282E+00 4.352E-01
  3.002403E+00 3.847E-01
  3.002595E+00 3.378E-01
  3.002854E+00 3.035E-01
  3.003107E+00 2.926E-01
  3.003310E+00 3.033E-01
  3.003465E+00 3.318E-01
  3.003575E+00 3.728E-01
  3.003662E+00 4.294E-01
  3.003727E+00 4.980E-01
  3.003770E+00 5.654E-01
  3.003813E+00 6.621E-01
  3.003856E+00 8.085E-01
  3.003877E+00 9.123E-01
  3.003898E+00 1.048E+00
  3.003919E+00 1.231E+00
  3.003941E+00 1.487E+00
  3.003962E+00 1.863E+00
  3.003983E+00 2.451E+00
  3.004004E+00 3.454E+00
  3.004025E+00 5.387E+00
  3.004046E+00 9.872E+00
  3.004067E+00 2.350E+01
  3.004088E+00 6.087E+01
  3.004108E+00 3.251E+01
  3.004129E+00 1.066E+01
  3.004150E+00 4.690E+00
  3.004171E+00 2.538E+00
  3.004191E+00 1.576E+00
  3.004212E+00 1.085E+00
  3.004233E+00 8.197E-01
  3.004253E+00 6.823E-01
  3.004274E+00 6.386E-01
  3.004294E+00 7.019E-01
  3.004315E+00 9.901E-01
  3.004335E+00 2.265E+00
  3.004355E+00 3.379E+01
  3.004376E+00 4.851E+00
  3.004396E+00 7.115E-01
  3.004416E+00 2.501E-01
  3.004437E+00 1.203E-01
  3.004457E+00 6.817E-02
  3.004477E+00 4.263E-02
  3.004497E+00 2.849E-02
  3.004517E+00 1.999E-02
  3.004537E+00 1.457E-02
  3.004557E+00 1.098E-02
  3.004577E+00 8.507E-03
  3.004597E+00 6.768E-03
  3.004617E+00 5.507E-03
  3.004637E+00 4.561E-03
  3.004656E+00 3.815E-03
  3.004716E+00 2.009E-03
  3.004735E+00 1.387E-03
  3.004755E+00 7.848E-04
  3.004774E+00 6.753E-04
  3.004794E+00 4.612E-03
  3.004813E+00 7.678E-02
  3.004833E+00 6.849E-01
  3.004852E+00 7.037E-02
  3.004872E+00 3.494E-02
  3.004891E+00 2.420E-02
  3.004910E+00 1.912E-02
  3.004930E+00 1.612E-02
  3.004949E+00 1.404E-02
  3.004987E+00 1.103E-02
  3.005045E+00 7.108E-03
  3.005064E+00 5.659E-03
  3.005083E+00 4.074E-03
  3.005102E+00 2.373E-03
  3.005121E+00 7.536E-04
  3.005139E+00 1.095E-04
  3.005158E+00 4.793E-03
  3.005177E+00 4.666E-02
  3.005196E+00 1.122E+00
  3.005215E+00 1.026E+00
  3.005233E+00 2.128E-01
  3.005252E+00 1.152E-01
  3.005271E+00 8.332E-02
  3.005289E+00 7.019E-02
  3.005308E+00 6.639E-02
  3.005326E+00 7.077E-02
  3.005345E+00 8.759E-02
  3.005363E+00 1.324E-01
  3.005382E+00 2.663E-01
  3.005400E+00 8.790E-01
  3.005419E+00 1.741E+01
  3.005437E+00 4.241E+00
  3.005455E+00 8.354E-01
  3.005474E+00 3.928E-01
  3.005492E+00 2.482E-01
  3.005510E+00 1.815E-01
  3.005528E+00 1.446E-01
  3.005546E+00 1.217E-01
  3.005565E+00 1.063E-01
  3.005583E+00 9.527E-02
  3.005601E+00 8.707E-02
  3.005637E+00 7.575E-02
  3.005690E+00 6.552E-02
  3.005762E+00 5.765E-02
  3.005867E+00 5.081E-02
  3.006041E+00 4.216E-02
  3.006093E+00 3.751E-02
  3.006110E+00 3.501E-02
  3.006127E+00 3.149E-02
  3.006144E+00 2.627E-02
  3.006161E+00 1.972E-02
  3.006178E+00 1.848E-01
  3.006195E+00 2.781E-01
  3.006212E+00 1.104E-01
  3.006229E+00 8.285E-02
  3.006246E+00 7.203E-02
  3.006263E+00 6.631E-02
  3.006279E+00 6.279E-02
  3.006330E+00 5.742E-02
  3.006413E+00 5.412E-02
  3.006577E+00 5.294E-02
  3.006786E+00 5.574E-02
  3.006944E+00 6.140E-02
  3.007068E+00 6.994E-02
  3.007160E+00 8.101E-02
  3.007221E+00 9.267E-02
  3.007266E+00 1.054E-01
  3.007311E+00 1.239E-01
  3.007341E+00 1.415E-01
  3.007371E+00 1.661E-01
  3.007386E+00 1.822E-01
  3.007401E+00 2.020E-01
  3.007416E+00 2.268E-01
  3.007431E+00 2.584E-01
  3.007445E+00 2.998E-01
  3.007460E+00 3.558E-01
  3.007475E+00 4.342E-01
  3.007490E+00 5.499E-01
  3.007504E+00 7.316E-01
  3.007519E+00 1.043E+00
  3.007534E+00 1.649E+00
  3.007548E+00 3.069E+00
  3.007563E+00 7.434E+00
  3.007577E+00 1.903E+01
  3.007592E+00 9.822E+00
  3.007606E+00 3.284E+00
  3.007621E+00 1.470E+00
  3.007635E+00 8.071E-01
  3.007650E+00 5.071E-01
  3.007664E+00 3.529E-01
  3.007679E+00 2.691E-01
  3.007693E+00 2.258E-01
  3.007707E+00 2.130E-01
  3.007722E+00 2.360E-01
  3.007736E+00 3.365E-01
  3.007750E+00 7.836E-01
  3.007764E+00 1.249E+01
  3.007779E+00 1.675E+00
  3.007793E+00 2.562E-01
  3.007807E+00 9.310E-02
  3.007821E+00 4.629E-02
  3.007835E+00 2.709E-02
  3.007849E+00 1.749E-02
  3.007863E+00 1.205E-02
  3.007877E+00 8.692E-03
  3.007891E+00 6.492E-03
  3.007905E+00 4.984E-03
  3.007919E+00 3.915E-03
  3.007933E+00 3.133E-03
  3.007947E+00 2.546E-03
  3.007961E+00 2.092E-03
  3.007975E+00 1.728E-03
  3.007989E+00 1.423E-03
  3.008003E+00 1.156E-03
  3.008030E+00 6.973E-04
  3.008044E+00 5.676E-04
  3.008058E+00 8.226E-04
  3.008072E+00 3.387E-03
  3.008085E+00 4.073E-02
  3.008099E+00 2.778E-01
  3.008113E+00 2.791E-02
  3.008126E+00 1.329E-02
  3.008140E+00 8.917E-03
  3.008153E+00 6.873E-03
  3.008167E+00 5.672E-03
  3.008181E+00 4.848E-03
  3.008194E+00 4.212E-03
  3.008248E+00 2.185E-03
  3.008275E+00 1.108E-03
  3.008288E+00 5.685E-04
  3.008301E+00 1.876E-04
  3.008315E+00 5.209E-04
  3.008328E+00 4.072E-03
  3.008341E+00 2.853E-02
  3.008355E+00 6.530E-01
  3.008368E+00 4.597E-01
  3.008381E+00 9.700E-02
  3.008394E+00 5.241E-02
  3.008407E+00 3.822E-02
  3.008421E+00 3.292E-02
  3.008434E+00 3.243E-02
  3.008447E+00 3.682E-02
  3.008460E+00 4.982E-02
  3.008473E+00 8.518E-02
  3.008486E+00 2.077E-01
  3.008499E+00 1.116E+00
  3.008512E+00 2.470E+01
  3.008525E+00 7.003E-01
  3.008538E+00 2.426E-01
  3.008551E+00 1.348E-01
  3.008564E+00 9.191E-02
  3.008577E+00 7.011E-02
  3.008589E+00 5.731E-02
  3.008602E+00 4.905E-02
  3.008615E+00 4.334E-02
  3.008628E+00 3.920E-02
  3.008653E+00 3.365E-02
  3.008679E+00 3.014E-02
  3.008717E+00 2.682E-02
  3.008780E+00 2.369E-02
  3.008954E+00 1.890E-02
  3.008990E+00 1.705E-02
  3.009003E+00 1.606E-02
  3.009015E+00 1.470E-02
  3.009027E+00 1.273E-02
  3.009039E+00 9.985E-03
  3.009051E+00 1.404E-02
  3.009063E+00 1.339E+00
  3.009075E+00 7.344E-02
  3.009087E+00 4.517E-02
  3.009099E+00 3.689E-02
  3.009112E+00 3.304E-02
  3.009124E+00 3.086E-02
  3.009147E+00 2.851E-02
  3.009195E+00 2.666E-02
  3.009290E+00 2.598E-02
  3.009429E+00 2.730E-02
  3.009555E+00 3.036E-02
  3.009645E+00 3.434E-02
  3.009711E+00 3.913E-02
  3.009766E+00 4.533E-02
  3.009810E+00 5.291E-02
  3.009843E+00 6.127E-02
  3.009876E+00 7.367E-02
  3.009897E+00 8.572E-02
  3.009919E+00 1.029E-01
  3.009940E+00 1.289E-01
  3.009951E+00 1.474E-01
  3.009962E+00 1.716E-01
  3.009972E+00 2.043E-01
  3.009983E+00 2.502E-01
  3.009994E+00 3.181E-01
  3.010004E+00 4.248E-01
  3.010015E+00 6.082E-01
  3.010025E+00 9.653E-01
  3.010036E+00 1.804E+00
  3.010047E+00 4.388E+00
  3.010057E+00 1.122E+01
  3.010068E+00 5.792E+00
  3.010078E+00 1.948E+00
  3.010089E+00 8.771E-01
  3.010099E+00 4.836E-01
  3.010110E+00 3.051E-01
  3.010120E+00 2.132E-01
  3.010130E+00 1.631E-01
  3.010141E+00 1.373E-01
  3.010151E+00 1.300E-01
  3.010162E+00 1.448E-01
  3.010172E+00 2.086E-01
  3.010182E+00 4.970E-01
  3.010193E+00 9.168E+00
  3.010203E+00 9.803E-01
  3.010213E+00 1.581E-01
  3.017105E+00 1.004E+00
  3.020405E+00 6.688E-01
  3.020415E+00 1.084E+00
  3.024533E+00 7.669E-01
  3.028605E+00 5.759E-01
  3.032632E+00 4.515E-01
  3.036615E+00 3.656E-01
  3.040554E+00 3.036E-01
  3.044450E+00 2.573E-01
  3.048304E+00 2.217E-01
  3.052116E+00 1.937E-01
  3.055887E+00 1.711E-01
  3.063308E+00 1.373E-01
  3.070571E+00 1.134E-01
  3.077681E+00 9.577E-02
  3.088067E+00 7.659E-02
  3.098133E+00 6.296E-02
  3.111076E+00 5.004E-02
  3.123500E+00 4.090E-02
  3.138342E+00 3.280E-02
  3.155208E+00 2.615E-02
  3.173681E+00 2.095E-02
  3.193342E+00 1.701E-02
  3.215955E+00 1.380E-02
  3.240540E+00 1.140E-02
  3.266168E+00 9.778E-03
  3.288967E+00 8.996E-03
  3.306565E+00 8.944E-03
  3.318722E+00 9.461E-03
  3.326375E+00 1.034E-02
  3.331289E+00 1.140E-02
  3.334880E+00 1.266E-02
  3.338392E+00 1.458E-02
  3.341828E+00 1.749E-02
  3.347392E+00 2.379E-02
  3.348481E+00 2.448E-02
  3.349562E+00 2.464E-02
  3.351701E+00 2.337E-02
  3.354853E+00 2.007E-02
  3.356918E+00 1.892E-02
  3.357940E+00 1.897E-02
  3.358954E+00 1.958E-02
  3.359962E+00 2.096E-02
  3.360962E+00 2.353E-02
  3.361956E+00 2.825E-02
  3.362942E+00 3.748E-02
  3.363922E+00 5.880E-02
  3.364895E+00 1.279E-01
  3.365862E+00 6.171E-01
  3.366821E+00 5.342E-01
  3.367775E+00 8.492E-02
  3.368721E+00 3.128E-02
  3.369661E+00 1.691E-02
  3.370595E+00 1.141E-02
  3.371523E+00 8.864E-03
  3.372444E+00 7.546E-03
  3.373359E+00 6.816E-03
  3.374268E+00 6.398E-03
  3.376068E+00 6.027E-03
  3.378722E+00 5.967E-03
  3.383875E+00 6.429E-03
  3.389635E+00 7.445E-03
  3.393593E+00 8.562E-03
  3.396669E+00 9.859E-03
  3.399667E+00 1.178E-02
  3.401867E+00 1.394E-02
  3.403311E+00 1.593E-02
  3.404737E+00 1.861E-02
  3.406145E+00 2.233E-02
  3.406843E+00 2.475E-02
  3.407536E+00 2.766E-02
  3.408226E+00 3.120E-02
  3.408911E+00 3.551E-02
  3.409591E+00 4.078E-02
  3.410268E+00 4.713E-02
  3.411609E+00 6.303E-02
  3.412273E+00 7.152E-02
  3.412933E+00 7.843E-02
  3.413589E+00 8.158E-02
  3.414242E+00 7.933E-02
  3.414890E+00 7.204E-02
  3.416812E+00 4.151E-02
  3.417445E+00 3.355E-02
  3.418075E+00 2.725E-02
  3.418700E+00 2.234E-02
  3.419322E+00 1.855E-02
  3.419940E+00 1.561E-02
  3.420555E+00 1.332E-02
  3.421165E+00 1.153E-02
  3.421773E+00 1.011E-02
  3.422376E+00 8.975E-03
  3.422977E+00 8.065E-03
  3.424166E+00 6.730E-03
  3.425342E+00 5.837E-03
  3.427081E+00 5.004E-03
  3.428790E+00 4.537E-03
  3.431022E+00 4.234E-03
  3.434278E+00 4.152E-03
  3.438450E+00 4.413E-03
  3.442441E+00 4.971E-03
  3.445321E+00 5.653E-03
  3.446726E+00 6.234E-03
  3.447189E+00 6.555E-03
  3.447650E+00 7.076E-03
  3.448109E+00 8.224E-03
  3.448565E+00 1.303E-02
  3.449018E+00 5.891E-01
  3.449469E+00 1.387E-02
  3.449918E+00 8.260E-03
  3.450364E+00 7.549E-03
  3.450808E+00 7.472E-03
  3.452126E+00 7.962E-03
  3.454277E+00 9.451E-03
  3.455957E+00 1.119E-02
  3.457195E+00 1.297E-02
  3.458413E+00 1.539E-02
  3.459613E+00 1.882E-02
  3.460403E+00 2.199E-02
  3.461185E+00 2.623E-02
  3.461958E+00 3.210E-02
  3.462342E+00 3.593E-02
  3.462725E+00 4.062E-02
  3.463105E+00 4.650E-02
  3.463483E+00 5.420E-02
  3.463859E+00 6.517E-02
  3.464234E+00 8.379E-02
  3.464606E+00 1.288E-01
  3.464977E+00 3.580E-01
  3.465346E+00 3.538E+00
  3.465713E+00 3.544E-01
  3.466078E+00 1.644E-01
  3.466441E+00 1.184E-01
  3.466803E+00 9.617E-02
  3.467163E+00 8.083E-02
  3.467521E+00 6.861E-02
  3.467877E+00 5.853E-02
  3.468231E+00 5.024E-02
  3.468584E+00 4.349E-02
  3.468935E+00 3.805E-02
  3.469285E+00 3.370E-02
  3.469632E+00 3.024E-02
  3.469978E+00 2.751E-02
  3.470665E+00 2.372E-02
  3.471345E+00 2.156E-02
  3.472018E+00 2.056E-02
  3.473017E+00 2.072E-02
  3.474001E+00 2.258E-02
  3.474970E+00 2.622E-02
  3.475609E+00 2.984E-02
  3.476242E+00 3.466E-02
  3.476869E+00 4.093E-02
  3.477490E+00 4.893E-02
  3.478411E+00 6.420E-02
  3.479618E+00 8.577E-02
  3.480214E+00 9.222E-02
  3.481388E+00 9.510E-02
  3.481678E+00 1.024E-01
  3.481967E+00 1.610E-01
  3.482255E+00 1.345E-01
  3.482541E+00 5.194E-02
  3.483392E+00 5.412E-02
  3.483673E+00 5.605E-02
  3.483952E+00 5.971E-02
  3.484231E+00 6.614E-02
  3.484508E+00 7.713E-02
  3.484784E+00 9.629E-02
  3.485059E+00 1.318E-01
  3.485332E+00 2.059E-01
  3.485605E+00 3.970E-01
  3.485876E+00 1.136E+00
  3.486145E+00 5.712E+00
  3.486414E+00 1.843E+00
  3.486681E+00 7.652E-01
  3.486948E+00 2.767E-01
  3.487213E+00 1.409E-01
  3.487476E+00 9.000E-02
  3.487739E+00 6.388E-02
  3.488001E+00 4.851E-02
  3.488261E+00 3.865E-02
  3.488520E+00 3.193E-02
  3.488778E+00 2.712E-02
  3.489035E+00 2.356E-02
  3.489291E+00 2.084E-02
  3.489545E+00 1.871E-02
  3.490051E+00 1.565E-02
  3.490553E+00 1.360E-02
  3.491297E+00 1.164E-02
  3.492031E+00 1.048E-02
  3.492995E+00 9.708E-03
  3.493943E+00 9.559E-03
  3.494875E+00 9.953E-03
  3.495791E+00 1.096E-02
  3.496468E+00 1.227E-02
  3.497136E+00 1.430E-02
  3.497577E+00 1.627E-02
  3.498014E+00 1.903E-02
  3.498447E+00 2.302E-02
  3.498663E+00 2.571E-02
  3.498877E+00 2.906E-02
  3.499091E+00 3.331E-02
  3.499304E+00 3.879E-02
  3.499515E+00 4.599E-02
  3.499726E+00 5.561E-02
  3.499936E+00 6.858E-02
  3.500146E+00 8.597E-02
  3.500561E+00 1.321E-01
  3.500768E+00 1.482E-01
  3.500974E+00 1.435E-01
  3.501179E+00 1.184E-01
  3.501383E+00 8.770E-02
  3.501586E+00 6.220E-02
  3.501789E+00 4.409E-02
  3.501990E+00 3.188E-02
  3.502191E+00 2.373E-02
  3.502391E+00 1.825E-02
  3.502590E+00 1.455E-02
  3.502789E+00 1.204E-02
  3.502986E+00 1.038E-02
  3.503183E+00 9.337E-03
  3.503379E+00 8.783E-03
  3.503574E+00 8.643E-03
  3.503769E+00 8.894E-03
  3.503962E+00 9.560E-03
  3.504155E+00 1.072E-02
  3.504347E+00 1.252E-02
  3.504538E+00 1.525E-02
  3.504729E+00 1.942E-02
  3.504919E+00 2.599E-02
  3.505108E+00 3.681E-02
  3.505296E+00 5.558E-02
  3.505483E+00 8.871E-02
  3.505670E+00 1.386E-01
  3.505856E+00 1.679E-01
  3.506042E+00 1.324E-01
  3.506226E+00 8.332E-02
  3.506410E+00 5.205E-02
  3.506593E+00 3.448E-02
  3.506775E+00 2.434E-02
  3.506957E+00 1.815E-02
  3.507138E+00 1.418E-02
  3.507318E+00 1.151E-02
  3.507498E+00 9.660E-03
  3.507677E+00 8.339E-03
  3.507855E+00 7.378E-03
  3.508032E+00 6.671E-03
  3.508209E+00 6.146E-03
  3.508560E+00 5.476E-03
  3.508909E+00 5.142E-03
  3.509255E+00 5.043E-03
  3.509598E+00 5.164E-03
  3.509769E+00 5.353E-03
  3.509939E+00 5.731E-03
  3.510108E+00 6.592E-03
  3.510277E+00 9.222E-03
  3.510445E+00 2.419E-02
  3.510612E+00 8.395E-01
  3.510779E+00 4.151E-02
  3.510945E+00 1.718E-02
  3.511111E+00 1.249E-02
  3.511276E+00 1.091E-02
  3.511440E+00 1.032E-02
  3.511603E+00 1.016E-02
  3.511929E+00 1.047E-02
  3.512412E+00 1.183E-02
  3.512890E+00 1.414E-02
  3.513206E+00 1.639E-02
  3.513519E+00 1.949E-02
  3.513675E+00 2.150E-02
  3.513830E+00 2.394E-02
  3.513985E+00 2.694E-02
  3.514139E+00 3.068E-02
  3.514292E+00 3.543E-02
  3.514445E+00 4.155E-02
  3.514597E+00 4.951E-02
  3.514749E+00 5.987E-02
  3.514900E+00 7.299E-02
  3.515201E+00 1.017E-01
  3.515351E+00 1.066E-01
  3.515500E+00 9.777E-02
  3.515796E+00 6.088E-02
  3.515943E+00 4.631E-02
  3.516090E+00 3.644E-02
  3.516236E+00 3.037E-02
  3.516382E+00 2.718E-02
  3.516527E+00 2.637E-02
  3.516672E+00 2.841E-02
  3.516816E+00 4.714E-02
  3.516960E+00 3.049E-02
  3.517103E+00 4.062E-02
  3.517245E+00 5.903E-02
  3.517387E+00 9.758E-02
  3.517529E+00 2.024E-01
  3.517670E+00 7.006E-01
  3.517810E+00 1.057E+01
  3.517950E+00 6.829E-01
  3.518090E+00 1.957E-01
  3.518229E+00 4.409E-01
  3.518367E+00 1.829E+00
  3.518505E+00 3.425E-01
  3.518643E+00 1.628E-01
  3.518780E+00 1.071E-01
  3.518916E+00 8.191E-02
  3.519052E+00 6.826E-02
  3.519188E+00 6.017E-02
  3.519323E+00 5.515E-02
  3.519458E+00 5.202E-02
  3.519725E+00 4.919E-02
  3.519991E+00 4.914E-02
  3.520386E+00 5.229E-02
  3.520777E+00 5.836E-02
  3.521292E+00 7.028E-02
  3.522052E+00 9.148E-02
  3.522301E+00 9.392E-02
  3.522425E+00 9.201E-02
  3.522549E+00 8.673E-02
  3.522672E+00 7.711E-02
  3.522795E+00 6.339E-02
  3.522917E+00 5.136E-02
  3.523039E+00 6.759E-02
  3.523161E+00 1.970E-01
  3.523282E+00 5.386E-01
  3.523403E+00 8.530E-01
  3.523523E+00 9.053E-01
  3.523643E+00 8.360E-01
  3.523882E+00 6.671E-01
  3.524119E+00 5.333E-01
  3.524354E+00 4.317E-01
  3.524588E+00 3.580E-01
  3.524820E+00 3.104E-01
  3.524935E+00 2.966E-01
  3.525050E+00 2.900E-01
  3.525165E+00 2.922E-01
  3.525279E+00 3.058E-01
  3.525393E+00 3.359E-01
  3.525507E+00 3.923E-01
  3.525620E+00 4.966E-01
  3.525733E+00 7.003E-01
  3.525845E+00 1.152E+00
  3.525957E+00 2.424E+00
  3.526069E+00 7.704E+00
  3.526180E+00 1.593E+01
  3.526291E+00 4.361E+00
  3.526402E+00 1.593E+00
  3.526512E+00 8.005E-01
  3.526622E+00 4.770E-01
  3.526731E+00 3.188E-01
  3.526840E+00 3.704E-01
  3.526949E+00 2.495E-01
  3.527057E+00 1.867E-01
  3.527165E+00 1.506E-01
  3.527273E+00 1.263E-01
  3.527380E+00 1.087E-01
  3.527487E+00 9.537E-02
  3.527594E+00 8.496E-02
  3.527700E+00 7.665E-02
  3.527911E+00 6.436E-02
  3.528121E+00 5.592E-02
  3.528434E+00 4.772E-02
  3.528743E+00 4.303E-02
  3.529050E+00 4.085E-02
  3.529353E+00 4.079E-02
  3.529653E+00 4.289E-02
  3.529951E+00 4.758E-02
  3.530246E+00 5.586E-02
  3.530441E+00 6.431E-02
  3.530634E+00 7.620E-02
  3.530827E+00 9.300E-02
  3.531018E+00 1.165E-01
  3.531208E+00 1.462E-01
  3.531303E+00 1.586E-01
  3.531397E+00 1.581E-01
  3.531491E+00 1.411E-01
  3.531584E+00 2.374E-01
  3.531678E+00 4.470E-01
  3.531771E+00 5.954E-01
  3.531864E+00 6.833E-01
  3.531956E+00 6.998E-01
  3.532048E+00 6.420E-01
  3.532232E+00 4.280E-01
  3.532323E+00 3.319E-01
  3.532414E+00 2.563E-01
  3.532505E+00 1.993E-01
  3.532595E+00 1.567E-01
  3.532686E+00 1.249E-01
  3.532776E+00 1.008E-01
  3.532865E+00 8.233E-02
  3.532955E+00 6.801E-02
  3.533044E+00 5.675E-02
  3.533132E+00 4.780E-02
  3.533221E+00 4.060E-02
  3.533309E+00 3.475E-02
  3.533397E+00 2.996E-02
  3.533485E+00 2.600E-02
  3.533572E+00 2.272E-02
  3.533660E+00 1.998E-02
  3.533746E+00 1.770E-02
  3.533919E+00 1.420E-02
  3.534005E+00 1.289E-02
  3.534091E+00 1.184E-02
  3.534177E+00 1.104E-02
  3.534262E+00 1.053E-02
  3.534347E+00 1.038E-02
  3.534432E+00 1.084E-02
  3.534517E+00 1.260E-02
  3.534601E+00 1.819E-02
  3.534685E+00 4.100E-02
  3.534769E+00 1.878E-01
  3.534852E+00 1.104E-01
  3.534935E+00 3.805E-02
  3.535018E+00 2.233E-02
  3.535101E+00 1.679E-02
  3.535184E+00 1.428E-02
  3.535266E+00 1.300E-02
  3.535348E+00 1.230E-02
  3.535511E+00 1.172E-02
  3.535592E+00 1.204E-02
  3.535673E+00 1.699E-02
  3.535754E+00 1.944E-01
  3.535835E+00 1.121E-01
  3.535915E+00 5.109E-02
  3.535995E+00 4.137E-02
  3.536075E+00 3.944E-02
  3.536154E+00 4.032E-02
  3.536234E+00 4.281E-02
  3.536313E+00 4.658E-02
  3.536392E+00 5.160E-02
  3.536470E+00 5.795E-02
  3.536549E+00 6.575E-02
  3.536705E+00 8.535E-02
  3.536782E+00 9.571E-02
  3.536860E+00 1.038E-01
  3.536937E+00 1.063E-01
  3.537014E+00 1.008E-01
  3.537091E+00 8.799E-02
  3.537244E+00 5.624E-02
  3.537320E+00 4.356E-02
  3.537396E+00 3.418E-02
  3.537471E+00 2.769E-02
  3.537547E+00 2.347E-02
  3.537622E+00 2.097E-02
  3.537697E+00 1.978E-02
  3.537772E+00 1.961E-02
  3.537846E+00 2.030E-02
  3.537921E+00 2.176E-02
  3.537995E+00 2.396E-02
  3.538069E+00 2.698E-02
  3.538142E+00 3.095E-02
  3.538216E+00 3.613E-02
  3.538289E+00 4.298E-02
  3.538362E+00 5.222E-02
  3.538435E+00 6.513E-02
  3.538508E+00 8.404E-02
  3.538580E+00 1.135E-01
  3.538652E+00 1.636E-01
  3.538724E+00 2.592E-01
  3.538796E+00 4.776E-01
  3.538867E+00 1.159E+00
  3.538939E+00 5.447E+00
  3.539010E+00 2.803E+01
  3.539081E+00 2.882E+00
  3.539152E+00 9.985E-01
  3.539222E+00 5.378E-01
  3.539293E+00 3.592E-01
  3.539363E+00 2.728E-01
  3.539433E+00 2.257E-01
  3.539502E+00 1.984E-01
  3.539572E+00 1.823E-01
  3.539641E+00 1.731E-01
  3.539779E+00 1.672E-01
  3.539917E+00 1.716E-01
  3.540121E+00 1.903E-01
  3.540257E+00 2.101E-01
  3.540324E+00 2.240E-01
  3.540391E+00 2.466E-01
  3.540458E+00 3.084E-01
  3.540525E+00 6.003E-01
  3.540592E+00 5.277E-01
  3.540658E+00 3.558E-01
  3.540724E+00 3.082E-01
  3.540987E+00 2.118E-01
  3.541053E+00 2.206E-01
  3.541118E+00 3.548E-01
  3.541183E+00 8.858E-01
  3.541248E+00 2.348E+00
  3.541312E+00 4.521E+00
  3.541377E+00 5.438E+00
  3.541441E+00 4.969E+00
  3.541505E+00 4.223E+00
  3.541569E+00 3.577E+00
  3.541633E+00 3.062E+00
  3.541696E+00 2.651E+00
  3.541760E+00 2.317E+00
  3.541823E+00 2.044E+00
  3.541886E+00 1.818E+00
  3.542011E+00 1.484E+00
  3.542074E+00 1.367E+00
  3.542136E+00 1.279E+00
  3.542198E+00 1.222E+00
  3.542260E+00 1.198E+00
  3.542322E+00 1.213E+00
  3.542384E+00 1.281E+00
  3.542445E+00 1.427E+00
  3.542506E+00 1.707E+00
  3.542568E+00 2.240E+00
  3.542629E+00 3.342E+00
  3.542689E+00 6.020E+00
  3.542750E+00 1.477E+01
  3.542810E+00 5.289E+01
  3.542871E+00 3.755E+01
  3.542931E+00 1.106E+01
  3.542991E+00 4.867E+00
  3.543051E+00 2.734E+00
  3.543110E+00 1.760E+00
  3.543170E+00 1.223E+00
  3.543229E+00 9.335E-01
  3.543288E+00 1.231E+00
  3.543347E+00 8.498E-01
  3.543406E+00 6.732E-01
  3.543465E+00 5.667E-01
  3.543523E+00 4.920E-01
  3.543582E+00 4.360E-01
  3.543640E+00 3.922E-01
  3.543756E+00 3.283E-01
  3.543871E+00 2.846E-01
  3.544043E+00 2.419E-01
  3.544214E+00 2.167E-01
  3.544383E+00 2.041E-01
  3.544550E+00 2.025E-01
  3.544717E+00 2.127E-01
  3.544882E+00 2.382E-01
  3.544991E+00 2.675E-01
  3.545100E+00 3.115E-01
  3.545208E+00 3.779E-01
  3.545262E+00 4.232E-01
  3.545316E+00 4.796E-01
  3.545369E+00 5.507E-01
  3.545423E+00 6.409E-01
  3.545476E+00 7.575E-01
  3.545529E+00 9.132E-01
  3.545582E+00 1.141E+00
  3.545635E+00 1.591E+00
  3.545688E+00 3.502E+00
  3.545741E+00 1.378E+01
  3.545793E+00 5.687E+00
  3.545846E+00 3.406E+00
  3.545898E+00 2.505E+00
  3.545950E+00 1.912E+00
  3.546002E+00 1.465E+00
  3.546054E+00 1.127E+00
  3.546105E+00 8.739E-01
  3.546157E+00 6.856E-01
  3.546208E+00 5.447E-01
  3.546259E+00 4.382E-01
  3.546311E+00 3.566E-01
  3.546362E+00 2.932E-01
  3.546413E+00 2.433E-01
  3.546463E+00 2.034E-01
  3.546514E+00 1.711E-01
  3.546564E+00 1.446E-01
  3.546615E+00 1.226E-01
  3.546665E+00 1.042E-01
  3.546715E+00 8.851E-02
  3.546765E+00 7.503E-02
  3.546815E+00 6.329E-02
  3.546914E+00 4.351E-02
  3.547013E+00 2.684E-02
  3.547062E+00 1.988E-02
  3.547111E+00 1.916E-02
  3.547160E+00 7.006E-02
  3.547209E+00 1.484E-01
  3.547258E+00 8.815E-02
  3.547306E+00 5.844E-02
  3.547355E+00 4.386E-02
  3.547403E+00 3.521E-02
  3.547451E+00 2.942E-02
  3.547500E+00 2.526E-02
  3.547548E+00 2.216E-02
  3.547595E+00 1.981E-02
  3.547643E+00 1.805E-02
  3.547691E+00 1.679E-02
  3.547738E+00 1.609E-02
  3.547786E+00 4.156E-02
  3.547833E+00 1.573E-02
  3.547880E+00 1.543E-02
  3.547927E+00 1.582E-02
  3.547974E+00 1.658E-02
  3.548021E+00 1.770E-02
  3.548114E+00 2.107E-02
  3.548160E+00 2.341E-02
  3.548207E+00 2.636E-02
  3.548253E+00 3.037E-02
  3.548299E+00 3.764E-02
  3.548345E+00 6.731E-02
  3.548391E+00 8.742E-01
  3.548437E+00 4.163E-01
  3.548482E+00 6.119E-01
  3.548528E+00 3.990E+00
  3.548573E+00 4.791E-01
  3.548618E+00 2.021E-01
  3.548664E+00 1.262E-01
  3.548709E+00 8.727E-02
  3.548754E+00 6.254E-02
  3.548798E+00 4.671E-02
  3.548843E+00 3.736E-02
  3.548888E+00 3.270E-02
  3.548932E+00 3.140E-02
  3.548977E+00 3.249E-02
  3.549021E+00 3.533E-02
  3.549065E+00 3.953E-02
  3.549109E+00 4.484E-02
  3.549197E+00 5.835E-02
  3.549285E+00 7.559E-02
  3.549371E+00 9.705E-02
  3.549458E+00 1.239E-01
  3.549544E+00 1.581E-01
  3.549630E+00 2.031E-01
  3.549673E+00 2.315E-01
  3.549715E+00 2.655E-01
  3.549758E+00 3.069E-01
  3.549800E+00 3.586E-01
  3.549842E+00 4.253E-01
  3.549885E+00 5.143E-01
  3.549927E+00 6.389E-01
  3.549969E+00 8.237E-01
  3.550010E+00 1.120E+00
  3.550052E+00 1.644E+00
  3.550094E+00 2.724E+00
  3.550135E+00 5.547E+00
  3.550177E+00 1.730E+01
  3.550218E+00 1.914E+02
  3.550260E+00 5.107E+01
  3.550301E+00 1.141E+01
  3.550342E+00 5.301E+00
  3.550383E+00 3.332E+00
  3.550424E+00 2.476E+00
  3.550464E+00 2.046E+00
  3.550505E+00 1.817E+00
  3.550546E+00 1.697E+00
  3.550586E+00 1.644E+00
  3.550627E+00 1.635E+00
  3.550707E+00 1.713E+00
  3.550787E+00 1.896E+00
  3.550827E+00 2.042E+00
  3.550867E+00 2.258E+00
  3.550907E+00 2.640E+00
  3.550946E+00 3.534E+00
  3.550986E+00 6.628E+00
  3.551025E+00 1.604E+01
  3.551065E+00 9.052E+00
  3.551104E+00 5.274E+00
  3.551143E+00 5.226E+00
  3.551182E+00 9.038E+00
  3.551221E+00 2.564E+01
  3.551260E+00 7.005E+01
  3.551299E+00 7.514E+01
  3.551338E+00 5.271E+01
  3.551376E+00 3.935E+01
  3.551415E+00 3.169E+01
  3.551453E+00 2.769E+01
  3.551491E+00 2.449E+01
  3.551568E+00 2.000E+01
  3.551644E+00 1.670E+01
  3.551720E+00 1.412E+01
  3.551795E+00 1.220E+01
  3.551870E+00 1.095E+01
  3.551907E+00 1.060E+01
  3.551945E+00 1.046E+01
  3.551982E+00 1.059E+01
  3.552019E+00 1.107E+01
  3.552056E+00 1.204E+01
  3.552093E+00 1.379E+01
  3.552130E+00 1.686E+01
  3.552167E+00 2.243E+01
  3.552203E+00 3.340E+01
  3.552240E+00 5.844E+01
  3.552276E+00 1.322E+02
  3.552313E+00 4.510E+02
  3.552349E+00 7.161E+02
  3.552385E+00 2.027E+02
  3.552422E+00 8.061E+01
  3.552458E+00 4.278E+01
  3.552494E+00 2.669E+01
  3.552530E+00 1.938E+01
  3.552565E+00 2.822E+01
  3.552601E+00 2.639E+01
  3.552637E+00 1.648E+01
  3.552673E+00 1.252E+01
  3.552708E+00 1.034E+01
  3.552743E+00 8.920E+00
  3.552779E+00 7.906E+00
  3.552814E+00 7.146E+00
  3.552884E+00 6.091E+00
  3.552954E+00 5.414E+00
  3.553059E+00 4.815E+00
  3.553162E+00 4.545E+00
  3.553265E+00 4.537E+00
  3.553368E+00 4.802E+00
  3.553436E+00 5.169E+00
  3.553503E+00 5.745E+00
  3.553570E+00 6.622E+00
  3.553604E+00 7.218E+00
  3.553671E+00 8.877E+00
  3.553704E+00 1.004E+01
  3.553737E+00 1.152E+01
  3.553770E+00 1.344E+01
  3.553803E+00 1.599E+01
  3.553836E+00 1.947E+01
  3.553869E+00 2.443E+01
  3.553902E+00 3.201E+01
  3.553935E+00 4.505E+01
  3.553967E+00 7.346E+01
  3.554000E+00 1.759E+02
  3.554032E+00 8.967E+02
  3.554065E+00 2.872E+02
  3.554097E+00 1.307E+02
  3.554130E+00 9.740E+01
  3.554162E+00 8.079E+01
  3.554194E+00 6.729E+01
  3.554226E+00 5.544E+01
  3.554258E+00 4.549E+01
  3.554290E+00 3.749E+01
  3.554322E+00 3.120E+01
  3.554354E+00 2.629E+01
  3.554385E+00 2.244E+01
  3.554417E+00 1.940E+01
  3.554449E+00 1.697E+01
  3.554480E+00 1.501E+01
  3.554543E+00 1.209E+01
  3.554606E+00 1.005E+01
  3.554668E+00 8.563E+00
  3.554792E+00 6.291E+00
  3.554823E+00 5.536E+00
  3.554853E+00 4.095E+00
  3.554884E+00 1.901E+00
  3.554915E+00 4.509E+00
  3.554945E+00 5.542E+00
  3.554976E+00 5.670E+00
  3.555097E+00 5.568E+00
  3.555127E+00 5.658E+00
  3.555157E+00 5.888E+00
  3.555187E+00 6.460E+00
  3.555217E+00 8.358E+00
  3.555247E+00 3.032E+01
  3.555277E+00 1.515E+01
  3.555306E+00 5.394E+00
  3.555336E+00 4.936E+00
  3.555366E+00 5.019E+00
  3.555425E+00 5.555E+00
  3.555454E+00 5.970E+00
  3.555483E+00 6.518E+00
  3.555513E+00 7.246E+00
  3.555542E+00 8.228E+00
  3.555571E+00 9.576E+00
  3.555600E+00 1.146E+01
  3.555629E+00 1.417E+01
  3.555658E+00 1.819E+01
  3.555687E+00 2.445E+01
  3.555716E+00 3.521E+01
  3.555745E+00 5.840E+01
  3.555773E+00 1.545E+02
  3.555802E+00 5.014E+02
  3.555831E+00 8.717E+02
  3.555859E+00 1.493E+02
  3.555888E+00 5.498E+01
  3.555916E+00 3.129E+01
  3.555945E+00 2.188E+01
  3.555973E+00 1.708E+01
  3.556001E+00 1.423E+01
  3.556029E+00 1.237E+01
  3.556057E+00 1.107E+01
  3.556086E+00 1.013E+01
  3.556141E+00 8.892E+00
  3.556197E+00 8.160E+00
  3.556280E+00 7.596E+00
  3.556390E+00 7.456E+00
  3.556500E+00 7.873E+00
  3.556581E+00 8.647E+00
  3.556635E+00 9.528E+00
  3.556688E+00 1.094E+01
  3.556715E+00 1.198E+01
  3.556742E+00 1.340E+01
  3.556768E+00 1.540E+01
  3.556795E+00 1.837E+01
  3.556822E+00 2.313E+01
  3.556848E+00 3.152E+01
  3.556874E+00 4.869E+01
  3.556901E+00 9.358E+01
  3.556927E+00 2.865E+02
  3.556953E+00 3.564E+03
  3.556980E+00 5.373E+02
  3.557006E+00 1.251E+02
  3.557032E+00 5.768E+01
  3.557058E+00 3.570E+01
  3.557084E+00 2.612E+01
  3.557110E+00 2.126E+01
  3.557136E+00 1.859E+01
  3.557161E+00 1.711E+01
  3.557187E+00 1.634E+01
  3.557213E+00 1.606E+01
  3.557239E+00 1.619E+01
  3.557264E+00 1.674E+01
  3.557290E+00 1.787E+01
  3.557315E+00 2.001E+01
  3.557341E+00 2.437E+01
  3.557366E+00 3.492E+01
  3.557391E+00 6.858E+01
  3.557417E+00 1.655E+02
  3.557442E+00 1.663E+02
  3.557467E+00 4.191E+02
  3.557492E+00 4.562E+02
  3.557517E+00 2.166E+02
  3.557542E+00 1.335E+02
  3.557567E+00 9.903E+01
  3.557592E+00 8.099E+01
  3.557617E+00 6.962E+01
  3.557642E+00 6.074E+01
  3.557667E+00 5.642E+01
  3.557716E+00 4.529E+01
  3.557790E+00 3.273E+01
  3.557839E+00 2.634E+01
  3.557888E+00 2.153E+01
  3.557936E+00 1.820E+01
  3.557960E+00 1.707E+01
  3.557985E+00 1.632E+01
  3.558009E+00 1.597E+01
  3.558033E+00 1.610E+01
  3.558057E+00 1.685E+01
  3.558081E+00 1.846E+01
  3.558105E+00 2.140E+01
  3.558128E+00 2.664E+01
  3.558152E+00 3.634E+01
  3.558176E+00 5.612E+01
  3.558200E+00 1.042E+02
  3.558223E+00 2.633E+02
  3.558247E+00 9.273E+02
  3.558271E+00 5.557E+02
  3.558294E+00 1.634E+02
  3.558318E+00 7.089E+01
  3.558341E+00 3.912E+01
  3.558364E+00 2.704E+01
  3.558388E+00 3.669E+01
  3.558411E+00 4.335E+01
  3.558434E+00 2.273E+01
  3.558458E+00 1.500E+01
  3.558481E+00 1.124E+01
  3.558504E+00 8.983E+00
  3.558527E+00 7.456E+00
  3.558550E+00 6.352E+00
  3.558573E+00 5.515E+00
  3.558596E+00 4.862E+00
  3.558641E+00 3.912E+00
  3.558687E+00 3.267E+00
  3.558732E+00 2.812E+00
  3.558800E+00 2.361E+00
  3.558867E+00 2.100E+00
  3.558934E+00 1.986E+00
  3.559001E+00 2.016E+00
  3.559045E+00 2.135E+00
  3.559089E+00 2.366E+00
  3.559111E+00 2.542E+00
  3.559133E+00 2.775E+00
  3.559154E+00 3.086E+00
  3.559176E+00 3.510E+00
  3.559198E+00 4.104E+00
  3.559220E+00 4.981E+00
  3.559241E+00 6.381E+00
  3.559263E+00 8.932E+00
  3.559285E+00 1.482E+01
  3.559306E+00 3.654E+01
  3.559328E+00 1.807E+02
  3.559349E+00 4.910E+01
  3.559370E+00 1.809E+01
  3.559392E+00 1.227E+01
  3.559413E+00 9.965E+00
  3.559434E+00 8.244E+00
  3.559477E+00 5.291E+00
  3.559498E+00 4.164E+00
  3.559519E+00 3.284E+00
  3.559540E+00 2.612E+00
  3.559561E+00 2.100E+00
  3.559582E+00 1.709E+00
  3.559603E+00 1.407E+00
  3.559624E+00 1.172E+00
  3.559645E+00 9.858E-01
  3.559666E+00 8.374E-01
  3.559687E+00 7.177E-01
  3.559707E+00 6.203E-01
  3.559728E+00 5.403E-01
  3.559769E+00 4.200E-01
  3.559790E+00 3.751E-01
  3.559831E+00 3.099E-01
  3.559852E+00 2.871E-01
  3.559872E+00 2.512E-01
  3.559892E+00 9.741E-02
  3.559913E+00 6.442E-02
  3.559933E+00 8.687E-02
  3.559953E+00 9.274E-02
  3.559974E+00 9.116E-02
  3.560034E+00 7.735E-02
  3.560054E+00 7.407E-02
  3.560074E+00 7.376E-02
  3.560094E+00 8.253E-02
  3.560114E+00 1.579E-01
  3.560134E+00 5.718E-01
  3.560154E+00 4.034E-02
  3.560174E+00 3.037E-02
  3.560194E+00 2.777E-02
  3.560214E+00 2.632E-02
  3.560233E+00 2.546E-02
  3.560253E+00 2.526E-02
  3.560273E+00 2.588E-02
  3.560293E+00 2.759E-02
  3.560312E+00 3.080E-02
  3.560332E+00 3.603E-02
  3.560351E+00 4.401E-02
  3.560371E+00 5.558E-02
  3.560390E+00 7.147E-02
  3.560410E+00 9.162E-02
  3.560448E+00 1.357E-01
  3.560468E+00 1.519E-01
  3.560487E+00 1.636E-01
  3.560506E+00 1.881E-01
  3.560525E+00 3.781E-01
  3.560545E+00 1.268E+00
  3.560564E+00 4.180E-01
  3.560583E+00 2.600E-01
  3.560602E+00 2.080E-01
  3.560621E+00 1.831E-01
  3.560640E+00 1.689E-01
  3.560659E+00 1.603E-01
  3.560697E+00 1.522E-01
  3.560753E+00 1.526E-01
  3.560809E+00 1.625E-01
  3.560865E+00 1.801E-01
  3.560921E+00 2.057E-01
  3.560976E+00 2.412E-01
  3.561031E+00 2.911E-01
  3.561086E+00 3.649E-01
  3.561122E+00 4.380E-01
  3.561140E+00 4.866E-01
  3.561158E+00 5.477E-01
  3.561176E+00 6.269E-01
  3.561194E+00 7.338E-01
  3.561212E+00 8.859E-01
  3.561230E+00 1.117E+00
  3.561248E+00 1.503E+00
  3.561266E+00 2.237E+00
  3.561283E+00 3.947E+00
  3.561301E+00 9.714E+00
  3.561319E+00 5.885E+01
  3.561337E+00 8.888E+01
  3.561354E+00 1.181E+01
  3.561372E+00 4.664E+00
  3.561390E+00 2.747E+00
  3.561407E+00 2.000E+00
  3.561425E+00 1.661E+00
  3.561442E+00 1.506E+00
  3.561460E+00 1.455E+00
  3.561477E+00 1.476E+00
  3.561495E+00 1.562E+00
  3.561512E+00 1.729E+00
  3.561529E+00 2.025E+00
  3.561547E+00 2.575E+00
  3.561564E+00 3.737E+00
  3.561581E+00 6.787E+00
  3.561599E+00 1.810E+01
  3.561616E+00 6.872E+01
  3.561633E+00 4.579E+01
  3.561650E+00 1.840E+01
  3.561667E+00 1.088E+01
  3.561684E+00 8.029E+00
  3.561701E+00 6.664E+00
  3.561718E+00 5.890E+00
  3.561752E+00 4.969E+00
  3.561769E+00 6.564E+01
  3.561786E+00 4.504E+00
  3.561854E+00 3.267E+00
  3.561887E+00 2.753E+00
  3.561920E+00 2.335E+00
  3.561954E+00 2.030E+00
  3.561987E+00 1.853E+00
  3.562003E+00 1.819E+00
  3.562020E+00 1.831E+00
  3.562036E+00 1.900E+00
  3.562053E+00 2.047E+00
  3.562069E+00 2.309E+00
  3.562086E+00 2.753E+00
  3.562102E+00 3.515E+00
  3.562118E+00 4.893E+00
  3.562134E+00 7.650E+00
  3.562151E+00 1.420E+01
  3.562167E+00 3.509E+01
  3.562183E+00 1.258E+02
  3.562199E+00 1.008E+02
  3.562215E+00 2.900E+01
  3.562232E+00 1.235E+01
  3.562248E+00 6.905E+00
  3.562264E+00 5.265E+00
  3.562280E+00 8.558E+00
  3.562296E+00 8.669E+00
  3.562312E+00 4.522E+00
  3.562328E+00 2.945E+00
  3.562344E+00 2.189E+00
  3.562360E+00 1.744E+00
  3.562375E+00 1.448E+00
  3.562391E+00 1.238E+00
  3.562407E+00 1.080E+00
  3.562423E+00 9.575E-01
  3.562454E+00 7.818E-01
  3.562486E+00 6.638E-01
  3.562517E+00 5.817E-01
  3.562548E+00 5.244E-01
  3.562595E+00 4.717E-01
  3.562641E+00 4.517E-01
  3.562687E+00 4.647E-01
  3.562718E+00 4.967E-01
  3.562748E+00 5.567E-01
  3.562763E+00 6.021E-01
  3.562778E+00 6.624E-01
  3.562794E+00 7.436E-01
  3.562809E+00 8.556E-01
  3.562824E+00 1.016E+00
  3.562839E+00 1.258E+00
  3.562854E+00 1.657E+00
  3.562869E+00 2.415E+00
  3.562884E+00 4.254E+00
  3.562899E+00 1.145E+01
  3.562914E+00 5.578E+01
  3.562929E+00 1.296E+01
  3.562943E+00 4.658E+00
  3.562958E+00 3.095E+00
  3.562973E+00 2.566E+00
  3.563017E+00 1.530E+00
  3.563032E+00 1.230E+00
  3.563047E+00 9.854E-01
  3.563062E+00 7.927E-01
  3.563076E+00 6.438E-01
  3.563091E+00 5.290E-01
  3.563105E+00 4.400E-01
  3.563120E+00 3.704E-01
  3.563135E+00 3.154E-01
  3.563149E+00 2.714E-01
  3.563178E+00 2.073E-01
  3.563207E+00 1.646E-01
  3.563221E+00 1.490E-01
  3.563250E+00 1.273E-01
  3.563265E+00 1.214E-01
  3.563293E+00 1.188E-01
  3.563307E+00 6.561E-02
  3.563322E+00 2.198E-02
  3.563336E+00 2.867E-02
  3.563350E+00 3.306E-02
  3.563364E+00 3.451E-02
  3.563407E+00 3.402E-02
  3.563421E+00 3.446E-02
  3.563435E+00 3.700E-02
  3.563449E+00 4.820E-02
  3.563463E+00 2.319E-01
  3.563477E+00 4.817E-02
  3.563491E+00 2.056E-02
  3.563505E+00 1.907E-02
  3.563518E+00 1.915E-02
  3.563532E+00 1.969E-02
  3.563546E+00 2.064E-02
  3.563560E+00 2.213E-02
  3.563574E+00 2.436E-02
  3.563588E+00 2.759E-02
  3.563601E+00 3.218E-02
  3.563615E+00 3.857E-02
  3.563629E+00 4.723E-02
  3.563643E+00 5.843E-02
  3.563670E+00 8.553E-02
  3.563684E+00 9.674E-02
  3.563697E+00 1.024E-01
  3.563711E+00 1.015E-01
  3.563724E+00 9.549E-02
  3.563751E+00 7.796E-02
  3.563765E+00 8.692E-02
  3.563778E+00 2.522E-01
  3.563792E+00 1.287E-01
  3.563805E+00 9.543E-02
  3.563819E+00 8.308E-02
  3.563832E+00 7.643E-02
  3.563845E+00 7.234E-02
  3.563872E+00 6.812E-02
  3.563912E+00 6.719E-02
  3.563951E+00 7.032E-02
  3.563991E+00 7.668E-02
  3.564043E+00 9.040E-02
  3.564082E+00 1.056E-01
  3.564121E+00 1.271E-01
  3.564147E+00 1.466E-01
  3.564172E+00 1.726E-01
  3.564198E+00 2.095E-01
  3.564211E+00 2.343E-01
  3.564223E+00 2.659E-01
  3.564236E+00 3.074E-01
  3.564249E+00 3.645E-01
  3.564262E+00 4.477E-01
  3.564274E+00 5.784E-01
  3.564287E+00 8.071E-01
  3.564299E+00 1.276E+00
  3.564312E+00 2.525E+00
  3.564325E+00 8.216E+00
  3.564337E+00 1.104E+02
  3.564350E+00 1.200E+01
  3.564362E+00 3.138E+00
  3.564375E+00 1.570E+00
  3.564387E+00 1.060E+00
  3.564400E+00 8.539E-01
  3.564412E+00 7.740E-01
  3.564425E+00 7.640E-01
  3.564437E+00 8.085E-01
  3.564449E+00 9.157E-01
  3.564462E+00 1.124E+00
  3.564474E+00 1.548E+00
  3.564486E+00 2.569E+00
  3.564499E+00 5.962E+00
  3.564511E+00 2.276E+01
  3.564523E+00 2.144E+01
  3.564535E+00 1.294E+01
  3.564560E+00 4.337E+00
  3.564572E+00 3.024E+00
  3.564584E+00 2.477E+00
  3.564596E+00 2.195E+00
  3.564608E+00 2.021E+00
  3.564633E+00 1.765E+00
  3.564645E+00 1.835E+00
  3.564657E+00 1.653E+00
  3.564705E+00 1.225E+00
  3.564740E+00 9.668E-01
  3.564764E+00 8.437E-01
  3.564788E+00 7.682E-01
  3.564800E+00 7.513E-01
  3.564812E+00 7.513E-01
  3.564823E+00 7.722E-01
  3.564835E+00 8.205E-01
  3.564847E+00 9.076E-01
  3.564859E+00 1.054E+00
  3.564870E+00 1.296E+00
  3.564882E+00 1.710E+00
  3.564894E+00 2.470E+00
  3.564905E+00 4.036E+00
  3.564917E+00 7.958E+00
  3.564929E+00 2.158E+01
  3.564940E+00 7.393E+01
  3.564952E+00 3.562E+01
  3.564963E+00 1.122E+01
  3.564975E+00 5.187E+00
  3.564986E+00 3.183E+00
  3.564998E+00 3.115E+00
  3.565009E+00 5.887E+00
  3.565021E+00 3.882E+00
  3.565032E+00 2.130E+00
  3.565044E+00 1.434E+00
  3.565055E+00 1.080E+00
  3.565066E+00 8.667E-01
  3.565078E+00 7.233E-01
  3.565089E+00 6.204E-01
  3.565101E+00 5.431E-01
  3.565112E+00 4.832E-01
  3.565123E+00 4.356E-01
  3.565134E+00 3.971E-01
  3.565157E+00 3.395E-01
  3.565179E+00 2.999E-01
  3.565213E+00 2.626E-01
  3.565246E+00 2.450E-01
  3.565280E+00 2.449E-01
  3.565302E+00 2.562E-01
  3.565324E+00 2.801E-01
  3.565335E+00 2.986E-01
  3.565346E+00 3.234E-01
  3.565357E+00 3.566E-01
  3.565367E+00 4.018E-01
  3.565378E+00 4.647E-01
  3.565389E+00 5.561E-01
  3.565400E+00 6.969E-01
  3.565411E+00 9.347E-01
  3.565422E+00 1.400E+00
  3.565433E+00 2.575E+00
  3.565443E+00 7.459E+00
  3.565454E+00 3.375E+01
  3.565465E+00 6.884E+00
  3.565476E+00 2.505E+00
  3.565487E+00 1.644E+00
  3.565497E+00 1.372E+00
  3.565519E+00 1.052E+00
  3.565529E+00 8.811E-01
  3.565540E+00 7.198E-01
  3.565551E+00 5.820E-01
  3.565561E+00 4.711E-01
  3.565572E+00 3.844E-01
  3.565583E+00 3.171E-01
  3.565593E+00 2.648E-01
  3.565604E+00 2.239E-01
  3.565614E+00 1.916E-01
  3.565635E+00 1.451E-01
  3.565656E+00 1.148E-01
  3.565677E+00 9.483E-02
  3.565698E+00 8.300E-02
  3.565708E+00 8.035E-02
  3.565719E+00 8.078E-02
  3.565729E+00 8.408E-02
  3.565740E+00 6.065E-02
  3.565750E+00 1.613E-02
  3.565760E+00 1.785E-02
  3.565771E+00 2.143E-02
  3.565781E+00 2.316E-02
  3.565812E+00 2.480E-02
  3.565822E+00 2.596E-02
  3.565832E+00 2.933E-02
  3.565842E+00 4.413E-02
  3.565852E+00 2.220E+00
  3.565863E+00 2.459E-02
  3.565873E+00 1.659E-02
  3.565883E+00 1.642E-02
  3.565893E+00 1.704E-02
  3.565903E+00 1.804E-02
  3.565913E+00 1.945E-02
  3.565923E+00 2.141E-02
  3.565933E+00 2.412E-02
  3.565943E+00 2.786E-02
  3.565953E+00 3.296E-02
  3.565971E+00 4.607E-02
  3.575961E+00 4.619E-01
  3.575971E+00 5.343E-01
  3.600914E+00 1.303E-01
  3.625857E+00 6.935E-02
  3.650801E+00 4.986E-02
  3.675744E+00 4.111E-02
  3.700687E+00 3.631E-02
  3.725631E+00 3.342E-02
  3.775517E+00 3.007E-02
  3.850347E+00 2.665E-02
  3.925177E+00 2.462E-02
  4.199554E+00 2.088E-02
  4.548760E+00 1.727E-02
  5.097513E+00 1.285E-02
  5.646266E+00 9.745E-03
  6.020415E+00 8.142E-03
  6.142037E+00 7.668E-03
  6.266111E+00 7.221E-03
  6.392694E+00 6.801E-03
  6.521838E+00 6.405E-03
  6.653589E+00 6.032E-03
  6.787998E+00 5.680E-03
  6.925122E+00 5.350E-03
  7.065021E+00 5.038E-03
  7.207743E+00 4.745E-03
  7.353354E+00 4.468E-03
  7.501898E+00 4.208E-03
  7.653445E+00 3.963E-03
  7.808059E+00 3.732E-03
  7.965790E+00 3.515E-03
  8.126707E+00 3.310E-03
  8.290880E+00 3.118E-03
  8.458365E+00 2.936E-03
  8.629239E+00 2.765E-03
  8.803557E+00 2.604E-03
  8.981406E+00 2.452E-03
  9.162838E+00 2.310E-03
  9.347939E+00 2.175E-03
  9.536783E+00 2.048E-03
  9.729440E+00 1.929E-03
  9.925983E+00 1.817E-03
  1.012651E+01 1.711E-03
  1.033108E+01 1.611E-03
  1.053977E+01 1.517E-03
  1.075269E+01 1.429E-03
  1.096991E+01 1.346E-03
  1.119152E+01 1.267E-03
  1.141760E+01 1.194E-03
  1.164825E+01 1.124E-03
  1.188356E+01 1.059E-03
  1.212363E+01 9.970E-04
  1.236854E+01 9.390E-04
  1.261840E+01 8.843E-04
  1.287331E+01 8.328E-04
  1.313337E+01 7.843E-04
  1.339868E+01 7.386E-04
  1.366935E+01 6.956E-04
  1.394549E+01 6.551E-04
  1.422721E+01 6.170E-04
  1.451461E+01 5.810E-04
  1.480783E+01 5.472E-04
  1.510697E+01 5.153E-04
  1.541215E+01 4.853E-04
  1.572350E+01 4.570E-04
  1.604112E+01 4.304E-04
  1.636517E+01 4.054E-04
  1.669577E+01 3.818E-04
  1.703305E+01 3.595E-04
  1.737714E+01 3.386E-04
  1.772818E+01 3.189E-04
  1.808632E+01 3.003E-04
  1.845169E+01 2.828E-04
  1.882442E+01 2.663E-04
  1.920471E+01 2.508E-04
  1.959267E+01 2.362E-04
  1.998846E+01 2.225E-04
  2.039226E+01 2.095E-04
  2.080421E+01 1.973E-04
  2.122449E+01 1.858E-04
  2.165324E+01 1.750E-04
  2.209067E+01 1.648E-04