  1.060834E-02 3.057E+01
  1.061832E-02 3.001E+01
  6.190302E-02 1.308E+00
  1.118838E-01 4.435E-01
  1.606045E-01 2.289E-01
  2.081072E-01 1.429E-01
  2.544320E-01 9.910E-02
  2.996177E-01 7.321E-02
  3.437012E-01 5.639E-02
  3.867181E-01 4.481E-02
  4.287026E-01 3.657E-02
  4.696874E-01 3.056E-02
  5.097040E-01 2.609E-02
  5.487827E-01 2.269E-02
  5.869525E-01 2.002E-02
  6.606765E-01 1.607E-02
  7.310870E-01 1.321E-02
  7.983798E-01 1.101E-02
  8.938664E-01 8.616E-03
  9.833016E-01 7.026E-03
  1.067186E+00 5.977E-03
  1.195861E+00 4.858E-03
  1.397346E+00 3.533E-03
  1.531731E+00 2.835E-03
  1.649998E+00 2.402E-03
  1.795805E+00 2.071E-03
  2.250836E+00 1.380E-03
  2.352023E+00 1.300E-03
  2.407091E+00 1.327E-03
  2.434264E+00 1.407E-03
  2.451373E+00 1.535E-03
  2.459643E+00 1.657E-03
  2.463709E+00 1.749E-03
  2.467730E+00 1.875E-03
  2.471708E+00 2.061E-03
  2.475642E+00 2.358E-03
  2.479532E+00 2.896E-03
  2.483381E+00 4.133E-03
  2.487188E+00 9.051E-03
  2.490954E+00 4.180E-01
  2.494679E+00 1.097E-03
  2.498364E+00 1.366E-08
  2.502010E+00 1.160E-04
  2.505618E+00 2.619E-04
  2.509187E+00 3.769E-04
  2.512718E+00 4.648E-04
  2.516212E+00 5.330E-04
  2.523091E+00 6.307E-04
  2.533143E+00 7.221E-04
  2.549219E+00 8.072E-04
  2.581848E+00 8.920E-04
  2.739943E+00 1.084E-03
  2.779938E+00 1.194E-03
  2.801552E+00 1.324E-03
  2.813444E+00 1.472E-03
  2.821093E+00 1.655E-03
  2.825947E+00 1.867E-03
  2.829080E+00 2.098E-03
  2.831378E+00 2.368E-03
  2.832886E+00 2.633E-03
  2.834375E+00 3.019E-03
  2.835112E+00 3.286E-03
  2.835845E+00 3.630E-03
  2.836573E+00 4.089E-03
  2.837297E+00 4.726E-03
  2.838016E+00 5.663E-03
  2.838731E+00 7.150E-03
  2.839441E+00 9.793E-03
  2.840147E+00 1.543E-02
  2.840849E+00 3.240E-02
  2.841546E+00 1.611E-01
  2.842239E+00 3.666E-01
  2.842928E+00 2.198E-02
  2.843612E+00 5.242E-03
  2.844292E+00 1.733E-03
  2.844968E+00 6.267E-04
  2.845640E+00 2.164E-04
  2.846308E+00 5.969E-05
  2.846972E+00 7.568E-06
  2.847632E+00 8.001E-07
  2.848288E+00 1.281E-05
  2.848940E+00 3.017E-05
  2.849588E+00 4.480E-05
  2.850232E+00 5.011E-05
  2.850872E+00 3.871E-05
  2.851509E+00 6.655E-06
  2.852142E+00 1.677E-04
  2.852770E+00 3.515E-02
  2.853396E+00 1.789E-03
  2.854017E+00 1.065E-03
  2.854635E+00 8.725E-04
  2.855249E+00 7.959E-04
  2.855859E+00 7.617E-04
  2.857070E+00 7.425E-04
  2.860616E+00 7.829E-04
  2.878092E+00 1.063E-03
  2.893888E+00 1.323E-03
  2.902546E+00 1.544E-03
  2.908013E+00 1.777E-03
  2.911222E+00 2.008E-03
  2.912463E+00 2.165E-03
  2.913075E+00 2.325E-03
  2.913379E+00 2.534E-03
  2.913682E+00 4.311E-03
  2.913983E+00 1.599E-03
  2.914282E+00 1.973E-03
  2.914581E+00 2.107E-03
  2.917772E+00 2.836E-03
  2.919170E+00 3.315E-03
  2.920266E+00 3.889E-03
  2.921075E+00 4.526E-03
  2.921609E+00 5.116E-03
  2.922137E+00 5.923E-03
  2.922661E+00 7.082E-03
  2.922922E+00 7.869E-03
  2.923181E+00 8.864E-03
  2.923439E+00 1.016E-02
  2.923695E+00 1.188E-02
  2.923951E+00 1.429E-02
  2.924206E+00 1.782E-02
  2.924459E+00 2.336E-02
  2.924711E+00 3.292E-02
  2.924962E+00 5.201E-02
  2.925213E+00 1.008E-01
  2.925462E+00 3.103E-01
  2.925709E+00 6.872E+00
  2.925956E+00 4.782E-01
  2.926202E+00 9.107E-02
  2.926447E+00 3.393E-02
  2.926690E+00 1.631E-02
  2.926933E+00 8.951E-03
  2.927174E+00 5.312E-03
  2.927415E+00 3.313E-03
  2.927654E+00 2.134E-03
  2.927893E+00 1.404E-03
  2.928130E+00 9.362E-04
  2.928367E+00 6.285E-04
  2.928602E+00 4.232E-04
  2.928836E+00 2.851E-04
  2.929070E+00 1.924E-04
  2.929302E+00 1.306E-04
  2.929533E+00 9.038E-05
  2.929764E+00 6.552E-05
  2.929993E+00 5.218E-05
  2.930221E+00 4.894E-05
  2.930449E+00 5.836E-05
  2.930675E+00 9.323E-05
  2.930901E+00 2.040E-04
  2.931125E+00 6.462E-04
  2.931349E+00 4.158E-03
  2.931572E+00 4.351E-01
  2.931793E+00 5.733E-03
  2.932014E+00 2.242E-03
  2.932234E+00 1.430E-03
  2.932453E+00 1.109E-03
  2.932671E+00 9.507E-04
  2.932888E+00 8.637E-04
  2.933104E+00 8.134E-04
  2.933534E+00 7.677E-04
  2.934172E+00 7.600E-04
  2.935630E+00 8.258E-04
  2.943736E+00 1.399E-03
  2.948327E+00 1.806E-03
  2.950742E+00 2.031E-03
  2.951179E+00 2.012E-03
  2.951468E+00 1.905E-03
  2.951611E+00 1.745E-03
  2.951754E+00 1.277E-03
  2.951897E+00 8.084E-02
  2.952039E+00 3.988E-03
  2.952180E+00 3.173E-03
  2.952321E+00 2.951E-03
  2.952602E+00 2.823E-03
  2.953294E+00 2.859E-03
  2.954509E+00 3.190E-03
  2.955686E+00 3.725E-03
  2.956576E+00 4.354E-03
  2.957322E+00 5.159E-03
  2.957932E+00 6.170E-03
  2.958412E+00 7.388E-03
  2.958768E+00 8.724E-03
  2.959004E+00 9.945E-03
  2.959237E+00 1.158E-02
  2.959469E+00 1.387E-02
  2.959585E+00 1.538E-02
  2.959700E+00 1.725E-02
  2.959815E+00 1.960E-02
  2.959929E+00 2.262E-02
  2.960043E+00 2.662E-02
  2.960156E+00 3.211E-02
  2.960270E+00 3.996E-02
  2.960382E+00 5.185E-02
  2.960495E+00 7.131E-02
  2.960607E+00 1.069E-01
  2.960718E+00 1.840E-01
  2.960830E+00 4.120E-01
  2.960940E+00 1.839E+00
  2.961051E+00 2.695E+01
  2.961161E+00 8.282E-01
  2.961271E+00 2.266E-01
  2.961380E+00 9.926E-02
  2.961489E+00 5.352E-02
  2.961598E+00 3.246E-02
  2.961706E+00 2.125E-02
  2.961814E+00 1.469E-02
  2.961922E+00 1.058E-02
  2.962029E+00 7.888E-03
  2.962136E+00 6.062E-03
  2.962243E+00 4.798E-03
  2.962349E+00 3.919E-03
  2.962455E+00 3.320E-03
  2.962560E+00 2.945E-03
  2.962665E+00 2.781E-03
  2.962770E+00 2.869E-03
  2.962875E+00 3.389E-03
  2.962979E+00 5.017E-03
  2.963083E+00 1.171E-02
  2.963186E+00 1.502E-01
  2.963289E+00 3.342E-02
  2.963392E+00 5.072E-03
  2.963494E+00 2.021E-03
  2.963597E+00 1.162E-03
  2.963698E+00 8.193E-04
  2.963800E+00 6.575E-04
  2.963901E+00 5.748E-04
  2.964002E+00 5.325E-04
  2.964102E+00 5.131E-04
  2.964302E+00 5.115E-04
  2.964600E+00 5.542E-04
  2.965186E+00 6.972E-04
  2.968045E+00 1.556E-03
  2.971196E+00 2.602E-03
  2.971585E+00 2.615E-03
  2.971738E+00 2.518E-03
  2.971815E+00 2.405E-03
  2.971891E+00 2.195E-03
  2.971967E+00 1.768E-03
  2.972043E+00 7.116E-04
  2.972119E+00 9.781E+00
  2.972194E+00 8.074E-03
  2.972269E+00 5.622E-03
  2.972344E+00 4.941E-03
  2.972419E+00 4.649E-03
  2.972568E+00 4.431E-03
  2.972863E+00 4.426E-03
  2.973443E+00 4.864E-03
  2.974080E+00 5.705E-03
  2.974632E+00 6.822E-03
  2.975038E+00 8.030E-03
  2.975371E+00 9.445E-03
  2.975634E+00 1.101E-02
  2.975895E+00 1.321E-02
  2.976088E+00 1.553E-02
  2.976280E+00 1.880E-02
  2.976406E+00 2.182E-02
  2.976533E+00 2.591E-02
  2.976658E+00 3.166E-02
  2.976721E+00 3.548E-02
  2.976783E+00 4.022E-02
  2.976845E+00 4.620E-02
  2.976907E+00 5.392E-02
  2.976969E+00 6.418E-02
  2.977030E+00 7.827E-02
  2.977092E+00 9.846E-02
  2.977153E+00 1.290E-01
  2.977214E+00 1.789E-01
  2.977275E+00 2.693E-01
  2.977336E+00 4.617E-01
  2.977397E+00 1.006E+00
  2.977457E+00 3.944E+00
  2.977517E+00 1.952E+02
  2.977578E+00 3.156E+00
  2.977638E+00 7.916E-01
  2.977697E+00 3.420E-01
  2.977757E+00 1.858E-01
  2.977816E+00 1.146E-01
  2.977876E+00 7.677E-02
  2.977935E+00 5.449E-02
  2.977994E+00 4.043E-02
  2.978053E+00 3.111E-02
  2.978111E+00 2.470E-02
  2.978170E+00 2.020E-02
  2.978228E+00 1.702E-02
  2.978287E+00 1.481E-02
  2.978345E+00 1.339E-02
  2.978402E+00 1.272E-02
  2.978460E+00 1.291E-02
  2.978518E+00 1.449E-02
  2.978575E+00 1.921E-02
  2.978632E+00 3.540E-02
  2.978690E+00 1.780E-01
  2.978747E+00 2.880E-01
  2.978803E+00 1.795E-02
  2.978860E+00 4.836E-03
  2.978917E+00 2.025E-03
  2.978973E+00 1.088E-03
  2.979029E+00 6.985E-04
  2.979085E+00 5.143E-04
  2.979141E+00 4.218E-04
  2.979197E+00 3.756E-04
  2.979252E+00 3.557E-04
  2.979308E+00 3.519E-04
  2.979363E+00 3.589E-04
  2.979473E+00 3.942E-04
  2.979638E+00 4.797E-04
  2.979908E+00 6.693E-04
  2.980334E+00 1.030E-03
  2.981211E+00 1.877E-03
  2.982853E+00 3.644E-03
  2.983083E+00 3.748E-03
  2.983219E+00 3.624E-03
  2.983265E+00 3.504E-03
  2.983310E+00 3.307E-03
  2.983355E+00 2.979E-03
  2.983400E+00 2.411E-03
  2.983445E+00 1.352E-03
  2.983489E+00 6.670E-05
  2.983534E+00 1.586E-01
  2.983578E+00 1.682E-02
  2.983623E+00 1.117E-02
  2.983667E+00 9.439E-03
  2.983711E+00 8.654E-03
  2.983755E+00 8.242E-03
  2.983843E+00 7.889E-03
  2.984018E+00 7.883E-03
  2.984319E+00 8.603E-03
  2.984656E+00 1.000E-02
  2.984988E+00 1.205E-02
  2.985273E+00 1.464E-02
  2.985513E+00 1.786E-02
  2.985711E+00 2.175E-02
  2.985867E+00 2.619E-02
  2.985983E+00 3.077E-02
  2.986099E+00 3.706E-02
  2.986176E+00 4.270E-02
  2.986252E+00 5.007E-02
  2.986328E+00 6.005E-02
  2.986366E+00 6.642E-02
  2.986441E+00 8.339E-02
  2.986478E+00 9.489E-02
  2.986516E+00 1.094E-01
  2.986553E+00 1.280E-01
  2.986591E+00 1.525E-01
  2.986628E+00 1.859E-01
  2.986665E+00 2.331E-01
  2.986702E+00 3.034E-01
  2.986739E+00 4.149E-01
  2.986776E+00 6.088E-01
  2.986812E+00 9.948E-01
  2.986849E+00 1.954E+00
  2.986886E+00 5.670E+00
  2.986922E+00 6.932E+01
  2.986959E+00 2.380E+01
  2.986995E+00 3.626E+00
  2.987031E+00 1.365E+00
  2.987067E+00 7.004E-01
  2.987104E+00 4.208E-01
  2.987140E+00 2.786E-01
  2.987175E+00 1.972E-01
  2.987211E+00 1.467E-01
  2.987247E+00 1.135E-01
  2.987283E+00 9.075E-02
  2.987318E+00 7.480E-02
  2.987354E+00 6.347E-02
  2.987389E+00 5.549E-02
  2.987425E+00 5.016E-02
  2.987460E+00 4.720E-02
  2.987495E+00 4.679E-02
  2.987530E+00 4.989E-02
  2.987565E+00 5.957E-02
  2.987600E+00 8.688E-02
  2.987635E+00 1.992E-01
  2.987670E+00 4.219E+00
  2.987705E+00 2.265E-01
  2.987739E+00 3.056E-02
  2.987774E+00 8.864E-03
  2.987808E+00 3.475E-03
  2.987843E+00 1.639E-03
  2.987877E+00 8.935E-04
  2.987911E+00 5.558E-04
  2.987945E+00 3.917E-04
  2.987980E+00 3.098E-04
  2.988014E+00 2.710E-04
  2.988048E+00 2.571E-04
  2.988081E+00 2.594E-04
  2.988115E+00 2.731E-04
  2.988149E+00 2.958E-04
  2.988183E+00 3.259E-04
  2.988250E+00 4.045E-04
  2.988350E+00 5.599E-04
  2.988482E+00 8.213E-04
  2.988646E+00 1.211E-03
  2.988904E+00 1.934E-03
  2.989283E+00 3.165E-03
  2.990129E+00 6.272E-03
  2.990275E+00 6.497E-03
  2.990362E+00 6.254E-03
  2.990390E+00 6.023E-03
  2.990419E+00 5.658E-03
  2.990448E+00 5.082E-03
  2.990477E+00 4.160E-03
  2.990505E+00 2.645E-03
  2.990534E+00 3.879E-04
  2.990562E+00 1.899E-02
  2.990590E+00 1.370E-01
  2.990619E+00 3.681E-02
  2.990647E+00 2.513E-02
  2.990675E+00 2.105E-02
  2.990703E+00 1.911E-02
  2.990731E+00 1.805E-02
  2.990787E+00 1.710E-02
  2.990871E+00 1.690E-02
  2.991036E+00 1.805E-02
  2.991254E+00 2.111E-02
  2.991467E+00 2.570E-02
  2.991625E+00 3.052E-02
  2.991781E+00 3.715E-02
  2.991910E+00 4.484E-02
  2.992012E+00 5.323E-02
  2.992113E+00 6.476E-02
  2.992188E+00 7.658E-02
  2.992263E+00 9.268E-02
  2.992313E+00 1.070E-01
  2.992362E+00 1.254E-01
  2.992411E+00 1.500E-01
  2.992436E+00 1.655E-01
  2.992485E+00 2.060E-01
  2.992509E+00 2.329E-01
  2.992533E+00 2.660E-01
  2.992558E+00 3.076E-01
  2.992582E+00 3.611E-01
  2.992606E+00 4.313E-01
  2.992630E+00 5.264E-01
  2.992654E+00 6.601E-01
  2.992679E+00 8.569E-01
  2.992703E+00 1.165E+00
  2.992726E+00 1.689E+00
  2.992750E+00 2.695E+00
  2.992774E+00 5.038E+00
  2.992798E+00 1.288E+01
  2.992822E+00 8.342E+01
  2.992845E+00 2.015E+02
  2.992869E+00 1.668E+01
  2.992893E+00 5.554E+00
  2.992916E+00 2.717E+00
  2.992940E+00 1.598E+00
  2.992963E+00 1.048E+00
  2.992987E+00 7.391E-01
  2.993010E+00 5.499E-01
  2.993034E+00 4.266E-01
  2.993057E+00 3.426E-01
  2.993080E+00 2.837E-01
  2.993103E+00 2.418E-01
  2.993126E+00 2.121E-01
  2.993150E+00 1.919E-01
  2.993173E+00 1.800E-01
  2.993196E+00 1.766E-01
  2.993219E+00 1.841E-01
  2.993241E+00 2.099E-01
  2.993264E+00 2.777E-01
  2.993287E+00 4.948E-01
  2.993310E+00 2.161E+00
  2.993333E+00 5.136E+00
  2.993355E+00 2.313E-01
  2.993378E+00 5.031E-02
  2.993401E+00 1.614E-02
  2.993423E+00 6.195E-03
  2.993446E+00 2.650E-03
  2.993468E+00 1.234E-03
  2.993491E+00 6.261E-04
  2.993513E+00 3.528E-04
  2.993535E+00 2.267E-04
  2.993558E+00 1.698E-04
  2.993580E+00 1.484E-04
  2.993602E+00 1.481E-04
  2.993624E+00 1.629E-04
  2.993646E+00 1.904E-04
  2.993669E+00 2.298E-04
  2.993691E+00 2.808E-04
  2.993713E+00 3.434E-04
  2.993735E+00 4.175E-04
  2.993778E+00 5.998E-04
  2.993822E+00 8.260E-04
  2.993865E+00 1.093E-03
  2.993930E+00 1.564E-03
  2.994016E+00 2.306E-03
  2.994123E+00 3.390E-03
  2.994291E+00 5.419E-03
  2.994497E+00 8.375E-03
  2.994899E+00 1.485E-02
  2.994997E+00 1.567E-02
  2.995055E+00 1.518E-02
  2.995075E+00 1.466E-02
  2.995094E+00 1.381E-02
  2.995114E+00 1.250E-02
  2.995133E+00 1.047E-02
  2.995152E+00 7.331E-03
  2.995171E+00 2.705E-03
  2.995190E+00 1.560E-03
  2.995210E+00 8.255E-01
  2.995229E+00 2.705E-01
  2.995248E+00 1.068E-01
  2.995267E+00 7.583E-02
  2.995286E+00 6.386E-02
  2.995305E+00 5.792E-02
  2.995324E+00 5.464E-02
  2.995361E+00 5.170E-02
  2.995418E+00 5.122E-02
  2.995511E+00 5.454E-02
  2.995640E+00 6.351E-02
  2.995768E+00 7.676E-02
  2.995876E+00 9.242E-02
  2.995982E+00 1.138E-01
  2.996071E+00 1.383E-01
  2.996158E+00 1.723E-01
  2.996227E+00 2.101E-01
  2.996279E+00 2.480E-01
  2.996330E+00 2.983E-01
  2.996381E+00 3.671E-01
  2.996415E+00 4.286E-01
  2.996449E+00 5.084E-01
  2.996483E+00 6.151E-01
  2.996516E+00 7.627E-01
  2.996533E+00 8.590E-01
  2.996550E+00 9.762E-01
  2.996566E+00 1.121E+00
  2.996583E+00 1.303E+00
  2.996600E+00 1.536E+00
  2.996616E+00 1.843E+00
  2.996633E+00 2.257E+00
  2.996649E+00 2.836E+00
  2.996666E+00 3.685E+00
  2.996682E+00 5.001E+00
  2.996699E+00 7.208E+00
  2.996715E+00 1.135E+01
  2.996731E+00 2.061E+01
  2.996748E+00 4.897E+01
  2.996764E+00 2.369E+02
  2.996780E+00 3.039E+03
  2.996797E+00 1.098E+02
  2.996813E+00 3.244E+01
  2.996829E+00 1.523E+01
  2.996845E+00 8.798E+00
  2.996861E+00 5.728E+00
  2.996877E+00 4.033E+00
  2.996894E+00 3.005E+00
  2.996910E+00 2.339E+00
  2.996926E+00 1.887E+00
  2.996942E+00 1.570E+00
  2.996958E+00 1.345E+00
  2.996974E+00 1.185E+00
  2.996989E+00 1.075E+00
  2.997005E+00 1.009E+00
  2.997021E+00 9.867E-01
  2.997037E+00 1.018E+00
  2.997053E+00 1.134E+00
  2.997069E+00 1.427E+00
  2.997084E+00 2.253E+00
  2.997100E+00 6.292E+00
  2.997116E+00 1.757E+03
  2.997132E+00 2.674E+00
  2.997147E+00 4.392E-01
  2.997163E+00 1.229E-01
  2.997178E+00 4.171E-02
  2.997194E+00 1.530E-02
  2.997209E+00 5.707E-03
  2.997225E+00 2.068E-03
  2.997240E+00 6.968E-04
  2.997256E+00 2.071E-04
  2.997271E+00 5.097E-05
  2.997287E+00 1.019E-05
  2.997302E+00 2.549E-06
  2.997317E+00 2.922E-06
  2.997333E+00 9.495E-06
  2.997348E+00 2.908E-05
  2.997363E+00 7.073E-05
  2.997379E+00 1.431E-04
  2.997394E+00 2.535E-04
  2.997409E+00 4.076E-04
  2.997424E+00 6.098E-04
  2.997439E+00 8.629E-04
  2.997454E+00 1.169E-03
  2.997470E+00 1.529E-03
  2.997485E+00 1.944E-03
  2.997500E+00 2.414E-03
  2.997530E+00 3.517E-03
  2.997560E+00 4.835E-03
  2.997604E+00 7.203E-03
  2.997649E+00 1.002E-02
  2.997707E+00 1.447E-02
  2.997766E+00 1.968E-02
  2.997838E+00 2.728E-02
  2.997925E+00 3.801E-02
  2.998038E+00 5.503E-02
  2.998220E+00 8.538E-02
  2.998261E+00 8.952E-02
  2.998288E+00 8.958E-02
  2.998316E+00 8.522E-02
  2.998329E+00 8.016E-02
  2.998343E+00 7.200E-02
  2.998357E+00 5.926E-02
  2.998370E+00 3.982E-02
  2.998384E+00 1.286E-02
  2.998397E+00 1.034E-02
  2.998411E+00 1.624E+00
  2.998424E+00 3.962E+00
  2.998438E+00 1.014E+00
  2.998451E+00 6.522E-01
  2.998464E+00 5.282E-01
  2.998478E+00 4.707E-01
  2.998491E+00 4.408E-01
  2.998518E+00 4.174E-01
  2.998558E+00 4.211E-01
  2.998611E+00 4.577E-01
  2.998676E+00 5.343E-01
  2.998741E+00 6.431E-01
  2.998805E+00 7.909E-01
  2.998857E+00 9.464E-01
  2.998907E+00 1.147E+00
  2.998958E+00 1.409E+00
  2.999008E+00 1.759E+00
  2.999058E+00 2.237E+00
  2.999095E+00 2.717E+00
  2.999120E+00 3.118E+00
  2.999157E+00 3.885E+00
  2.999194E+00 4.935E+00
  2.999218E+00 5.862E+00
  2.999242E+00 7.048E+00
  2.999266E+00 8.592E+00
  2.999279E+00 9.544E+00
  2.999303E+00 1.194E+01
  2.999315E+00 1.346E+01
  2.999327E+00 1.526E+01
  2.999339E+00 1.742E+01
  2.999351E+00 2.003E+01
  2.999363E+00 2.323E+01
  2.999375E+00 2.720E+01
  2.999386E+00 3.219E+01
  2.999398E+00 3.858E+01
  2.999410E+00 4.692E+01
  2.999422E+00 5.806E+01
  2.999434E+00 7.338E+01
  2.999446E+00 9.518E+01
  2.999457E+00 1.275E+02
  2.999469E+00 1.784E+02
  2.999481E+00 2.644E+02
  2.999493E+00 4.262E+02
  2.999504E+00 7.843E+02
  2.999516E+00 1.838E+03
  2.999528E+00 7.772E+03
  2.999540E+00 4.352E+05
  2.999551E+00 7.269E+03
  2.999563E+00 1.978E+03
  2.999574E+00 9.299E+02
  2.999586E+00 5.511E+02
  2.999598E+00 3.720E+02
  2.999609E+00 2.733E+02
  2.999621E+00 2.134E+02
  2.999632E+00 1.746E+02
  2.999644E+00 1.485E+02
  2.999655E+00 1.305E+02
  2.999667E+00 1.184E+02
  2.999678E+00 1.107E+02
  2.999690E+00 1.067E+02
  2.999701E+00 1.066E+02
  2.999712E+00 1.108E+02
  2.999724E+00 1.214E+02
  2.999735E+00 1.430E+02
  2.999746E+00 1.878E+02
  2.999758E+00 2.988E+02
  2.999769E+00 7.321E+02
  2.999780E+00 1.366E+04
  2.999792E+00 1.069E+03
  2.999803E+00 1.410E+02
  2.999814E+00 3.916E+01
  2.999825E+00 1.371E+01
  2.999837E+00 5.162E+00
  2.999848E+00 1.889E+00
  2.999859E+00 5.935E-01
  2.999870E+00 1.181E-01
  2.999881E+00 1.003E-03
  2.999892E+00 4.098E-02
  2.999903E+00 1.456E-01
  2.999914E+00 2.711E-01
  2.999937E+00 5.135E-01
  2.999948E+00 6.173E-01
  2.999970E+00 7.840E-01
  2.999992E+00 9.023E-01
  3.000024E+00 1.010E+00
  3.000068E+00 1.069E+00
  3.000133E+00 1.066E+00
  3.000313E+00 8.973E-01
  3.010608E+00 1.893E+00
  3.010618E+00 2.163E+00
  3.014736E+00 1.108E+00
  3.018808E+00 6.710E-01
  3.022835E+00 4.494E-01
  3.026818E+00 3.217E-01
  3.030757E+00 2.417E-01
  3.034654E+00 1.882E-01
  3.038507E+00 1.508E-01
  3.042319E+00 1.236E-01
  3.046090E+00 1.033E-01
  3.049821E+00 8.763E-02
  3.053511E+00 7.538E-02
  3.057162E+00 6.561E-02
  3.060774E+00 5.770E-02
  3.064348E+00 5.121E-02
  3.071383E+00 4.132E-02
  3.078271E+00 3.424E-02
  3.085016E+00 2.902E-02
  3.094874E+00 2.344E-02
  3.104432E+00 1.958E-02
  3.116731E+00 1.604E-02
  3.131425E+00 1.313E-02
  3.148127E+00 1.088E-02
  3.166424E+00 9.171E-03
  3.190547E+00 7.646E-03
  3.218777E+00 6.484E-03
  3.245760E+00 5.837E-03
  3.263155E+00 5.764E-03
  3.274502E+00 6.064E-03
  3.282221E+00 6.673E-03
  3.286706E+00 7.371E-03
  3.289638E+00 8.094E-03
  3.292523E+00 9.164E-03
  3.293949E+00 9.899E-03
  3.295364E+00 1.083E-02
  3.296768E+00 1.201E-02
  3.298161E+00 1.357E-02
  3.299543E+00 1.566E-02
  3.300914E+00 1.853E-02
  3.302275E+00 2.262E-02
  3.303625E+00 2.863E-02
  3.304965E+00 3.780E-02
  3.306295E+00 5.208E-02
  3.307615E+00 7.361E-02
  3.308925E+00 9.993E-02
  3.310224E+00 1.134E-01
  3.311514E+00 9.739E-02
  3.312795E+00 6.907E-02
  3.314065E+00 4.670E-02
  3.315326E+00 3.238E-02
  3.316578E+00 2.349E-02
  3.317820E+00 1.784E-02
  3.319053E+00 1.410E-02
  3.320277E+00 1.155E-02
  3.321492E+00 9.734E-03
  3.322698E+00 8.409E-03
  3.323895E+00 7.416E-03
  3.325083E+00 6.654E-03
  3.327433E+00 5.585E-03
  3.329749E+00 4.889E-03
  3.333160E+00 4.228E-03
  3.337595E+00 3.714E-03
  3.344013E+00 3.300E-03
  3.354125E+00 2.969E-03
  3.370666E+00 2.722E-03
  3.393514E+00 2.542E-03
  3.395647E+00 2.448E-03
  3.397046E+00 2.284E-03
  3.398429E+00 1.963E-03
  3.399114E+00 1.896E-03
  3.399794E+00 2.071E-03
  3.400471E+00 2.325E-03
  3.401143E+00 2.504E-03
  3.402476E+00 2.671E-03
  3.407648E+00 2.830E-03
  3.416708E+00 3.101E-03
  3.423408E+00 3.503E-03
  3.428142E+00 4.003E-03
  3.432154E+00 4.697E-03
  3.435050E+00 5.478E-03
  3.437392E+00 6.406E-03
  3.439672E+00 7.739E-03
  3.441453E+00 9.272E-03
  3.442764E+00 1.085E-02
  3.444054E+00 1.297E-02
  3.445324E+00 1.593E-02
  3.446160E+00 1.861E-02
  3.446987E+00 2.211E-02
  3.447806E+00 2.682E-02
  3.448616E+00 3.334E-02
  3.449018E+00 3.757E-02
  3.449418E+00 4.269E-02
  3.449816E+00 4.896E-02
  3.450212E+00 5.672E-02
  3.450606E+00 6.645E-02
  3.450998E+00 7.885E-02
  3.451388E+00 9.487E-02
  3.451776E+00 1.159E-01
  3.452162E+00 1.440E-01
  3.452546E+00 1.821E-01
  3.452928E+00 2.357E-01
  3.453308E+00 3.221E-01
  3.453686E+00 7.556E-01
  3.454062E+00 2.891E-01
  3.454437E+00 3.182E-01
  3.454809E+00 3.107E-01
  3.455180E+00 2.737E-01
  3.455916E+00 1.828E-01
  3.456281E+00 1.462E-01
  3.456644E+00 1.175E-01
  3.457006E+00 9.536E-02
  3.457366E+00 7.834E-02
  3.457724E+00 6.516E-02
  3.458080E+00 5.485E-02
  3.458435E+00 4.668E-02
  3.458787E+00 4.014E-02
  3.459138E+00 3.484E-02
  3.459488E+00 3.050E-02
  3.459835E+00 2.690E-02
  3.460525E+00 2.136E-02
  3.461209E+00 1.736E-02
  3.461886E+00 1.439E-02
  3.462556E+00 1.213E-02
  3.463549E+00 9.639E-03
  3.464529E+00 7.866E-03
  3.465494E+00 6.564E-03
  3.466760E+00 5.307E-03
  3.468002E+00 4.411E-03
  3.469522E+00 3.617E-03
  3.471299E+00 2.965E-03
  3.473312E+00 2.462E-03
  3.475535E+00 2.095E-03
  3.477942E+00 1.850E-03
  3.480756E+00 1.709E-03
  3.483437E+00 1.699E-03
  3.485994E+00 1.805E-03
  3.488650E+00 2.052E-03
  3.490971E+00 2.324E-03
  3.491992E+00 2.287E-03
  3.492194E+00 2.465E-03
  3.492594E+00 3.845E-03
  3.492793E+00 3.993E-03
  3.493582E+00 3.887E-03
  3.494358E+00 3.987E-03
  3.494550E+00 4.161E-03
  3.494742E+00 6.150E-03
  3.494932E+00 6.055E-02
  3.495122E+00 9.375E-03
  3.495311E+00 6.895E-03
  3.495499E+00 6.308E-03
  3.495687E+00 6.133E-03
  3.496059E+00 6.164E-03
  3.496796E+00 6.721E-03
  3.497701E+00 7.849E-03
  3.498588E+00 9.416E-03
  3.499458E+00 1.155E-02
  3.500311E+00 1.449E-02
  3.500982E+00 1.771E-02
  3.501643E+00 2.207E-02
  3.502132E+00 2.642E-02
  3.502615E+00 3.214E-02
  3.503093E+00 3.983E-02
  3.503566E+00 5.051E-02
  3.503878E+00 6.012E-02
  3.504188E+00 7.266E-02
  3.504495E+00 8.946E-02
  3.504801E+00 1.127E-01
  3.504952E+00 1.278E-01
  3.505104E+00 1.462E-01
  3.505254E+00 1.688E-01
  3.505404E+00 1.971E-01
  3.505554E+00 2.333E-01
  3.505703E+00 2.807E-01
  3.505851E+00 3.445E-01
  3.505999E+00 4.341E-01
  3.506146E+00 5.660E-01
  3.506293E+00 7.729E-01
  3.506439E+00 1.121E+00
  3.506585E+00 1.699E+00
  3.506730E+00 2.086E+00
  3.506875E+00 1.013E+00
  3.507019E+00 2.436E-01
  3.507163E+00 1.122E-01
  3.507306E+00 1.790E-01
  3.507448E+00 2.922E-01
  3.507590E+00 3.930E-01
  3.507732E+00 4.527E-01
  3.507873E+00 4.657E-01
  3.508014E+00 4.434E-01
  3.508571E+00 2.681E-01
  3.508708E+00 2.325E-01
  3.508846E+00 2.022E-01
  3.508983E+00 1.767E-01
  3.509256E+00 1.371E-01
  3.509526E+00 1.086E-01
  3.509795E+00 8.778E-02
  3.510062E+00 7.213E-02
  3.510327E+00 6.015E-02
  3.510720E+00 4.687E-02
  3.511110E+00 3.734E-02
  3.511496E+00 3.029E-02
  3.511877E+00 2.490E-02
  3.512380E+00 1.945E-02
  3.513121E+00 1.308E-02
  3.513364E+00 1.039E-02
  3.513485E+00 3.954E-02
  3.513606E+00 1.573E-02
  3.513726E+00 1.325E-02
  3.513846E+00 1.205E-02
  3.514085E+00 1.053E-02
  3.514557E+00 8.525E-03
  3.515138E+00 6.740E-03
  3.515823E+00 5.163E-03
  3.516494E+00 3.989E-03
  3.517152E+00 3.103E-03
  3.517797E+00 2.440E-03
  3.518324E+00 2.034E-03
  3.518844E+00 1.763E-03
  3.519151E+00 1.689E-03
  3.519354E+00 1.714E-03
  3.519455E+00 1.774E-03
  3.519556E+00 1.902E-03
  3.519657E+00 2.176E-03
  3.519757E+00 2.836E-03
  3.519857E+00 4.756E-03
  3.519956E+00 7.438E-03
  3.520055E+00 3.637E-03
  3.520154E+00 1.984E-03
  3.520253E+00 1.517E-03
  3.520351E+00 1.352E-03
  3.520449E+00 1.286E-03
  3.520644E+00 1.257E-03
  3.520934E+00 1.309E-03
  3.521316E+00 1.465E-03
  3.521694E+00 1.714E-03
  3.521974E+00 2.000E-03
  3.522159E+00 2.313E-03
  3.522252E+00 2.565E-03
  3.522343E+00 2.967E-03
  3.522435E+00 3.698E-03
  3.522526E+00 5.249E-03
  3.522617E+00 9.136E-03
  3.522708E+00 1.966E-02
  3.522799E+00 3.403E-02
  3.522889E+00 2.734E-02
  3.522979E+00 1.813E-02
  3.523068E+00 1.354E-02
  3.523158E+00 1.131E-02
  3.523247E+00 1.016E-02
  3.523336E+00 9.570E-03
  3.523424E+00 9.303E-03
  3.523600E+00 9.312E-03
  3.523863E+00 1.008E-02
  3.524123E+00 1.145E-02
  3.524465E+00 1.407E-02
  3.524804E+00 1.779E-02
  3.525055E+00 2.151E-02
  3.525304E+00 2.633E-02
  3.525551E+00 3.263E-02
  3.525795E+00 4.103E-02
  3.526038E+00 5.251E-02
  3.526198E+00 6.261E-02
  3.526358E+00 7.547E-02
  3.526516E+00 9.217E-02
  3.526673E+00 1.143E-01
  3.526752E+00 1.282E-01
  3.526830E+00 1.445E-01
  3.526908E+00 1.638E-01
  3.526986E+00 1.868E-01
  3.527063E+00 2.147E-01
  3.527140E+00 2.486E-01
  3.527217E+00 2.906E-01
  3.527294E+00 3.432E-01
  3.527371E+00 4.100E-01
  3.527447E+00 4.964E-01
  3.527523E+00 6.100E-01
  3.527599E+00 7.621E-01
  3.527675E+00 9.689E-01
  3.527750E+00 1.253E+00
  3.527825E+00 1.641E+00
  3.527900E+00 2.147E+00
  3.527975E+00 2.723E+00
  3.528049E+00 3.179E+00
  3.528124E+00 3.235E+00
  3.528198E+00 2.828E+00
  3.528345E+00 1.622E+00
  3.528419E+00 1.162E+00
  3.528492E+00 8.216E-01
  3.528565E+00 5.693E-01
  3.528638E+00 3.773E-01
  3.528711E+00 2.279E-01
  3.528783E+00 1.192E-01
  3.528855E+00 8.076E-02
  3.528927E+00 1.628E-01
  3.528999E+00 3.027E-01
  3.529071E+00 3.652E-01
  3.529142E+00 3.551E-01
  3.529355E+00 2.497E-01
  3.529425E+00 2.210E-01
  3.529566E+00 1.761E-01
  3.529706E+00 1.437E-01
  3.529844E+00 1.194E-01
  3.530051E+00 9.316E-02
  3.530256E+00 7.461E-02
  3.530460E+00 6.095E-02
  3.530661E+00 5.054E-02
  3.530861E+00 4.268E-02
  3.530927E+00 4.164E-02
  3.530994E+00 5.799E-02
  3.531059E+00 1.094E-01
  3.531125E+00 4.313E-02
  3.531191E+00 3.672E-02
  3.531256E+00 3.368E-02
  3.531386E+00 2.972E-02
  3.531644E+00 2.422E-02
  3.531963E+00 1.919E-02
  3.532339E+00 1.471E-02
  3.532710E+00 1.133E-02
  3.533074E+00 8.698E-03
  3.533432E+00 6.622E-03
  3.533785E+00 4.970E-03
  3.534132E+00 3.660E-03
  3.534473E+00 2.634E-03
  3.534809E+00 1.755E-03
  3.534865E+00 1.636E-03
  3.534920E+00 1.952E-03
  3.534975E+00 1.992E-03
  3.535085E+00 1.745E-03
  3.535194E+00 1.599E-03
  3.535357E+00 1.494E-03
  3.535519E+00 1.503E-03
  3.535626E+00 1.580E-03
  3.535732E+00 1.726E-03
  3.535838E+00 1.968E-03
  3.535891E+00 2.139E-03
  3.535944E+00 2.356E-03
  3.535996E+00 2.638E-03
  3.536049E+00 3.010E-03
  3.536101E+00 3.518E-03
  3.536153E+00 4.241E-03
  3.536205E+00 5.327E-03
  3.536257E+00 7.072E-03
  3.536308E+00 1.013E-02
  3.536360E+00 1.608E-02
  3.536411E+00 2.920E-02
  3.536463E+00 5.995E-02
  3.536514E+00 1.036E-01
  3.536565E+00 8.737E-02
  3.536616E+00 5.235E-02
  3.536666E+00 3.393E-02
  3.536717E+00 2.495E-02
  3.536768E+00 2.025E-02
  3.536818E+00 1.763E-02
  3.536868E+00 1.615E-02
  3.536918E+00 1.534E-02
  3.536968E+00 1.496E-02
  3.537068E+00 1.504E-02
  3.537216E+00 1.644E-02
  3.537363E+00 1.894E-02
  3.537510E+00 2.246E-02
  3.537655E+00 2.712E-02
  3.537799E+00 3.319E-02
  3.537941E+00 4.108E-02
  3.538083E+00 5.142E-02
  3.538224E+00 6.517E-02
  3.538364E+00 8.381E-02
  3.538456E+00 1.001E-01
  3.538548E+00 1.206E-01
  3.538640E+00 1.469E-01
  3.538731E+00 1.813E-01
  3.538822E+00 2.272E-01
  3.538912E+00 2.901E-01
  3.538957E+00 3.306E-01
  3.539002E+00 3.791E-01
  3.539046E+00 4.380E-01
  3.539091E+00 5.102E-01
  3.539135E+00 5.998E-01
  3.539180E+00 7.126E-01
  3.539224E+00 8.568E-01
  3.539268E+00 1.044E+00
  3.539312E+00 1.293E+00
  3.539356E+00 1.629E+00
  3.539400E+00 2.092E+00
  3.539444E+00 2.739E+00
  3.539488E+00 3.644E+00
  3.539531E+00 4.868E+00
  3.539618E+00 7.674E+00
  3.539661E+00 8.092E+00
  3.539704E+00 7.286E+00
  3.539790E+00 4.408E+00
  3.539833E+00 3.284E+00
  3.539876E+00 2.462E+00
  3.539918E+00 1.867E+00
  3.539961E+00 1.431E+00
  3.540003E+00 1.102E+00
  3.540045E+00 8.439E-01
  3.540088E+00 6.314E-01
  3.540130E+00 4.467E-01
  3.540172E+00 2.826E-01
  3.540214E+00 1.647E-01
  3.540255E+00 1.878E-01
  3.540297E+00 3.605E-01
  3.540339E+00 4.723E-01
  3.540380E+00 4.818E-01
  3.540463E+00 4.104E-01
  3.540545E+00 3.375E-01
  3.540627E+00 2.812E-01
  3.540708E+00 2.390E-01
  3.540789E+00 2.085E-01
  3.540830E+00 1.991E-01
  3.540870E+00 2.012E-01
  3.540910E+00 3.436E-01
  3.540950E+00 2.661E-01
  3.540990E+00 1.478E-01
  3.541030E+00 1.331E-01
  3.541149E+00 1.104E-01
  3.541307E+00 8.900E-02
  3.541502E+00 6.955E-02
  3.541695E+00 5.529E-02
  3.541885E+00 4.447E-02
  3.542111E+00 3.456E-02
  3.542333E+00 2.697E-02
  3.542552E+00 2.104E-02
  3.542804E+00 1.569E-02
  3.543017E+00 1.220E-02
  3.543192E+00 1.008E-02
  3.543297E+00 9.265E-03
  3.543366E+00 9.052E-03
  3.543400E+00 9.119E-03
  3.543434E+00 9.379E-03
  3.543469E+00 9.962E-03
  3.543503E+00 1.115E-02
  3.543537E+00 1.367E-02
  3.543571E+00 1.967E-02
  3.543605E+00 3.228E-02
  3.543639E+00 1.793E-02
  3.543673E+00 4.371E-03
  3.543706E+00 1.997E-03
  3.543740E+00 1.594E-03
  3.543773E+00 1.572E-03
  3.543874E+00 1.792E-03
  3.543973E+00 2.101E-03
  3.544039E+00 2.419E-03
  3.544105E+00 2.900E-03
  3.544138E+00 3.230E-03
  3.544170E+00 3.642E-03
  3.544203E+00 4.162E-03
  3.544235E+00 4.826E-03
  3.544268E+00 5.689E-03
  3.544300E+00 6.837E-03
  3.544333E+00 8.412E-03
  3.544365E+00 1.066E-02
  3.544397E+00 1.402E-02
  3.544429E+00 1.937E-02
  3.544461E+00 2.859E-02
  3.544493E+00 4.609E-02
  3.544525E+00 8.312E-02
  3.544557E+00 1.645E-01
  3.544589E+00 2.714E-01
  3.544620E+00 2.289E-01
  3.544652E+00 1.356E-01
  3.544683E+00 8.480E-02
  3.544715E+00 5.977E-02
  3.544746E+00 4.655E-02
  3.544778E+00 3.910E-02
  3.544809E+00 3.476E-02
  3.544840E+00 3.223E-02
  3.544871E+00 3.086E-02
  3.544933E+00 3.027E-02
  3.544995E+00 3.151E-02
  3.545087E+00 3.564E-02
  3.545179E+00 4.207E-02
  3.545270E+00 5.085E-02
  3.545360E+00 6.240E-02
  3.545450E+00 7.743E-02
  3.545539E+00 9.703E-02
  3.545628E+00 1.228E-01
  3.545716E+00 1.573E-01
  3.545803E+00 2.043E-01
  3.545861E+00 2.455E-01
  3.545919E+00 2.977E-01
  3.545977E+00 3.648E-01
  3.546034E+00 4.528E-01
  3.546091E+00 5.708E-01
  3.546148E+00 7.331E-01
  3.546176E+00 8.379E-01
  3.546204E+00 9.638E-01
  3.546232E+00 1.117E+00
  3.546261E+00 1.305E+00
  3.546289E+00 1.539E+00
  3.546317E+00 1.835E+00
  3.546345E+00 2.214E+00
  3.546373E+00 2.709E+00
  3.546400E+00 3.368E+00
  3.546428E+00 4.263E+00
  3.546456E+00 5.505E+00
  3.546484E+00 7.258E+00
  3.546511E+00 9.745E+00
  3.546539E+00 1.319E+01
  3.546594E+00 2.165E+01
  3.546621E+00 2.331E+01
  3.546648E+00 2.127E+01
  3.546703E+00 1.298E+01
  3.546730E+00 9.715E+00
  3.546757E+00 7.340E+00
  3.546784E+00 5.639E+00
  3.546811E+00 4.406E+00
  3.546838E+00 3.492E+00
  3.546865E+00 2.793E+00
  3.546891E+00 2.237E+00
  3.546918E+00 1.775E+00
  3.546972E+00 9.778E-01
  3.546998E+00 6.139E-01
  3.547025E+00 4.073E-01
  3.547051E+00 5.893E-01
  3.547078E+00 8.988E-01
  3.547104E+00 1.029E+00
  3.547130E+00 1.041E+00
  3.547156E+00 1.027E+00
  3.547183E+00 1.066E+00
  3.547209E+00 1.802E+00
  3.547235E+00 8.610E-01
  3.547261E+00 5.688E-01
  3.547416E+00 4.066E-01
  3.547518E+00 3.239E-01
  3.547620E+00 2.628E-01
  3.547721E+00 2.166E-01
  3.547845E+00 1.732E-01
  3.547969E+00 1.405E-01
  3.548115E+00 1.107E-01
  3.548284E+00 8.494E-02
  3.548450E+00 6.575E-02
  3.548614E+00 5.156E-02
  3.548753E+00 4.314E-02
  3.548845E+00 4.003E-02
  3.548913E+00 4.006E-02
  3.548958E+00 4.233E-02
  3.548981E+00 4.474E-02
  3.549003E+00 4.863E-02
  3.549026E+00 5.503E-02
  3.549048E+00 6.608E-02
  3.549070E+00 8.713E-02
  3.549093E+00 1.342E-01
  3.549115E+00 2.614E-01
  3.549137E+00 3.820E-01
  3.549160E+00 1.123E-01
  3.549182E+00 2.833E-02
  3.549204E+00 8.995E-03
  3.549226E+00 3.526E-03
  3.549248E+00 1.900E-03
  3.549270E+00 1.561E-03
  3.549292E+00 1.713E-03
  3.549314E+00 2.076E-03
  3.549336E+00 2.550E-03
  3.549358E+00 3.103E-03
  3.549401E+00 4.452E-03
  3.549423E+00 5.286E-03
  3.549444E+00 6.266E-03
  3.549466E+00 7.437E-03
  3.549488E+00 8.857E-03
  3.549509E+00 1.061E-02
  3.549531E+00 1.281E-02
  3.549552E+00 1.565E-02
  3.549574E+00 1.938E-02
  3.549595E+00 2.447E-02
  3.549616E+00 3.167E-02
  3.549638E+00 4.238E-02
  3.549659E+00 5.929E-02
  3.549680E+00 8.808E-02
  3.549701E+00 1.419E-01
  3.549722E+00 2.533E-01
  3.549743E+00 4.912E-01
  3.549764E+00 8.030E-01
  3.549785E+00 6.943E-01
  3.549806E+00 4.150E-01
  3.549827E+00 2.572E-01
  3.549848E+00 1.786E-01
  3.549869E+00 1.371E-01
  3.549890E+00 1.136E-01
  3.549911E+00 9.989E-02
  3.549931E+00 9.185E-02
  3.549952E+00 8.742E-02
  3.549973E+00 8.543E-02
  3.550014E+00 8.636E-02
  3.550055E+00 9.182E-02
  3.550116E+00 1.063E-01
  3.550177E+00 1.277E-01
  3.550237E+00 1.566E-01
  3.550298E+00 1.945E-01
  3.550357E+00 2.440E-01
  3.550417E+00 3.088E-01
  3.550476E+00 3.945E-01
  3.550515E+00 4.673E-01
  3.550554E+00 5.566E-01
  3.550593E+00 6.671E-01
  3.550632E+00 8.057E-01
  3.550671E+00 9.815E-01
  3.550709E+00 1.208E+00
  3.550729E+00 1.347E+00
  3.550767E+00 1.690E+00
  3.550805E+00 2.157E+00
  3.550824E+00 2.455E+00
  3.550843E+00 2.809E+00
  3.550862E+00 3.235E+00
  3.550881E+00 3.752E+00
  3.550900E+00 4.387E+00
  3.550919E+00 5.176E+00
  3.550938E+00 6.169E+00
  3.550956E+00 7.441E+00
  3.550975E+00 9.096E+00
  3.550994E+00 1.129E+01
  3.551013E+00 1.427E+01
  3.551031E+00 1.839E+01
  3.551050E+00 2.421E+01
  3.551068E+00 3.254E+01
  3.551087E+00 4.438E+01
  3.551124E+00 7.778E+01
  3.551142E+00 8.947E+01
  3.551161E+00 8.704E+01
  3.551179E+00 7.291E+01
  3.551198E+00 5.619E+01
  3.551216E+00 4.223E+01
  3.551234E+00 3.191E+01
  3.551252E+00 2.453E+01
  3.551271E+00 1.923E+01
  3.551289E+00 1.535E+01
  3.551307E+00 1.243E+01
  3.551325E+00 1.017E+01
  3.551343E+00 8.341E+00
  3.551361E+00 6.788E+00
  3.551415E+00 2.573E+00
  3.551433E+00 2.032E+00
  3.551451E+00 6.876E+00
  3.551469E+00 1.815E+01
  3.551487E+00 1.761E+00
  3.551504E+00 2.183E+00
  3.551522E+00 2.357E+00
  3.551540E+00 2.365E+00
  3.551593E+00 2.091E+00
  3.551663E+00 1.675E+00
  3.551733E+00 1.354E+00
  3.551802E+00 1.114E+00
  3.551870E+00 9.320E-01
  3.551973E+00 7.308E-01
  3.552074E+00 5.861E-01
  3.552173E+00 4.779E-01
  3.552289E+00 3.831E-01
  3.552402E+00 3.131E-01
  3.552515E+00 2.646E-01
  3.552594E+00 2.461E-01
  3.552642E+00 2.457E-01
  3.552689E+00 2.610E-01
  3.552720E+00 2.887E-01
  3.552736E+00 3.127E-01
  3.552751E+00 3.485E-01
  3.552767E+00 4.041E-01
  3.552782E+00 4.957E-01
  3.552798E+00 6.625E-01
  3.552813E+00 1.017E+00
  3.552829E+00 1.954E+00
  3.552844E+00 4.084E+00
  3.552859E+00 2.001E+00
  3.552875E+00 5.060E-01
  3.552890E+00 1.577E-01
  3.552905E+00 5.534E-02
  3.552921E+00 1.950E-02
  3.552936E+00 6.275E-03
  3.552951E+00 2.031E-03
  3.552966E+00 1.780E-03
  3.552982E+00 3.504E-03
  3.552997E+00 6.344E-03
  3.553012E+00 9.951E-03
  3.553027E+00 1.422E-02
  3.553042E+00 1.919E-02
  3.553057E+00 2.498E-02
  3.553072E+00 3.181E-02
  3.553087E+00 3.998E-02
  3.553102E+00 4.993E-02
  3.553117E+00 6.232E-02
  3.553132E+00 7.809E-02
  3.553147E+00 9.873E-02
  3.553161E+00 1.266E-01
  3.553176E+00 1.659E-01
  3.553191E+00 2.238E-01
  3.553206E+00 3.145E-01
  3.553221E+00 4.672E-01
  3.553235E+00 7.490E-01
  3.553250E+00 1.323E+00
  3.553265E+00 2.542E+00
  3.553279E+00 4.279E+00
  3.553294E+00 3.971E+00
  3.553309E+00 2.434E+00
  3.553323E+00 1.505E+00
  3.553338E+00 1.039E+00
  3.553352E+00 7.934E-01
  3.553367E+00 6.559E-01
  3.553381E+00 5.763E-01
  3.553396E+00 5.306E-01
  3.553410E+00 5.064E-01
  3.553425E+00 4.968E-01
  3.553453E+00 5.074E-01
  3.553482E+00 5.462E-01
  3.553525E+00 6.456E-01
  3.553567E+00 7.925E-01
  3.553610E+00 9.935E-01
  3.553652E+00 1.262E+00
  3.553694E+00 1.619E+00
  3.553722E+00 1.921E+00
  3.553763E+00 2.501E+00
  3.553805E+00 3.292E+00
  3.553846E+00 4.385E+00
  3.553887E+00 5.931E+00
  3.553914E+00 7.330E+00
  3.553941E+00 9.149E+00
  3.553968E+00 1.156E+01
  3.553995E+00 1.480E+01
  3.554022E+00 1.929E+01
  3.554035E+00 2.219E+01
  3.554062E+00 2.990E+01
  3.554075E+00 3.508E+01
  3.554088E+00 4.149E+01
  3.554102E+00 4.953E+01
  3.554115E+00 5.976E+01
  3.554128E+00 7.298E+01
  3.554141E+00 9.037E+01
  3.554155E+00 1.137E+02
  3.554168E+00 1.456E+02
  3.554181E+00 1.904E+02
  3.554194E+00 2.544E+02
  3.554207E+00 3.473E+02
  3.554220E+00 4.809E+02
  3.554233E+00 6.619E+02
  3.554246E+00 8.647E+02
  3.554259E+00 1.000E+03
  3.554272E+00 9.754E+02
  3.554285E+00 8.205E+02
  3.554298E+00 6.382E+02
  3.554311E+00 4.859E+02
  3.554324E+00 3.729E+02
  3.554337E+00 2.916E+02
  3.554350E+00 2.328E+02
  3.554363E+00 1.895E+02
  3.554376E+00 1.566E+02
  3.554388E+00 1.309E+02
  3.554401E+00 1.097E+02
  3.554427E+00 7.297E+01
  3.554439E+00 1.306E+02
  3.554452E+00 1.366E+02
  3.554465E+00 5.618E+01
  3.554477E+00 2.539E+01
  3.554490E+00 1.957E+01
  3.554503E+00 2.507E+01
  3.554515E+00 2.962E+01
  3.554528E+00 3.171E+01
  3.554540E+00 3.223E+01
  3.554565E+00 3.121E+01
  3.554665E+00 2.396E+01
  3.554739E+00 2.039E+01
  3.554812E+00 1.817E+01
  3.554896E+00 1.676E+01
  3.554991E+00 1.634E+01
  3.555073E+00 1.705E+01
  3.555143E+00 1.883E+01
  3.555189E+00 2.103E+01
  3.555224E+00 2.359E+01
  3.555258E+00 2.750E+01
  3.555281E+00 3.133E+01
  3.555304E+00 3.677E+01
  3.555315E+00 4.040E+01
  3.555338E+00 5.053E+01
  3.555349E+00 5.778E+01
  3.555360E+00 6.733E+01
  3.555371E+00 8.026E+01
  3.555383E+00 9.843E+01
  3.555394E+00 1.251E+02
  3.555405E+00 1.668E+02
  3.555416E+00 2.370E+02
  3.555427E+00 3.693E+02
  3.555438E+00 6.622E+02
  3.555450E+00 1.487E+03
  3.555461E+00 4.208E+03
  3.555472E+00 4.146E+03
  3.555483E+00 1.411E+03
  3.555494E+00 6.056E+02
  3.555505E+00 3.263E+02
  3.555516E+00 2.031E+02
  3.555527E+00 1.391E+02
  3.555538E+00 1.023E+02
  3.555549E+00 7.904E+01
  3.555560E+00 6.378E+01
  3.555571E+00 5.334E+01
  3.555582E+00 4.588E+01
  3.555592E+00 4.055E+01
  3.555603E+00 3.669E+01
  3.555614E+00 3.393E+01
  3.555625E+00 3.202E+01
  3.555636E+00 3.082E+01
  3.555657E+00 3.029E+01
  3.555668E+00 3.097E+01
  3.555679E+00 3.242E+01
  3.555690E+00 3.485E+01
  3.555700E+00 3.864E+01
  3.555711E+00 4.449E+01
  3.555722E+00 5.372E+01
  3.555733E+00 6.895E+01
  3.555743E+00 9.583E+01
  3.555754E+00 1.472E+02
  3.555764E+00 2.482E+02
  3.555775E+00 3.847E+02
  3.555786E+00 3.466E+02
  3.555796E+00 1.969E+02
  3.555807E+00 1.098E+02
  3.555817E+00 6.822E+01
  3.555828E+00 4.715E+01
  3.555838E+00 3.547E+01
  3.555849E+00 2.849E+01
  3.555859E+00 2.407E+01
  3.555870E+00 2.115E+01
  3.555880E+00 1.916E+01
  3.555901E+00 1.682E+01
  3.555922E+00 1.567E+01
  3.555953E+00 1.511E+01
  3.555994E+00 1.550E+01
  3.556045E+00 1.711E+01
  3.556096E+00 1.983E+01
  3.556147E+00 2.396E+01
  3.556174E+00 2.706E+01
  3.566164E+00 2.888E+00
  3.566174E+00 7.657E-01
  3.591117E+00 6.575E-02
  3.616061E+00 2.677E-02
  3.641004E+00 1.818E-02
  3.665947E+00 1.513E-02
  3.690890E+00 1.333E-02
  3.715834E+00 1.207E-02
  3.765720E+00 1.041E-02
  3.840550E+00 8.326E-03
  3.890437E+00 7.437E-03
  3.965267E+00 6.796E-03
  4.139870E+00 5.786E-03
  4.389303E+00 4.762E-03
  4.738509E+00 3.932E-03
  5.137602E+00 3.163E-03
  5.536695E+00 2.530E-03
  5.836015E+00 2.175E-03
  6.010618E+00 2.034E-03
  6.132042E+00 1.916E-03
  6.255915E+00 1.804E-03
  6.382292E+00 1.699E-03
  6.511226E+00 1.600E-03
  6.642761E+00 1.507E-03
  6.776952E+00 1.419E-03
  6.913854E+00 1.336E-03
  7.053523E+00 1.259E-03
  7.196013E+00 1.185E-03
  7.341388E+00 1.116E-03
  7.489690E+00 1.051E-03
  7.640991E+00 9.901E-04
  7.795353E+00 9.324E-04
  7.952826E+00 8.781E-04
  8.113482E+00 8.270E-04
  8.277388E+00 7.788E-04
  8.444601E+00 7.335E-04
  8.615196E+00 6.907E-04
  8.789231E+00 6.505E-04
  8.966790E+00 6.126E-04
  9.147927E+00 5.770E-04
  9.332726E+00 5.434E-04
  9.521264E+00 5.117E-04
  9.713607E+00 4.819E-04
  9.909830E+00 4.538E-04
  1.011003E+01 4.274E-04
  1.031426E+01 4.025E-04
  1.052262E+01 3.791E-04
  1.073519E+01 3.570E-04
  1.095206E+01 3.362E-04
  1.117330E+01 3.166E-04
  1.139902E+01 2.982E-04
  1.162930E+01 2.808E-04
  1.186423E+01 2.645E-04
  1.210390E+01 2.491E-04
  1.234841E+01 2.346E-04
  1.259787E+01 2.209E-04
  1.285236E+01 2.080E-04
  1.311199E+01 1.959E-04
  1.337688E+01 1.845E-04
  1.364710E+01 1.738E-04
  1.392280E+01 1.637E-04
  1.420405E+01 1.541E-04
  1.449099E+01 1.451E-04
  1.478374E+01 1.367E-04
  1.508239E+01 1.287E-04
  1.538707E+01 1.212E-04
  1.569791E+01 1.142E-04
  1.601503E+01 1.075E-04
  1.633855E+01 1.013E-04
  1.666859E+01 9.537E-05
  1.700534E+01 8.982E-05
  1.734886E+01 8.459E-05
  1.769934E+01 7.966E-05
  1.805688E+01 7.502E-05
  1.842166E+01 7.065E-05
  1.879379E+01 6.654E-05
  1.917346E+01 6.266E-05
  1.956078E+01 5.901E-05
  1.995595E+01 5.558E-05
  2.035907E+01 5.234E-05
  2.077037E+01 4.929E-05
  2.118994E+01 4.642E-05
  2.161801E+01 4.372E-05
  2.205472E+01 4.117E-05
  2.250026E+01 3.877E-05