  3.521635E-02 1.847E+01
  4.521635E-02 1.335E+01
  9.650105E-02 4.218E+00
  1.464818E-01 2.094E+00
  1.952026E-01 1.279E+00
  2.427052E-01 8.787E-01
  2.890300E-01 6.484E-01
  3.342157E-01 4.998E-01
  3.782992E-01 3.968E-01
  4.213161E-01 3.225E-01
  4.633006E-01 2.678E-01
  5.042854E-01 2.271E-01
  5.443020E-01 1.963E-01
  5.833807E-01 1.727E-01
  6.215506E-01 1.539E-01
  6.952745E-01 1.257E-01
  7.997095E-01 9.577E-02
  8.973343E-01 7.473E-02
  9.887282E-01 6.044E-02
  1.074411E+00 5.111E-02
  1.180568E+00 4.315E-02
  1.411260E+00 3.054E-02
  1.566329E+00 2.370E-02
  1.684596E+00 2.013E-02
  1.816905E+00 1.771E-02
  2.304915E+00 1.169E-02
  2.397180E+00 1.123E-02
  2.441689E+00 1.156E-02
  2.468862E+00 1.237E-02
  2.481766E+00 1.322E-02
  2.490129E+00 1.417E-02
  2.498307E+00 1.576E-02
  2.502328E+00 1.702E-02
  2.506306E+00 1.888E-02
  2.510240E+00 2.184E-02
  2.514130E+00 2.727E-02
  2.517979E+00 3.984E-02
  2.521786E+00 9.067E-02
  2.525552E+00 4.511E+00
  2.529277E+00 1.456E-02
  2.532962E+00 1.468E-04
  2.536608E+00 5.620E-04
  2.540216E+00 1.724E-03
  2.543785E+00 2.722E-03
  2.547316E+00 3.511E-03
  2.550810E+00 4.134E-03
  2.557689E+00 5.042E-03
  2.567741E+00 5.907E-03
  2.583817E+00 6.729E-03
  2.613625E+00 7.526E-03
  2.704084E+00 8.690E-03
  2.774541E+00 9.772E-03
  2.810040E+00 1.088E-02
  2.831288E+00 1.220E-02
  2.843591E+00 1.367E-02
  2.851498E+00 1.536E-02
  2.857330E+00 1.754E-02
  2.861336E+00 2.010E-02
  2.863678E+00 2.244E-02
  2.865976E+00 2.594E-02
  2.867484E+00 2.940E-02
  2.868973E+00 3.450E-02
  2.869710E+00 3.805E-02
  2.870443E+00 4.267E-02
  2.871171E+00 4.887E-02
  2.871895E+00 5.756E-02
  2.872614E+00 7.047E-02
  2.873329E+00 9.119E-02
  2.874039E+00 1.285E-01
  2.874745E+00 2.095E-01
  2.875447E+00 4.579E-01
  2.876144E+00 2.390E+00
  2.876837E+00 5.775E+00
  2.877526E+00 3.737E-01
  2.878210E+00 9.849E-02
  2.878890E+00 3.730E-02
  2.879567E+00 1.639E-02
  2.880239E+00 7.660E-03
  2.880906E+00 3.616E-03
  2.881570E+00 1.652E-03
  2.882230E+00 6.955E-04
  2.882886E+00 2.525E-04
  2.883538E+00 7.149E-05
  2.884186E+00 1.490E-05
  2.884830E+00 6.419E-06
  2.885470E+00 3.883E-05
  2.886107E+00 4.512E-04
  2.886740E+00 7.167E-03
  2.887368E+00 5.354E-01
  2.887994E+00 1.966E-02
  2.888615E+00 1.015E-02
  2.889233E+00 7.748E-03
  2.889847E+00 6.814E-03
  2.890457E+00 6.398E-03
  2.891668E+00 6.156E-03
  2.894046E+00 6.388E-03
  2.920525E+00 1.186E-02
  2.929280E+00 1.438E-02
  2.935709E+00 1.718E-02
  2.940271E+00 2.025E-02
  2.943590E+00 2.367E-02
  2.945820E+00 2.723E-02
  2.947061E+00 3.053E-02
  2.947368E+00 3.186E-02
  2.947673E+00 3.390E-02
  2.947977E+00 3.829E-02
  2.948280E+00 7.771E-02
  2.948581E+00 1.958E-02
  2.948880E+00 2.692E-02
  2.949179E+00 2.967E-02
  2.950358E+00 3.555E-02
  2.952086E+00 4.429E-02
  2.953213E+00 5.237E-02
  2.954044E+00 6.062E-02
  2.954864E+00 7.193E-02
  2.955673E+00 8.828E-02
  2.956207E+00 1.038E-01
  2.956735E+00 1.255E-01
  2.956998E+00 1.398E-01
  2.957259E+00 1.574E-01
  2.957520E+00 1.794E-01
  2.957779E+00 2.077E-01
  2.958037E+00 2.449E-01
  2.958293E+00 2.954E-01
  2.958549E+00 3.669E-01
  2.958804E+00 4.734E-01
  2.959057E+00 6.436E-01
  2.959309E+00 9.430E-01
  2.959561E+00 1.553E+00
  2.959811E+00 3.147E+00
  2.960060E+00 1.017E+01
  2.960308E+00 2.373E+02
  2.960554E+00 1.747E+01
  2.960800E+00 3.536E+00
  2.961045E+00 1.408E+00
  2.961288E+00 7.284E-01
  2.961531E+00 4.330E-01
  2.961773E+00 2.806E-01
  2.962013E+00 1.930E-01
  2.962252E+00 1.386E-01
  2.962491E+00 1.029E-01
  2.962728E+00 7.846E-02
  2.962965E+00 6.124E-02
  2.963200E+00 4.879E-02
  2.963434E+00 3.965E-02
  2.963668E+00 3.287E-02
  2.963900E+00 2.785E-02
  2.964131E+00 2.419E-02
  2.964362E+00 2.167E-02
  2.964591E+00 2.020E-02
  2.964819E+00 1.984E-02
  2.965047E+00 2.096E-02
  2.965273E+00 2.462E-02
  2.965499E+00 3.411E-02
  2.965723E+00 6.324E-02
  2.965947E+00 2.358E-01
  2.966170E+00 1.486E+01
  2.966391E+00 1.258E-01
  2.966612E+00 3.412E-02
  2.966832E+00 1.627E-02
  2.967051E+00 1.011E-02
  2.967269E+00 7.365E-03
  2.967486E+00 5.963E-03
  2.967702E+00 5.194E-03
  2.967918E+00 4.765E-03
  2.968132E+00 4.536E-03
  2.968558E+00 4.417E-03
  2.969191E+00 4.668E-03
  2.970022E+00 5.365E-03
  2.971445E+00 7.008E-03
  2.973600E+00 1.010E-02
  2.975845E+00 1.405E-02
  2.977987E+00 1.878E-02
  2.980030E+00 2.472E-02
  2.981823E+00 3.170E-02
  2.983695E+00 4.156E-02
  2.985193E+00 5.007E-02
  2.985632E+00 5.022E-02
  2.985777E+00 4.911E-02
  2.985921E+00 4.671E-02
  2.986066E+00 4.186E-02
  2.986209E+00 3.168E-02
  2.986352E+00 8.535E-03
  2.986495E+00 1.991E+01
  2.986637E+00 2.332E-01
  2.986778E+00 1.491E-01
  2.986919E+00 1.282E-01
  2.987060E+00 1.201E-01
  2.987339E+00 1.160E-01
  2.987755E+00 1.200E-01
  2.988437E+00 1.369E-01
  2.989107E+00 1.630E-01
  2.989766E+00 1.999E-01
  2.990284E+00 2.401E-01
  2.990796E+00 2.941E-01
  2.991175E+00 3.474E-01
  2.991549E+00 4.164E-01
  2.991920E+00 5.076E-01
  2.992287E+00 6.313E-01
  2.992530E+00 7.397E-01
  2.992771E+00 8.774E-01
  2.993010E+00 1.056E+00
  2.993248E+00 1.292E+00
  2.993484E+00 1.613E+00
  2.993602E+00 1.819E+00
  2.993719E+00 2.064E+00
  2.993835E+00 2.361E+00
  2.993952E+00 2.723E+00
  2.994067E+00 3.171E+00
  2.994183E+00 3.735E+00
  2.994298E+00 4.456E+00
  2.994413E+00 5.397E+00
  2.994527E+00 6.654E+00
  2.994641E+00 8.384E+00
  2.994754E+00 1.085E+01
  2.994868E+00 1.453E+01
  2.994980E+00 2.033E+01
  2.995093E+00 3.024E+01
  2.995205E+00 4.915E+01
  2.995316E+00 9.208E+01
  2.995428E+00 2.251E+02
  2.995539E+00 1.100E+03
  2.995649E+00 1.773E+04
  2.995759E+00 6.015E+02
  2.995869E+00 1.824E+02
  2.995978E+00 8.894E+01
  2.996087E+00 5.362E+01
  2.996196E+00 3.654E+01
  2.996304E+00 2.701E+01
  2.996412E+00 2.118E+01
  2.996520E+00 1.739E+01
  2.996627E+00 1.485E+01
  2.996734E+00 1.312E+01
  2.996841E+00 1.198E+01
  2.996947E+00 1.131E+01
  2.997053E+00 1.105E+01
  2.997158E+00 1.126E+01
  2.997264E+00 1.207E+01
  2.997368E+00 1.387E+01
  2.997473E+00 1.771E+01
  2.997577E+00 2.709E+01
  2.997681E+00 6.144E+01
  2.997784E+00 7.067E+02
  2.997887E+00 1.282E+02
  2.997990E+00 1.425E+01
  2.998093E+00 3.712E+00
  2.998195E+00 1.235E+00
  2.998296E+00 4.399E-01
  2.998398E+00 1.490E-01
  2.998499E+00 4.065E-02
  2.998600E+00 5.300E-03
  2.998700E+00 4.142E-04
  2.998800E+00 7.999E-03
  2.998900E+00 2.007E-02
  2.999099E+00 4.523E-02
  2.999198E+00 5.609E-02
  2.999296E+00 6.542E-02
  2.999492E+00 7.965E-02
  2.999687E+00 8.898E-02
  2.999977E+00 9.641E-02
  3.000360E+00 9.883E-02
  3.001017E+00 9.390E-02
  3.003165E+00 6.692E-02
  3.005479E+00 4.530E-02
  3.005794E+00 4.066E-02
  3.006028E+00 3.530E-02
  3.006183E+00 2.979E-02
  3.006260E+00 2.600E-02
  3.006336E+00 2.112E-02
  3.006413E+00 1.476E-02
  3.006489E+00 6.675E-03
  3.006565E+00 3.198E-06
  3.006641E+00 5.757E-02
  3.006717E+00 2.229E+03
  3.006792E+00 5.099E-01
  3.006867E+00 2.301E-01
  3.006942E+00 1.611E-01
  3.007017E+00 1.313E-01
  3.007092E+00 1.151E-01
  3.007166E+00 1.050E-01
  3.007240E+00 9.822E-02
  3.007388E+00 8.991E-02
  3.007607E+00 8.376E-02
  3.007969E+00 8.055E-02
  3.008467E+00 8.281E-02
  3.008955E+00 9.065E-02
  3.009366E+00 1.026E-01
  3.009703E+00 1.179E-01
  3.009969E+00 1.356E-01
  3.010232E+00 1.609E-01
  3.010428E+00 1.875E-01
  3.010622E+00 2.246E-01
  3.010814E+00 2.782E-01
  3.010941E+00 3.285E-01
  3.011068E+00 3.971E-01
  3.011131E+00 4.413E-01
  3.011193E+00 4.944E-01
  3.011256E+00 5.591E-01
  3.011319E+00 6.391E-01
  3.011381E+00 7.397E-01
  3.011443E+00 8.686E-01
  3.011505E+00 1.038E+00
  3.011567E+00 1.266E+00
  3.011628E+00 1.584E+00
  3.011690E+00 2.048E+00
  3.011751E+00 2.763E+00
  3.011812E+00 3.949E+00
  3.011873E+00 6.135E+00
  3.011934E+00 1.088E+01
  3.011995E+00 2.455E+01
  3.012055E+00 9.991E+01
  3.012115E+00 5.141E+03
  3.012176E+00 8.660E+01
  3.012236E+00 2.268E+01
  3.012295E+00 1.025E+01
  3.012355E+00 5.835E+00
  3.012414E+00 3.782E+00
  3.012474E+00 2.667E+00
  3.012533E+00 1.997E+00
  3.012592E+00 1.566E+00
  3.012651E+00 1.276E+00
  3.012709E+00 1.074E+00
  3.012768E+00 9.323E-01
  3.012826E+00 8.338E-01
  3.012885E+00 7.696E-01
  3.012943E+00 7.363E-01
  3.013000E+00 7.360E-01
  3.013058E+00 7.802E-01
  3.013116E+00 9.021E-01
  3.013173E+00 1.206E+00
  3.013230E+00 2.176E+00
  3.013288E+00 1.023E+01
  3.013345E+00 1.451E+01
  3.013401E+00 7.203E-01
  3.013458E+00 1.346E-01
  3.013515E+00 3.163E-02
  3.013571E+00 6.588E-03
  3.013627E+00 6.223E-04
  3.013683E+00 1.045E-04
  3.013739E+00 1.103E-03
  3.013795E+00 2.362E-03
  3.013850E+00 3.482E-03
  3.013906E+00 4.361E-03
  3.013961E+00 4.997E-03
  3.014016E+00 5.422E-03
  3.014071E+00 5.675E-03
  3.014181E+00 5.808E-03
  3.014344E+00 5.458E-03
  3.014932E+00 3.038E-03
  3.015194E+00 2.155E-03
  3.015401E+00 1.598E-03
  3.015606E+00 1.158E-03
  3.015758E+00 8.939E-04
  3.015909E+00 6.769E-04
  3.016059E+00 5.009E-04
  3.016208E+00 3.601E-04
  3.016307E+00 2.831E-04
  3.016405E+00 2.182E-04
  3.016502E+00 1.642E-04
  3.016599E+00 1.199E-04
  3.016647E+00 1.011E-04
  3.016744E+00 6.947E-05
  3.016792E+00 5.646E-05
  3.016840E+00 4.516E-05
  3.016887E+00 3.546E-05
  3.016935E+00 2.725E-05
  3.016982E+00 2.040E-05
  3.017030E+00 1.480E-05
  3.017077E+00 1.034E-05
  3.017124E+00 6.888E-06
  3.017171E+00 4.322E-06
  3.017218E+00 2.509E-06
  3.017265E+00 1.315E-06
  3.017312E+00 6.014E-07
  3.017358E+00 2.311E-07
  3.017405E+00 7.613E-08
  3.017451E+00 3.173E-08
  3.017497E+00 4.399E-08
  3.017543E+00 1.602E-07
  3.017589E+00 6.228E-07
  3.017635E+00 2.048E-06
  3.017681E+00 5.776E-06
  3.017726E+00 1.458E-05
  3.017772E+00 3.417E-05
  3.017817E+00 7.669E-05
  3.017863E+00 1.693E-04
  3.017908E+00 3.782E-04
  3.017953E+00 8.878E-04
  3.017998E+00 2.328E-03
  3.018043E+00 7.808E-03
  3.018087E+00 5.362E-02
  3.018132E+00 1.106E+00
  3.018176E+00 4.074E-02
  3.018221E+00 1.557E-02
  3.018265E+00 9.311E-03
  3.018309E+00 6.756E-03
  3.018353E+00 5.448E-03
  3.018397E+00 4.692E-03
  3.018441E+00 4.222E-03
  3.018485E+00 3.919E-03
  3.018572E+00 3.594E-03
  3.018702E+00 3.472E-03
  3.018874E+00 3.643E-03
  3.019086E+00 4.176E-03
  3.019296E+00 5.009E-03
  3.019504E+00 6.188E-03
  3.019709E+00 7.835E-03
  3.019871E+00 9.631E-03
  3.020031E+00 1.205E-02
  3.020151E+00 1.445E-02
  3.020269E+00 1.756E-02
  3.020387E+00 2.171E-02
  3.020504E+00 2.736E-02
  3.020582E+00 3.236E-02
  3.020659E+00 3.875E-02
  3.020735E+00 4.712E-02
  3.020812E+00 5.835E-02
  3.020850E+00 6.545E-02
  3.020888E+00 7.386E-02
  3.020926E+00 8.393E-02
  3.020964E+00 9.611E-02
  3.021001E+00 1.110E-01
  3.021039E+00 1.296E-01
  3.021076E+00 1.529E-01
  3.021114E+00 1.830E-01
  3.021151E+00 2.224E-01
  3.021189E+00 2.756E-01
  3.021226E+00 3.496E-01
  3.021263E+00 4.568E-01
  3.021300E+00 6.197E-01
  3.021337E+00 8.846E-01
  3.021374E+00 1.356E+00
  3.021410E+00 2.317E+00
  3.021447E+00 4.766E+00
  3.021484E+00 1.449E+01
  3.021520E+00 1.859E+02
  3.021557E+00 6.708E+01
  3.021593E+00 1.075E+01
  3.021629E+00 4.263E+00
  3.021665E+00 2.306E+00
  3.021702E+00 1.463E+00
  3.021738E+00 1.024E+00
  3.021774E+00 7.671E-01
  3.021809E+00 6.046E-01
  3.021845E+00 4.961E-01
  3.021881E+00 4.213E-01
  3.021916E+00 3.688E-01
  3.021952E+00 3.325E-01
  3.021987E+00 3.086E-01
  3.022023E+00 2.959E-01
  3.022058E+00 2.946E-01
  3.022093E+00 3.077E-01
  3.022128E+00 3.434E-01
  3.022163E+00 4.250E-01
  3.022198E+00 6.330E-01
  3.022233E+00 1.449E+00
  3.022268E+00 2.962E+01
  3.022303E+00 1.456E+00
  3.022337E+00 1.658E-01
  3.022372E+00 3.544E-02
  3.022406E+00 8.002E-03
  3.022441E+00 1.231E-03
  3.022475E+00 3.334E-06
  3.022509E+00 3.946E-04
  3.022544E+00 1.197E-03
  3.022578E+00 2.015E-03
  3.022612E+00 2.721E-03
  3.022646E+00 3.290E-03
  3.022679E+00 3.727E-03
  3.022713E+00 4.051E-03
  3.022781E+00 4.433E-03
  3.022848E+00 4.566E-03
  3.022948E+00 4.494E-03
  3.023146E+00 3.940E-03
  3.023534E+00 2.670E-03
  3.023787E+00 2.008E-03
  3.024036E+00 1.499E-03
  3.024250E+00 1.161E-03
  3.024431E+00 9.428E-04
  3.024580E+00 8.129E-04
  3.024698E+00 7.531E-04
  3.024786E+00 7.491E-04
  3.024844E+00 7.802E-04
  3.024873E+00 8.122E-04
  3.024902E+00 8.608E-04
  3.024931E+00 9.332E-04
  3.024960E+00 1.042E-03
  3.024989E+00 1.208E-03
  3.025017E+00 1.474E-03
  3.025046E+00 1.934E-03
  3.025075E+00 2.824E-03
  3.025103E+00 4.926E-03
  3.025132E+00 1.223E-02
  3.025160E+00 9.517E-02
  3.025188E+00 1.067E-01
  3.025217E+00 1.057E-02
  3.025245E+00 3.642E-03
  3.025273E+00 1.829E-03
  3.025301E+00 1.117E-03
  3.025329E+00 7.718E-04
  3.025357E+00 5.831E-04
  3.025385E+00 4.717E-04
  3.025413E+00 4.029E-04
  3.025441E+00 3.596E-04
  3.025469E+00 3.328E-04
  3.025496E+00 3.172E-04
  3.025524E+00 3.099E-04
  3.025579E+00 3.130E-04
  3.025634E+00 3.338E-04
  3.025689E+00 3.688E-04
  3.025770E+00 4.460E-04
  3.025852E+00 5.539E-04
  3.025932E+00 6.968E-04
  3.026012E+00 8.813E-04
  3.026092E+00 1.117E-03
  3.026171E+00 1.418E-03
  3.026249E+00 1.802E-03
  3.026328E+00 2.293E-03
  3.026405E+00 2.929E-03
  3.026482E+00 3.759E-03
  3.026534E+00 4.457E-03
  3.026610E+00 5.797E-03
  3.026661E+00 6.952E-03
  3.026711E+00 8.390E-03
  3.026761E+00 1.020E-02
  3.026811E+00 1.252E-02
  3.026861E+00 1.554E-02
  3.026911E+00 1.955E-02
  3.026960E+00 2.500E-02
  3.026985E+00 2.847E-02
  3.027009E+00 3.262E-02
  3.027034E+00 3.761E-02
  3.027058E+00 4.367E-02
  3.027083E+00 5.114E-02
  3.027107E+00 6.044E-02
  3.027132E+00 7.222E-02
  3.027156E+00 8.740E-02
  3.027180E+00 1.074E-01
  3.027204E+00 1.343E-01
  3.027228E+00 1.718E-01
  3.027252E+00 2.258E-01
  3.027277E+00 3.073E-01
  3.027301E+00 4.384E-01
  3.027324E+00 6.672E-01
  3.027348E+00 1.118E+00
  3.027372E+00 2.198E+00
  3.027396E+00 5.910E+00
  3.027420E+00 4.029E+01
  3.027444E+00 1.025E+02
  3.027467E+00 8.944E+00
  3.027491E+00 3.140E+00
  3.027514E+00 1.622E+00
  3.027538E+00 1.007E+00
  3.027561E+00 6.982E-01
  3.027585E+00 5.209E-01
  3.027608E+00 4.103E-01
  3.027632E+00 3.370E-01
  3.027655E+00 2.868E-01
  3.027678E+00 2.516E-01
  3.027701E+00 2.272E-01
  3.027724E+00 2.111E-01
  3.027748E+00 2.021E-01
  3.027771E+00 2.003E-01
  3.027794E+00 2.070E-01
  3.027817E+00 2.264E-01
  3.027840E+00 2.692E-01
  3.027862E+00 3.680E-01
  3.027885E+00 6.680E-01
  3.027908E+00 2.912E+00
  3.027931E+00 6.683E+00
  3.027953E+00 2.762E-01
  3.027976E+00 5.056E-02
  3.027999E+00 1.164E-02
  3.028021E+00 2.258E-03
  3.028044E+00 1.378E-04
  3.028066E+00 1.265E-04
  3.028089E+00 7.183E-04
  3.028111E+00 1.421E-03
  3.028133E+00 2.070E-03
  3.028156E+00 2.619E-03
  3.028178E+00 3.063E-03
  3.028200E+00 3.410E-03
  3.028222E+00 3.675E-03
  3.028267E+00 4.012E-03
  3.028333E+00 4.194E-03
  3.028420E+00 4.112E-03
  3.028636E+00 3.414E-03
  3.028930E+00 2.438E-03
  3.029136E+00 1.912E-03
  3.029318E+00 1.565E-03
  3.029458E+00 1.397E-03
  3.029536E+00 1.373E-03
  3.029595E+00 1.428E-03
  3.029634E+00 1.536E-03
  3.029653E+00 1.630E-03
  3.029673E+00 1.767E-03
  3.029692E+00 1.975E-03
  3.029712E+00 2.303E-03
  3.029731E+00 2.863E-03
  3.029750E+00 3.945E-03
  3.029769E+00 6.557E-03
  3.029788E+00 1.675E-02
  3.029808E+00 3.418E-01
  3.029827E+00 2.626E-02
  3.029846E+00 3.635E-03
  3.029865E+00 1.075E-03
  3.029884E+00 4.113E-04
  3.029903E+00 1.774E-04
  3.029922E+00 8.136E-05
  3.029941E+00 3.848E-05
  3.029959E+00 1.850E-05
  3.029978E+00 9.012E-06
  3.029997E+00 4.514E-06
  3.030016E+00 2.416E-06
  3.030035E+00 1.478E-06
  3.030053E+00 1.119E-06
  3.030072E+00 1.089E-06
  3.030090E+00 1.317E-06
  3.030109E+00 1.821E-06
  3.030128E+00 2.675E-06
  3.030146E+00 3.976E-06
  3.030165E+00 5.841E-06
  3.030183E+00 8.394E-06
  3.030201E+00 1.177E-05
  3.030220E+00 1.609E-05
  3.030238E+00 2.151E-05
  3.030257E+00 2.817E-05
  3.030275E+00 3.622E-05
  3.030293E+00 4.583E-05
  3.030311E+00 5.716E-05
  3.030348E+00 8.572E-05
  3.030366E+00 1.033E-04
  3.030384E+00 1.235E-04
  3.030402E+00 1.464E-04
  3.030438E+00 2.016E-04
  3.030474E+00 2.714E-04
  3.030492E+00 3.127E-04
  3.030527E+00 4.101E-04
  3.030563E+00 5.307E-04
  3.030598E+00 6.796E-04
  3.030633E+00 8.629E-04
  3.030669E+00 1.089E-03
  3.030704E+00 1.367E-03
  3.030738E+00 1.712E-03
  3.030773E+00 2.140E-03
  3.030808E+00 2.675E-03
  3.030842E+00 3.348E-03
  3.030860E+00 3.749E-03
  3.030894E+00 4.716E-03
  3.030928E+00 5.965E-03
  3.030962E+00 7.601E-03
  3.030996E+00 9.781E-03
  3.031013E+00 1.115E-02
  3.031030E+00 1.275E-02
  3.031047E+00 1.463E-02
  3.031064E+00 1.688E-02
  3.031081E+00 1.957E-02
  3.031097E+00 2.282E-02
  3.031114E+00 2.679E-02
  3.031131E+00 3.170E-02
  3.031148E+00 3.783E-02
  3.031164E+00 4.562E-02
  3.031181E+00 5.568E-02
  3.031198E+00 6.893E-02
  3.031214E+00 8.681E-02
  3.031231E+00 1.116E-01
  3.031247E+00 1.473E-01
  3.031264E+00 2.010E-01
  3.031280E+00 2.866E-01
  3.031297E+00 4.339E-01
  3.031313E+00 7.180E-01
  3.031329E+00 1.370E+00
  3.031346E+00 3.423E+00
  3.031362E+00 1.741E+01
  3.031378E+00 2.349E+02
  3.031395E+00 8.935E+00
  3.031411E+00 2.777E+00
  3.031427E+00 1.373E+00
  3.031443E+00 8.353E-01
  3.031459E+00 5.730E-01
  3.031475E+00 4.253E-01
  3.031492E+00 3.341E-01
  3.031508E+00 2.742E-01
  3.031524E+00 2.332E-01
  3.031540E+00 2.046E-01
  3.031556E+00 1.848E-01
  3.031572E+00 1.715E-01
  3.031587E+00 1.639E-01
  3.031603E+00 1.618E-01
  3.031619E+00 1.659E-01
  3.031635E+00 1.790E-01
  3.031651E+00 2.076E-01
  3.031667E+00 2.702E-01
  3.031682E+00 4.371E-01
  3.031698E+00 1.232E+00
  3.031714E+00 3.394E+02
  3.031730E+00 4.919E-01
  3.031745E+00 7.242E-02
  3.031761E+00 1.627E-02
  3.031776E+00 3.502E-03
  3.031792E+00 3.994E-04
  3.031807E+00 2.264E-05
  3.031823E+00 4.560E-04
  3.031838E+00 1.085E-03
  3.031854E+00 1.703E-03
  3.031869E+00 2.244E-03
  3.031885E+00 2.692E-03
  3.031900E+00 3.053E-03
  3.031931E+00 3.557E-03
  3.031961E+00 3.845E-03
  3.032007E+00 4.018E-03
  3.032083E+00 3.947E-03
  3.032291E+00 3.145E-03
  3.032508E+00 2.351E-03
  3.032664E+00 1.934E-03
  3.032762E+00 1.772E-03
  3.032832E+00 1.757E-03
  3.032873E+00 1.844E-03
  3.032900E+00 1.995E-03
  3.032914E+00 2.123E-03
  3.032927E+00 2.314E-03
  3.032941E+00 2.608E-03
  3.032955E+00 3.091E-03
  3.032968E+00 3.977E-03
  3.032982E+00 5.934E-03
  3.032995E+00 1.228E-02
  3.033009E+00 8.498E-02
  3.033022E+00 4.348E-02
  3.033036E+00 3.225E-03
  3.033049E+00 6.425E-04
  3.033063E+00 1.451E-04
  3.033076E+00 2.382E-05
  3.033089E+00 2.812E-07
  3.033103E+00 5.269E-06
  3.033129E+00 3.031E-05
  3.033142E+00 4.091E-05
  3.033156E+00 4.883E-05
  3.033169E+00 5.411E-05
  3.033182E+00 5.702E-05
  3.033195E+00 5.790E-05
  3.033209E+00 5.709E-05
  3.033235E+00 5.162E-05
  3.033261E+00 4.278E-05
  3.033326E+00 1.657E-05
  3.033339E+00 1.195E-05
  3.033352E+00 7.878E-06
  3.033365E+00 4.503E-06
  3.033378E+00 1.968E-06
  3.033391E+00 4.220E-07
  3.033403E+00 1.902E-08
  3.033416E+00 9.216E-07
  3.033429E+00 3.302E-06
  3.033442E+00 7.344E-06
  3.033455E+00 1.325E-05
  3.033467E+00 2.122E-05
  3.033480E+00 3.151E-05
  3.033493E+00 4.436E-05
  3.033505E+00 6.006E-05
  3.033518E+00 7.893E-05
  3.033531E+00 1.013E-04
  3.033556E+00 1.581E-04
  3.033569E+00 1.935E-04
  3.033594E+00 2.809E-04
  3.033619E+00 3.950E-04
  3.033644E+00 5.423E-04
  3.033668E+00 7.316E-04
  3.033681E+00 8.453E-04
  3.033706E+00 1.120E-03
  3.033730E+00 1.472E-03
  3.033743E+00 1.684E-03
  3.033767E+00 2.200E-03
  3.033792E+00 2.870E-03
  3.033816E+00 3.751E-03
  3.033840E+00 4.922E-03
  3.033852E+00 5.651E-03
  3.033877E+00 7.500E-03
  3.033889E+00 8.676E-03
  3.033901E+00 1.007E-02
  3.033913E+00 1.174E-02
  3.033925E+00 1.374E-02
  3.033937E+00 1.617E-02
  3.033949E+00 1.916E-02
  3.033961E+00 2.285E-02
  3.033973E+00 2.748E-02
  3.033984E+00 3.338E-02
  3.033996E+00 4.100E-02
  3.034008E+00 5.106E-02
  3.034020E+00 6.463E-02
  3.034032E+00 8.346E-02
  3.034044E+00 1.105E-01
  3.034056E+00 1.510E-01
  3.034067E+00 2.150E-01
  3.034079E+00 3.243E-01
  3.034091E+00 5.314E-01
  3.034103E+00 9.930E-01
  3.034114E+00 2.360E+00
  3.034126E+00 1.011E+01
  3.034138E+00 5.734E+02
  3.034149E+00 9.681E+00
  3.034161E+00 2.661E+00
  3.034172E+00 1.262E+00
  3.034184E+00 7.531E-01
  3.034196E+00 5.114E-01
  3.034207E+00 3.774E-01
  3.034219E+00 2.955E-01
  3.034230E+00 2.421E-01
  3.034242E+00 2.057E-01
  3.034253E+00 1.804E-01
  3.034265E+00 1.627E-01
  3.034276E+00 1.509E-01
  3.034288E+00 1.439E-01
  3.034299E+00 1.415E-01
  3.034310E+00 1.443E-01
  3.034322E+00 1.542E-01
  3.034333E+00 1.758E-01
  3.034344E+00 2.217E-01
  3.034356E+00 3.350E-01
  3.034367E+00 7.670E-01
  3.034378E+00 1.308E+01
  3.034390E+00 9.072E-01
  3.034401E+00 1.007E-01
  3.034412E+00 2.157E-02
  3.034423E+00 4.869E-03
  3.034435E+00 7.279E-04
  3.034446E+00 1.865E-07
  3.034457E+00 2.960E-04
  3.034468E+00 8.681E-04
  3.034479E+00 1.464E-03
  3.034490E+00 1.999E-03
  3.034501E+00 2.452E-03
  3.034524E+00 3.120E-03
  3.034546E+00 3.537E-03
  3.034579E+00 3.849E-03
  3.034622E+00 3.936E-03
  3.034698E+00 3.712E-03
  3.034952E+00 2.528E-03
  3.035076E+00 2.116E-03
  3.035147E+00 1.989E-03
  3.035187E+00 2.003E-03
  3.035216E+00 2.106E-03
  3.038576E+00 1.335E+00
  3.041906E+00 1.112E+00
  3.045206E+00 9.568E-01
  3.045216E+00 1.008E+00
  3.049334E+00 8.362E-01
  3.053406E+00 7.057E-01
  3.057433E+00 6.044E-01
  3.061416E+00 5.243E-01
  3.065355E+00 4.600E-01
  3.069252E+00 4.076E-01
  3.076918E+00 3.284E-01
  3.084419E+00 2.724E-01
  3.091760E+00 2.314E-01
  3.102482E+00 1.879E-01
  3.112869E+00 1.579E-01
  3.126220E+00 1.305E-01
  3.142152E+00 1.076E-01
  3.160233E+00 8.946E-02
  3.182725E+00 7.379E-02
  3.208497E+00 6.156E-02
  3.238586E+00 5.208E-02
  3.269193E+00 4.630E-02
  3.289238E+00 4.523E-02
  3.302696E+00 4.728E-02
  3.310669E+00 5.110E-02
  3.316819E+00 5.710E-02
  3.321304E+00 6.492E-02
  3.324236E+00 7.298E-02
  3.327121E+00 8.492E-02
  3.328547E+00 9.313E-02
  3.329962E+00 1.035E-01
  3.331366E+00 1.169E-01
  3.332759E+00 1.345E-01
  3.334141E+00 1.582E-01
  3.335512E+00 1.909E-01
  3.336873E+00 2.378E-01
  3.338223E+00 3.072E-01
  3.339563E+00 4.138E-01
  3.340893E+00 5.812E-01
  3.342213E+00 8.364E-01
  3.343523E+00 1.154E+00
  3.344823E+00 1.328E+00
  3.346112E+00 1.153E+00
  3.347393E+00 8.248E-01
  3.348663E+00 5.605E-01
  3.349924E+00 3.893E-01
  3.351176E+00 2.820E-01
  3.352418E+00 2.132E-01
  3.353651E+00 1.674E-01
  3.354875E+00 1.358E-01
  3.356090E+00 1.133E-01
  3.357296E+00 9.666E-02
  3.358493E+00 8.413E-02
  3.359681E+00 7.447E-02
  3.360860E+00 6.687E-02
  3.363193E+00 5.584E-02
  3.365492E+00 4.838E-02
  3.368879E+00 4.103E-02
  3.373282E+00 3.508E-02
  3.378611E+00 3.070E-02
  3.386757E+00 2.684E-02
  3.399069E+00 2.370E-02
  3.425206E+00 1.992E-02
  3.428828E+00 1.859E-02
  3.430947E+00 1.693E-02
  3.432338E+00 1.572E-02
  3.433027E+00 1.645E-02
  3.433712E+00 1.977E-02
  3.434392E+00 2.425E-02
  3.435069E+00 2.672E-02
  3.435741E+00 2.730E-02
  3.440336E+00 2.563E-02
  3.445967E+00 2.584E-02
  3.451882E+00 2.785E-02
  3.456921E+00 3.129E-02
  3.461188E+00 3.625E-02
  3.464768E+00 4.295E-02
  3.467728E+00 5.148E-02
  3.470122E+00 6.168E-02
  3.471990E+00 7.292E-02
  3.473819E+00 8.826E-02
  3.475165E+00 1.037E-01
  3.476490E+00 1.240E-01
  3.477794E+00 1.513E-01
  3.479078E+00 1.891E-01
  3.479922E+00 2.230E-01
  3.480758E+00 2.669E-01
  3.481586E+00 3.249E-01
  3.482404E+00 4.038E-01
  3.482810E+00 4.541E-01
  3.483214E+00 5.142E-01
  3.483616E+00 5.865E-01
  3.484016E+00 6.745E-01
  3.484414E+00 7.828E-01
  3.484810E+00 9.177E-01
  3.485204E+00 1.088E+00
  3.485596E+00 1.307E+00
  3.485986E+00 1.591E+00
  3.486374E+00 1.968E+00
  3.486760E+00 2.475E+00
  3.487144E+00 3.173E+00
  3.487526E+00 4.172E+00
  3.487906E+00 5.848E+00
  3.488284E+00 1.526E+01
  3.488660E+00 5.361E+00
  3.489035E+00 5.748E+00
  3.489407E+00 5.663E+00
  3.489778E+00 5.041E+00
  3.490514E+00 3.433E+00
  3.490879E+00 2.772E+00
  3.491242E+00 2.248E+00
  3.491604E+00 1.840E+00
  3.491964E+00 1.524E+00
  3.492322E+00 1.278E+00
  3.492678E+00 1.084E+00
  3.493033E+00 9.297E-01
  3.493385E+00 8.052E-01
  3.493736E+00 7.037E-01
  3.494086E+00 6.200E-01
  3.494779E+00 4.917E-01
  3.495466E+00 3.996E-01
  3.496146E+00 3.313E-01
  3.496820E+00 2.794E-01
  3.497818E+00 2.220E-01
  3.498802E+00 1.810E-01
  3.499772E+00 1.506E-01
  3.501043E+00 1.209E-01
  3.502291E+00 9.927E-02
  3.503818E+00 7.961E-02
  3.505605E+00 6.282E-02
  3.507627E+00 4.901E-02
  3.509860E+00 3.786E-02
  3.512014E+00 2.979E-02
  3.514347E+00 2.309E-02
  3.516589E+00 1.818E-02
  3.518744E+00 1.469E-02
  3.520592E+00 1.272E-02
  3.522158E+00 1.196E-02
  3.523464E+00 1.215E-02
  3.524528E+00 1.306E-02
  3.525569E+00 1.479E-02
  3.526590E+00 1.748E-02
  3.526792E+00 1.830E-02
  3.527984E+00 2.633E-02
  3.528180E+00 2.830E-02
  3.528375E+00 3.095E-02
  3.528570E+00 3.488E-02
  3.528763E+00 4.167E-02
  3.528956E+00 5.630E-02
  3.529148E+00 1.014E-01
  3.529340E+00 3.992E-01
  3.529530E+00 5.004E+00
  3.529720E+00 3.152E-01
  3.529909E+00 1.369E-01
  3.530097E+00 9.655E-02
  3.530285E+00 8.228E-02
  3.530471E+00 7.662E-02
  3.530657E+00 7.477E-02
  3.531027E+00 7.643E-02
  3.531577E+00 8.544E-02
  3.532119E+00 9.935E-02
  3.532656E+00 1.178E-01
  3.533186E+00 1.412E-01
  3.533710E+00 1.710E-01
  3.534228E+00 2.087E-01
  3.534740E+00 2.567E-01
  3.535246E+00 3.185E-01
  3.535746E+00 3.990E-01
  3.536241E+00 5.054E-01
  3.536730E+00 6.485E-01
  3.537053E+00 7.722E-01
  3.537373E+00 9.267E-01
  3.537691E+00 1.122E+00
  3.538007E+00 1.374E+00
  3.538320E+00 1.702E+00
  3.538631E+00 2.141E+00
  3.538786E+00 2.417E+00
  3.538940E+00 2.741E+00
  3.539093E+00 3.127E+00
  3.539246E+00 3.589E+00
  3.539399E+00 4.148E+00
  3.539550E+00 4.832E+00
  3.539702E+00 5.682E+00
  3.539852E+00 6.752E+00
  3.540002E+00 8.126E+00
  3.540152E+00 9.929E+00
  3.540301E+00 1.236E+01
  3.540449E+00 1.574E+01
  3.540597E+00 2.067E+01
  3.540744E+00 2.824E+01
  3.540891E+00 4.077E+01
  3.541037E+00 6.329E+01
  3.541328E+00 1.464E+02
  3.541617E+00 2.638E+01
  3.541761E+00 8.499E+00
  3.541904E+00 6.409E+00
  3.542046E+00 9.519E+00
  3.542188E+00 1.380E+01
  3.542330E+00 1.721E+01
  3.542471E+00 1.893E+01
  3.542612E+00 1.906E+01
  3.542752E+00 1.814E+01
  3.543307E+00 1.218E+01
  3.543581E+00 9.850E+00
  3.543854E+00 8.097E+00
  3.544124E+00 6.781E+00
  3.544393E+00 5.781E+00
  3.544792E+00 4.686E+00
  3.545188E+00 3.912E+00
  3.545708E+00 3.189E+00
  3.546348E+00 2.579E+00
  3.547226E+00 1.991E+00
  3.547596E+00 1.767E+00
  3.547719E+00 1.720E+00
  3.547841E+00 1.862E+00
  3.547962E+00 5.164E+00
  3.548083E+00 3.285E+01
  3.548204E+00 4.783E+00
  3.548324E+00 3.134E+00
  3.548444E+00 2.621E+00
  3.548564E+00 2.374E+00
  3.548683E+00 2.226E+00
  3.548920E+00 2.054E+00
  3.549389E+00 1.890E+00
  3.550081E+00 1.804E+00
  3.550870E+00 1.836E+00
  3.551532E+00 1.985E+00
  3.551966E+00 2.181E+00
  3.552288E+00 2.412E+00
  3.552607E+00 2.764E+00
  3.552818E+00 3.106E+00
  3.553027E+00 3.588E+00
  3.553235E+00 4.298E+00
  3.553338E+00 4.786E+00
  3.553442E+00 5.407E+00
  3.553544E+00 6.213E+00
  3.553647E+00 7.288E+00
  3.553749E+00 8.769E+00
  3.553851E+00 1.089E+01
  3.553952E+00 1.410E+01
  3.554053E+00 1.928E+01
  3.554154E+00 2.844E+01
  3.554255E+00 4.693E+01
  3.554355E+00 9.210E+01
  3.554455E+00 2.319E+02
  3.554554E+00 4.714E+02
  3.554653E+00 2.155E+02
  3.554752E+00 8.273E+01
  3.554851E+00 4.080E+01
  3.554949E+00 2.395E+01
  3.555047E+00 1.576E+01
  3.555145E+00 1.122E+01
  3.555242E+00 8.484E+00
  3.555339E+00 6.715E+00
  3.555436E+00 5.517E+00
  3.555532E+00 4.677E+00
  3.555628E+00 4.071E+00
  3.555724E+00 3.628E+00
  3.555819E+00 3.300E+00
  3.555914E+00 3.058E+00
  3.556104E+00 2.764E+00
  3.556292E+00 2.662E+00
  3.556479E+00 2.742E+00
  3.556572E+00 2.866E+00
  3.556665E+00 3.070E+00
  3.556757E+00 3.389E+00
  3.556850E+00 3.892E+00
  3.556941E+00 4.713E+00
  3.557033E+00 6.143E+00
  3.557124E+00 8.880E+00
  3.557215E+00 1.477E+01
  3.557306E+00 2.762E+01
  3.557397E+00 3.801E+01
  3.557487E+00 2.317E+01
  3.557577E+00 1.165E+01
  3.557666E+00 6.803E+00
  3.557756E+00 4.622E+00
  3.557845E+00 3.514E+00
  3.557934E+00 2.897E+00
  3.558022E+00 2.528E+00
  3.558110E+00 2.298E+00
  3.558198E+00 2.152E+00
  3.558374E+00 2.001E+00
  3.558634E+00 1.957E+00
  3.558978E+00 2.060E+00
  3.559402E+00 2.350E+00
  3.559737E+00 2.710E+00
  3.560067E+00 3.221E+00
  3.560394E+00 3.953E+00
  3.560636E+00 4.726E+00
  3.560876E+00 5.797E+00
  3.561035E+00 6.758E+00
  3.561193E+00 8.009E+00
  3.561350E+00 9.677E+00
  3.561506E+00 1.197E+01
  3.561584E+00 1.345E+01
  3.561661E+00 1.524E+01
  3.561738E+00 1.741E+01
  3.561815E+00 2.010E+01
  3.561892E+00 2.347E+01
  3.561969E+00 2.776E+01
  3.562045E+00 3.331E+01
  3.562121E+00 4.062E+01
  3.562197E+00 5.045E+01
  3.562273E+00 6.388E+01
  3.562348E+00 8.246E+01
  3.562423E+00 1.081E+02
  3.562498E+00 1.419E+02
  3.562573E+00 1.812E+02
  3.562647E+00 2.140E+02
  3.562722E+00 2.216E+02
  3.562796E+00 1.984E+02
  3.562943E+00 1.232E+02
  3.563017E+00 9.400E+01
  3.563090E+00 7.258E+01
  3.563163E+00 5.706E+01
  3.563236E+00 4.560E+01
  3.563309E+00 3.666E+01
  3.563453E+00 2.034E+01
  3.563525E+00 1.132E+01
  3.563597E+00 5.354E+00
  3.563669E+00 3.852E+00
  3.563740E+00 4.038E+00
  3.563811E+00 4.318E+00
  3.563882E+00 4.397E+00
  3.563953E+00 4.311E+00
  3.564164E+00 3.659E+00
  3.564442E+00 2.756E+00
  3.564649E+00 2.234E+00
  3.564854E+00 1.836E+00
  3.565058E+00 1.541E+00
  3.565259E+00 1.348E+00
  3.565326E+00 1.318E+00
  3.565393E+00 1.326E+00
  3.565459E+00 1.427E+00
  3.565525E+00 1.886E+00
  3.565592E+00 6.498E+00
  3.565657E+00 1.156E+01
  3.565723E+00 1.569E+00
  3.565789E+00 9.996E-01
  3.565854E+00 8.377E-01
  3.565919E+00 7.575E-01
  3.566049E+00 6.633E-01
  3.566306E+00 5.457E-01
  3.566624E+00 4.440E-01
  3.566999E+00 3.578E-01
  3.567369E+00 2.978E-01
  3.567732E+00 2.574E-01
  3.568089E+00 2.342E-01
  3.568383E+00 2.299E-01
  3.568615E+00 2.415E-01
  3.568787E+00 2.668E-01
  3.568901E+00 2.986E-01
  3.568958E+00 3.224E-01
  3.569015E+00 3.541E-01
  3.569071E+00 3.977E-01
  3.569128E+00 4.597E-01
  3.569184E+00 5.519E-01
  3.569240E+00 6.984E-01
  3.569296E+00 9.532E-01
  3.569352E+00 1.460E+00
  3.569407E+00 2.685E+00
  3.569463E+00 6.174E+00
  3.569518E+00 7.792E+00
  3.569573E+00 2.617E+00
  3.569628E+00 9.227E-01
  3.569683E+00 4.066E-01
  3.569738E+00 2.076E-01
  3.569792E+00 1.171E-01
  3.569847E+00 7.110E-02
  3.569901E+00 4.603E-02
  3.569955E+00 3.170E-02
  3.570009E+00 2.326E-02
  3.570063E+00 1.826E-02
  3.570117E+00 1.532E-02
  3.570171E+00 1.367E-02
  3.570224E+00 1.285E-02
  3.570277E+00 1.258E-02
  3.570331E+00 1.268E-02
  3.570436E+00 1.359E-02
  3.570542E+00 1.517E-02
  3.570647E+00 1.738E-02
  3.570751E+00 2.065E-02
  3.570803E+00 2.305E-02
  3.570855E+00 2.646E-02
  3.570906E+00 3.180E-02
  3.570958E+00 4.118E-02
  3.571009E+00 6.003E-02
  3.571061E+00 1.003E-01
  3.571112E+00 1.496E-01
  3.571163E+00 1.197E-01
  3.571214E+00 7.440E-02
  3.571264E+00 5.279E-02
  3.571315E+00 4.320E-02
  3.571366E+00 3.878E-02
  3.571416E+00 3.680E-02
  3.571466E+00 3.612E-02
  3.571566E+00 3.681E-02
  3.571715E+00 4.050E-02
  3.571912E+00 4.853E-02
  3.572108E+00 6.005E-02
  3.572301E+00 7.607E-02
  3.572444E+00 9.214E-02
  3.572587E+00 1.131E-01
  3.572728E+00 1.407E-01
  3.572869E+00 1.779E-01
  3.573008E+00 2.294E-01
  3.573100E+00 2.751E-01
  3.573192E+00 3.337E-01
  3.573283E+00 4.105E-01
  3.573374E+00 5.130E-01
  3.573420E+00 5.775E-01
  3.573465E+00 6.535E-01
  3.573510E+00 7.438E-01
  3.573555E+00 8.520E-01
  3.573600E+00 9.830E-01
  3.573644E+00 1.143E+00
  3.573689E+00 1.341E+00
  3.573733E+00 1.590E+00
  3.573778E+00 1.906E+00
  3.573822E+00 2.315E+00
  3.573866E+00 2.854E+00
  3.573910E+00 3.577E+00
  3.573954E+00 4.568E+00
  3.573998E+00 5.955E+00
  3.574042E+00 7.928E+00
  3.574086E+00 1.074E+01
  3.574129E+00 1.466E+01
  3.574216E+00 2.428E+01
  3.574259E+00 2.639E+01
  3.574302E+00 2.458E+01
  3.574388E+00 1.620E+01
  3.574431E+00 1.274E+01
  3.574474E+00 1.019E+01
  3.574516E+00 8.364E+00
  3.574559E+00 7.071E+00
  3.574601E+00 6.171E+00
  3.574643E+00 5.572E+00
  3.574686E+00 5.219E+00
  3.574728E+00 5.086E+00
  3.574812E+00 5.116E+00
  3.574853E+00 4.347E+00
  3.574895E+00 2.612E+00
  3.574937E+00 1.286E+00
  3.574978E+00 7.225E-01
  3.575019E+00 5.213E-01
  3.575061E+00 4.487E-01
  3.575102E+00 4.196E-01
  3.575184E+00 3.965E-01
  3.575306E+00 3.835E-01
  3.575347E+00 3.874E-01
  3.575387E+00 4.033E-01
  3.575428E+00 4.504E-01
  3.575468E+00 6.212E-01
  3.575508E+00 2.480E+00
  3.575548E+00 1.644E+00
  3.575588E+00 3.196E-01
  3.575628E+00 2.372E-01
  3.575668E+00 2.166E-01
  3.575748E+00 1.997E-01
  3.576061E+00 1.595E-01
  3.576369E+00 1.315E-01
  3.576671E+00 1.130E-01
  3.576968E+00 1.019E-01
  3.577223E+00 9.821E-02
  3.577438E+00 1.011E-01
  3.577580E+00 1.084E-01
  3.577686E+00 1.192E-01
  3.577756E+00 1.309E-01
  3.577825E+00 1.488E-01
  3.577860E+00 1.615E-01
  3.577895E+00 1.780E-01
  3.577929E+00 2.000E-01
  3.577964E+00 2.302E-01
  3.577998E+00 2.734E-01
  3.578032E+00 3.389E-01
  3.578067E+00 4.456E-01
  3.578101E+00 6.389E-01
  3.578135E+00 1.047E+00
  3.578169E+00 2.126E+00
  3.578203E+00 5.209E+00
  3.578237E+00 4.398E+00
  3.578271E+00 1.396E+00
  3.578304E+00 5.459E-01
  3.578338E+00 2.651E-01
  3.578371E+00 1.483E-01
  3.578405E+00 9.170E-02
  3.578438E+00 6.123E-02
  3.578472E+00 4.362E-02
  3.578505E+00 3.290E-02
  3.578538E+00 2.614E-02
  3.578571E+00 2.175E-02
  3.578604E+00 1.887E-02
  3.578637E+00 1.695E-02
  3.578670E+00 1.568E-02
  3.578703E+00 1.485E-02
  3.578768E+00 1.401E-02
  3.578866E+00 1.382E-02
  3.579059E+00 1.482E-02
  3.579313E+00 1.719E-02
  3.579531E+00 2.022E-02
  3.579685E+00 2.341E-02
  3.579837E+00 2.806E-02
  3.579958E+00 3.340E-02
  3.580078E+00 4.095E-02
  3.580167E+00 4.876E-02
  3.580255E+00 5.925E-02
  3.580343E+00 7.363E-02
  3.580430E+00 9.382E-02
  3.580488E+00 1.120E-01
  3.580546E+00 1.356E-01
  3.580603E+00 1.668E-01
  3.580632E+00 1.862E-01
  3.580689E+00 2.356E-01
  3.580746E+00 3.051E-01
  3.580774E+00 3.506E-01
  3.580802E+00 4.060E-01
  3.580831E+00 4.740E-01
  3.580859E+00 5.587E-01
  3.580887E+00 6.655E-01
  3.580915E+00 8.021E-01
  3.580943E+00 9.798E-01
  3.580971E+00 1.215E+00
  3.580998E+00 1.533E+00
  3.581026E+00 1.973E+00
  3.581054E+00 2.594E+00
  3.581082E+00 3.489E+00
  3.581109E+00 4.787E+00
  3.581137E+00 6.636E+00
  3.581192E+00 1.151E+01
  3.581219E+00 1.280E+01
  3.581246E+00 1.211E+01
  3.581274E+00 1.015E+01
  3.581301E+00 8.059E+00
  3.581328E+00 6.358E+00
  3.581355E+00 5.105E+00
  3.581382E+00 4.212E+00
  3.581409E+00 3.583E+00
  3.581436E+00 3.148E+00
  3.581463E+00 2.860E+00
  3.581490E+00 2.696E+00
  3.581516E+00 2.649E+00
  3.581543E+00 2.730E+00
  3.581570E+00 2.958E+00
  3.581596E+00 3.297E+00
  3.581623E+00 3.383E+00
  3.581649E+00 2.550E+00
  3.581676E+00 1.392E+00
  3.581702E+00 7.332E-01
  3.581728E+00 4.583E-01
  3.581755E+00 3.658E-01
  3.581781E+00 4.104E-01
  3.581807E+00 1.435E+00
  3.581833E+00 1.239E+00
  3.581859E+00 2.453E-01
  3.581885E+00 1.771E-01
  3.581911E+00 1.580E-01
  3.581937E+00 1.489E-01
  3.582014E+00 1.340E-01
  3.582218E+00 1.090E-01
  3.582443E+00 9.032E-02
  3.582665E+00 7.879E-02
  3.582882E+00 7.273E-02
  3.583072E+00 7.208E-02
  3.583212E+00 7.600E-02
  3.583305E+00 8.256E-02
  3.583374E+00 9.144E-02
  3.583420E+00 1.007E-01
  3.583465E+00 1.146E-01
  3.583488E+00 1.243E-01
  3.583511E+00 1.367E-01
  3.583534E+00 1.530E-01
  3.583556E+00 1.750E-01
  3.583579E+00 2.060E-01
  3.583601E+00 2.517E-01
  3.583624E+00 3.238E-01
  3.583646E+00 4.480E-01
  3.583669E+00 6.923E-01
  3.583691E+00 1.276E+00
  3.583713E+00 3.051E+00
  3.583735E+00 5.654E+00
  3.583758E+00 2.194E+00
  3.583780E+00 7.629E-01
  3.583802E+00 3.450E-01
  3.583824E+00 1.864E-01
  3.583846E+00 1.135E-01
  3.583868E+00 7.539E-02
  3.583890E+00 5.370E-02
  3.583912E+00 4.056E-02
  3.583934E+00 3.221E-02
  3.583956E+00 2.673E-02
  3.583977E+00 2.304E-02
  3.583999E+00 2.052E-02
  3.584021E+00 1.877E-02
  3.584064E+00 1.672E-02
  3.584107E+00 1.578E-02
  3.584172E+00 1.550E-02
  3.584236E+00 1.621E-02
  3.584278E+00 1.770E-02
  3.584299E+00 1.929E-02
  3.584320E+00 2.227E-02
  3.584362E+00 3.395E-02
  3.584383E+00 2.942E-02
  3.584404E+00 2.260E-02
  3.584425E+00 1.926E-02
  3.584446E+00 1.781E-02
  3.584467E+00 1.717E-02
  3.584529E+00 1.687E-02
  3.584653E+00 1.814E-02
  3.584775E+00 2.057E-02
  3.584876E+00 2.382E-02
  3.584955E+00 2.769E-02
  3.585035E+00 3.335E-02
  3.585094E+00 3.939E-02
  3.585152E+00 4.774E-02
  3.585191E+00 5.514E-02
  3.585230E+00 6.457E-02
  3.585269E+00 7.677E-02
  3.585307E+00 9.280E-02
  3.585327E+00 1.027E-01
  3.585365E+00 1.278E-01
  3.585384E+00 1.437E-01
  3.585403E+00 1.626E-01
  3.585422E+00 1.851E-01
  3.585441E+00 2.122E-01
  3.585460E+00 2.453E-01
  3.585479E+00 2.858E-01
  3.585498E+00 3.363E-01
  3.585517E+00 3.997E-01
  3.585536E+00 4.808E-01
  3.585554E+00 5.860E-01
  3.585573E+00 7.250E-01
  3.585592E+00 9.124E-01
  3.585611E+00 1.170E+00
  3.585629E+00 1.534E+00
  3.585648E+00 2.058E+00
  3.585666E+00 2.824E+00
  3.585685E+00 3.940E+00
  3.585704E+00 5.481E+00
  3.585722E+00 7.281E+00
  3.585740E+00 8.637E+00
  3.585759E+00 8.695E+00
  3.585777E+00 7.567E+00
  3.585814E+00 4.802E+00
  3.585832E+00 3.835E+00
  3.585850E+00 3.143E+00
  3.585869E+00 2.655E+00
  3.585887E+00 2.314E+00
  3.585905E+00 2.084E+00
  3.585923E+00 1.943E+00
  3.585941E+00 1.879E+00
  3.585959E+00 1.894E+00
  3.585977E+00 2.000E+00
  3.586013E+00 2.439E+00
  3.586031E+00 2.287E+00
  3.586049E+00 1.212E+00
  3.586067E+00 1.339E+01
  3.586085E+00 1.560E+00
  3.586102E+00 6.870E-01
  3.586120E+00 3.977E-01
  3.586138E+00 2.717E-01
  3.586155E+00 2.083E-01
  3.586173E+00 1.730E-01
  3.586191E+00 1.516E-01
  3.586208E+00 1.375E-01
  3.586243E+00 1.202E-01
  3.586296E+00 1.055E-01
  3.586383E+00 9.105E-02
  3.586503E+00 7.827E-02
  3.586655E+00 6.821E-02
  3.586821E+00 6.253E-02
  3.586952E+00 6.183E-02
  3.587049E+00 6.445E-02
  3.587129E+00 7.038E-02
  3.587177E+00 7.704E-02
  3.587224E+00 8.821E-02
  3.587255E+00 1.002E-01
  3.587271E+00 1.085E-01
  3.587287E+00 1.190E-01
  3.587303E+00 1.328E-01
  3.587318E+00 1.512E-01
  3.587334E+00 1.767E-01
  3.587349E+00 2.139E-01
  3.587365E+00 2.712E-01
  3.587380E+00 3.671E-01
  3.587396E+00 5.477E-01
  3.587411E+00 9.517E-01
  3.587427E+00 2.109E+00
  3.587442E+00 5.212E+00
  3.587457E+00 3.117E+00
  3.587473E+00 1.006E+00
  3.587488E+00 4.255E-01
  3.587503E+00 2.216E-01
  3.587519E+00 1.323E-01
  3.587534E+00 8.693E-02
  3.587549E+00 6.155E-02
  3.587564E+00 4.631E-02
  3.587580E+00 3.667E-02
  3.587595E+00 3.034E-02
  3.587610E+00 2.606E-02
  3.587625E+00 2.311E-02
  3.587640E+00 2.105E-02
  3.587655E+00 1.960E-02
  3.587685E+00 1.790E-02
  3.587715E+00 1.720E-02
  3.587759E+00 1.742E-02
  3.587789E+00 1.859E-02
  3.587804E+00 1.974E-02
  3.587819E+00 2.166E-02
  3.587833E+00 2.505E-02
  3.587848E+00 3.154E-02
  3.587863E+00 4.416E-02
  3.587877E+00 5.928E-02
  3.587892E+00 5.138E-02
  3.587907E+00 3.441E-02
  3.587921E+00 2.532E-02
  3.587936E+00 2.109E-02
  3.587950E+00 1.900E-02
  3.587965E+00 1.789E-02
  3.587994E+00 1.693E-02
  3.588051E+00 1.674E-02
  3.588137E+00 1.778E-02
  3.588222E+00 1.990E-02
  3.588292E+00 2.288E-02
  3.588347E+00 2.657E-02
  3.588389E+00 3.053E-02
  3.588430E+00 3.603E-02
  3.588471E+00 4.382E-02
  3.588498E+00 5.087E-02
  3.588525E+00 6.004E-02
  3.588553E+00 7.216E-02
  3.588579E+00 8.849E-02
  3.588593E+00 9.881E-02
  3.588620E+00 1.255E-01
  3.588647E+00 1.638E-01
  3.588660E+00 1.893E-01
  3.588673E+00 2.209E-01
  3.588686E+00 2.601E-01
  3.588700E+00 3.098E-01
  3.588713E+00 3.734E-01
  3.588726E+00 4.562E-01
  3.588739E+00 5.661E-01
  3.588753E+00 7.149E-01
  3.588766E+00 9.207E-01
  3.588779E+00 1.212E+00
  3.588792E+00 1.635E+00
  3.588805E+00 2.255E+00
  3.588818E+00 3.164E+00
  3.588831E+00 4.422E+00
  3.588844E+00 5.880E+00
  3.588857E+00 6.944E+00
  3.588870E+00 6.935E+00
  3.588883E+00 5.997E+00
  3.588896E+00 4.816E+00
  3.588909E+00 3.806E+00
  3.588922E+00 3.051E+00
  3.588935E+00 2.512E+00
  3.588948E+00 2.133E+00
  3.588961E+00 1.868E+00
  3.588974E+00 1.690E+00
  3.588986E+00 1.578E+00
  3.588999E+00 1.522E+00
  3.589025E+00 1.508E+00
  3.589037E+00 1.982E+00
  3.589050E+00 4.713E+00
  3.589063E+00 4.016E+00
  3.589075E+00 3.501E+00
  3.589088E+00 2.204E+00
  3.589101E+00 1.182E+00
  3.589113E+00 6.596E-01
  3.589126E+00 4.090E-01
  3.589138E+00 2.825E-01
  3.589151E+00 2.138E-01
  3.589163E+00 1.735E-01
  3.589176E+00 1.484E-01
  3.589188E+00 1.317E-01
  3.589213E+00 1.114E-01
  3.589250E+00 9.513E-02
  3.589300E+00 8.301E-02
  3.589373E+00 7.210E-02
  3.589470E+00 6.341E-02
  3.589589E+00 5.778E-02
  3.589695E+00 5.677E-02
  3.589776E+00 5.956E-02
  3.589833E+00 6.515E-02
  3.589868E+00 7.132E-02
  3.589902E+00 8.156E-02
  3.589924E+00 9.246E-02
  3.589936E+00 9.994E-02
  3.589947E+00 1.094E-01
  3.589958E+00 1.217E-01
  3.589969E+00 1.381E-01
  3.589981E+00 1.606E-01
  3.589992E+00 1.931E-01
  3.590003E+00 2.424E-01
  3.590014E+00 3.234E-01
  3.590025E+00 4.716E-01
  3.590036E+00 7.890E-01
  3.590048E+00 1.649E+00
  3.590059E+00 4.336E+00
  3.590070E+00 3.967E+00
  3.590081E+00 1.255E+00
  3.590092E+00 5.015E-01
  3.590103E+00 2.528E-01
  3.590114E+00 1.480E-01
  3.590125E+00 9.624E-02
  3.590136E+00 6.767E-02
  3.590147E+00 5.067E-02
  3.590158E+00 3.999E-02
  3.590169E+00 3.298E-02
  3.590180E+00 2.825E-02
  3.590190E+00 2.498E-02
  3.590201E+00 2.269E-02
  3.590212E+00 2.108E-02
  3.590234E+00 1.918E-02
  3.590255E+00 1.841E-02
  3.590277E+00 1.847E-02
  3.590298E+00 1.942E-02
  3.590309E+00 2.041E-02
  3.590320E+00 2.200E-02
  3.590331E+00 2.462E-02
  3.590341E+00 2.924E-02
  3.590352E+00 3.803E-02
  3.590362E+00 5.522E-02
  3.590373E+00 7.826E-02
  3.590384E+00 7.153E-02
  3.590394E+00 4.611E-02
  3.590405E+00 3.142E-02
  3.590415E+00 2.448E-02
  3.590426E+00 2.100E-02
  3.590436E+00 1.911E-02
  3.590457E+00 1.736E-02
  3.590489E+00 1.656E-02
  3.590541E+00 1.668E-02
  3.590613E+00 1.809E-02
  3.590674E+00 2.058E-02
  3.590714E+00 2.331E-02
  3.590745E+00 2.627E-02
  3.590772E+00 2.996E-02
  3.600762E+00 6.703E-01
  3.600772E+00 4.066E-01
  3.625715E+00 2.306E-01
  3.650659E+00 1.775E-01
  3.675602E+00 1.542E-01
  3.725488E+00 1.204E-01
  3.750432E+00 1.093E-01
  3.800318E+00 9.640E-02
  3.875148E+00 8.250E-02
  3.925035E+00 7.652E-02
  4.174468E+00 6.224E-02
  4.448844E+00 5.184E-02
  4.798051E+00 4.307E-02
  5.296917E+00 3.287E-02
  5.696010E+00 2.643E-02
  6.020273E+00 2.298E-02
  6.045216E+00 2.276E-02
  6.167338E+00 2.143E-02
  6.291924E+00 2.019E-02
  6.419028E+00 1.901E-02
  6.548704E+00 1.790E-02
  6.680998E+00 1.686E-02
  6.815960E+00 1.588E-02
  6.953650E+00 1.495E-02
  7.094124E+00 1.408E-02
  7.237434E+00 1.326E-02
  7.383645E+00 1.249E-02
  7.532801E+00 1.176E-02
  7.684973E+00 1.108E-02
  7.840223E+00 1.043E-02
  7.998604E+00 9.826E-03
  8.160184E+00 9.254E-03
  8.325033E+00 8.715E-03
  8.493209E+00 8.207E-03
  8.664786E+00 7.729E-03
  8.839822E+00 7.279E-03
  9.018404E+00 6.855E-03
  9.200583E+00 6.456E-03
  9.386446E+00 6.080E-03
  9.576069E+00 5.726E-03
  9.769519E+00 5.392E-03
  9.966872E+00 5.078E-03
  1.016822E+01 4.783E-03
  1.037363E+01 4.504E-03
  1.058319E+01 4.242E-03
  1.079699E+01 3.995E-03
  1.101510E+01 3.762E-03
  1.123762E+01 3.543E-03
  1.146463E+01 3.337E-03
  1.169624E+01 3.142E-03
  1.193252E+01 2.959E-03
  1.217357E+01 2.787E-03
  1.241949E+01 2.625E-03
  1.267038E+01 2.472E-03
  1.292634E+01 2.328E-03
  1.318747E+01 2.192E-03
  1.345388E+01 2.065E-03
  1.372566E+01 1.945E-03
  1.400294E+01 1.831E-03
  1.428581E+01 1.725E-03
  1.457440E+01 1.624E-03
  1.486883E+01 1.530E-03
  1.516920E+01 1.441E-03
  1.547564E+01 1.357E-03
  1.578827E+01 1.278E-03
  1.610721E+01 1.203E-03
  1.643259E+01 1.133E-03
  1.676454E+01 1.067E-03
  1.710323E+01 1.005E-03
  1.744872E+01 9.465E-04
  1.780121E+01 8.914E-04
  1.816081E+01 8.395E-04
  1.852769E+01 7.906E-04
  1.890196E+01 7.445E-04
  1.928383E+01 7.012E-04
  1.967337E+01 6.603E-04
  2.007082E+01 6.219E-04
  2.047626E+01 5.857E-04
  2.088992E+01 5.516E-04
  2.131190E+01 5.194E-04
  2.174245E+01 4.892E-04
  2.218166E+01 4.607E-04
  2.262978E+01 4.339E-04
  2.308691E+01 4.086E-04