  1.554874E-02 1.116E+02
  6.684339E-02 4.254E+00
  1.168242E-01 1.079E+00
  1.655449E-01 4.398E-01
  2.130476E-01 2.245E-01
  2.593724E-01 1.304E-01
  3.045581E-01 8.219E-02
  3.486416E-01 5.490E-02
  3.916585E-01 3.843E-02
  4.336430E-01 2.801E-02
  4.746278E-01 2.116E-02
  5.146444E-01 1.648E-02
  5.537231E-01 1.315E-02
  5.918929E-01 1.069E-02
  6.291819E-01 8.805E-03
  6.656169E-01 7.321E-03
  7.012238E-01 6.130E-03
  7.360274E-01 5.163E-03
  7.700519E-01 4.374E-03
  8.033202E-01 3.729E-03
  8.358547E-01 3.203E-03
  8.676766E-01 2.773E-03
  8.988068E-01 2.423E-03
  9.292651E-01 2.137E-03
  9.882420E-01 1.707E-03
  1.044753E+00 1.407E-03
  1.125190E+00 1.094E-03
  1.200801E+00 8.672E-04
  1.294758E+00 6.390E-04
  1.360518E+00 5.100E-04
  1.422580E+00 4.114E-04
  1.481215E+00 3.379E-04
  1.554490E+00 2.693E-04
  1.622639E+00 2.243E-04
  1.701322E+00 1.891E-04
  1.787247E+00 1.648E-04
  1.877253E+00 1.505E-04
  1.968511E+00 1.469E-04
  2.049219E+00 1.550E-04
  2.120943E+00 1.732E-04
  2.184968E+00 2.002E-04
  2.242358E+00 2.367E-04
  2.287832E+00 2.798E-04
  2.323691E+00 3.306E-04
  2.351587E+00 3.906E-04
  2.372707E+00 4.596E-04
  2.387892E+00 5.340E-04
  2.397719E+00 6.022E-04
  2.407316E+00 6.956E-04
  2.412032E+00 7.569E-04
  2.416692E+00 8.326E-04
  2.421299E+00 9.284E-04
  2.425853E+00 1.054E-03
  2.430355E+00 1.224E-03
  2.434805E+00 1.466E-03
  2.439205E+00 1.834E-03
  2.443555E+00 2.439E-03
  2.447856E+00 3.550E-03
  2.452108E+00 5.892E-03
  2.456313E+00 1.132E-02
  2.460471E+00 1.731E-02
  2.464583E+00 9.813E-03
  2.468649E+00 4.158E-03
  2.472671E+00 2.102E-03
  2.476648E+00 1.281E-03
  2.480582E+00 9.069E-04
  2.484473E+00 7.208E-04
  2.488321E+00 6.249E-04
  2.492128E+00 5.768E-04
  2.495894E+00 5.564E-04
  2.499619E+00 5.531E-04
  2.506951E+00 5.778E-04
  2.517658E+00 6.612E-04
  2.528031E+00 7.861E-04
  2.538083E+00 9.564E-04
  2.547828E+00 1.190E-03
  2.554159E+00 1.397E-03
  2.560363E+00 1.665E-03
  2.566442E+00 2.021E-03
  2.572401E+00 2.513E-03
  2.575336E+00 2.832E-03
  2.578242E+00 3.221E-03
  2.581119E+00 3.701E-03
  2.583968E+00 4.304E-03
  2.586789E+00 5.078E-03
  2.589582E+00 6.096E-03
  2.592348E+00 7.474E-03
  2.595087E+00 9.410E-03
  2.597800E+00 1.226E-02
  2.600487E+00 1.669E-02
  2.603148E+00 2.418E-02
  2.605783E+00 3.825E-02
  2.608393E+00 6.917E-02
  2.610978E+00 1.532E-01
  2.613539E+00 3.827E-01
  2.616075E+00 3.343E-01
  2.618588E+00 1.254E-01
  2.621077E+00 5.581E-02
  2.623542E+00 3.013E-02
  2.625985E+00 1.844E-02
  2.628405E+00 1.228E-02
  2.630802E+00 8.664E-03
  2.633177E+00 6.384E-03
  2.635530E+00 4.861E-03
  2.637862E+00 3.799E-03
  2.640172E+00 3.031E-03
  2.642461E+00 2.460E-03
  2.644729E+00 2.026E-03
  2.646977E+00 1.688E-03
  2.649204E+00 1.422E-03
  2.651411E+00 1.209E-03
  2.653598E+00 1.037E-03
  2.655765E+00 8.957E-04
  2.657913E+00 7.791E-04
  2.660042E+00 6.819E-04
  2.662152E+00 6.004E-04
  2.666316E+00 4.735E-04
  2.670407E+00 3.817E-04
  2.674426E+00 3.144E-04
  2.678376E+00 2.649E-04
  2.682257E+00 2.284E-04
  2.687954E+00 1.916E-04
  2.693507E+00 1.700E-04
  2.698920E+00 1.592E-04
  2.705927E+00 1.571E-04
  2.712704E+00 1.651E-04
  2.720867E+00 1.861E-04
  2.730234E+00 2.243E-04
  2.739162E+00 2.755E-04
  2.747677E+00 3.412E-04
  2.755805E+00 4.259E-04
  2.762298E+00 5.196E-04
  2.767320E+00 6.223E-04
  2.770988E+00 7.322E-04
  2.773389E+00 8.379E-04
  2.774576E+00 9.087E-04
  2.775754E+00 1.000E-03
  2.776924E+00 1.123E-03
  2.778086E+00 1.303E-03
  2.779238E+00 1.597E-03
  2.780383E+00 2.172E-03
  2.781519E+00 3.740E-03
  2.782647E+00 1.408E-02
  2.783767E+00 1.865E-02
  2.784878E+00 9.727E-04
  2.785982E+00 3.235E-04
  2.787078E+00 2.942E-04
  2.788166E+00 3.437E-04
  2.791384E+00 5.165E-04
  2.803596E+00 1.069E-03
  2.808391E+00 1.345E-03
  2.812111E+00 1.628E-03
  2.815732E+00 2.007E-03
  2.818385E+00 2.395E-03
  2.820985E+00 2.934E-03
  2.822690E+00 3.428E-03
  2.824372E+00 4.098E-03
  2.825205E+00 4.529E-03
  2.826033E+00 5.049E-03
  2.826855E+00 5.687E-03
  2.827672E+00 6.486E-03
  2.828484E+00 7.505E-03
  2.829290E+00 8.839E-03
  2.830091E+00 1.064E-02
  2.830887E+00 1.315E-02
  2.831678E+00 1.680E-02
  2.832464E+00 2.237E-02
  2.833245E+00 3.137E-02
  2.834021E+00 4.668E-02
  2.834792E+00 7.290E-02
  2.835558E+00 1.093E-01
  2.836319E+00 1.237E-01
  2.837075E+00 9.203E-02
  2.837827E+00 5.644E-02
  2.838573E+00 3.479E-02
  2.839315E+00 2.281E-02
  2.840053E+00 1.594E-02
  2.840786E+00 1.178E-02
  2.841514E+00 9.124E-03
  2.842238E+00 7.357E-03
  2.842957E+00 6.138E-03
  2.843671E+00 5.275E-03
  2.844382E+00 4.652E-03
  2.845088E+00 4.196E-03
  2.845789E+00 3.859E-03
  2.847179E+00 3.430E-03
  2.848552E+00 3.210E-03
  2.850581E+00 3.117E-03
  2.853228E+00 3.265E-03
  2.855813E+00 3.633E-03
  2.858336E+00 4.208E-03
  2.860800E+00 5.034E-03
  2.862610E+00 5.880E-03
  2.864388E+00 7.010E-03
  2.866136E+00 8.566E-03
  2.867284E+00 9.957E-03
  2.868419E+00 1.177E-02
  2.869542E+00 1.421E-02
  2.870651E+00 1.761E-02
  2.871201E+00 1.986E-02
  2.871748E+00 2.261E-02
  2.872291E+00 2.606E-02
  2.872832E+00 3.045E-02
  2.873370E+00 3.618E-02
  2.873904E+00 4.388E-02
  2.874436E+00 5.459E-02
  2.874964E+00 7.016E-02
  2.875490E+00 9.408E-02
  2.876013E+00 1.336E-01
  2.876532E+00 2.058E-01
  2.877049E+00 3.563E-01
  2.877563E+00 7.228E-01
  2.878074E+00 1.527E+00
  2.878582E+00 1.437E+00
  2.879088E+00 6.277E-01
  2.879591E+00 2.902E-01
  2.880090E+00 1.570E-01
  2.880588E+00 9.527E-02
  2.881082E+00 6.258E-02
  2.881574E+00 4.349E-02
  2.882063E+00 3.149E-02
  2.882549E+00 2.354E-02
  2.883033E+00 1.802E-02
  2.883514E+00 1.407E-02
  2.883992E+00 1.116E-02
  2.884468E+00 8.966E-03
  2.884941E+00 7.279E-03
  2.885412E+00 5.961E-03
  2.885880E+00 4.918E-03
  2.886346E+00 4.082E-03
  2.886809E+00 3.407E-03
  2.887270E+00 2.856E-03
  2.887728E+00 2.404E-03
  2.888183E+00 2.030E-03
  2.888637E+00 1.721E-03
  2.889088E+00 1.463E-03
  2.889536E+00 1.249E-03
  2.889982E+00 1.070E-03
  2.890426E+00 9.202E-04
  2.890867E+00 7.959E-04
  2.891306E+00 6.929E-04
  2.891743E+00 6.081E-04
  2.892178E+00 5.388E-04
  2.892610E+00 4.831E-04
  2.893040E+00 4.391E-04
  2.893467E+00 4.054E-04
  2.893893E+00 3.809E-04
  2.894316E+00 3.644E-04
  2.895156E+00 3.528E-04
  2.895987E+00 3.654E-04
  2.896809E+00 3.993E-04
  2.897623E+00 4.532E-04
  2.898429E+00 5.279E-04
  2.899227E+00 6.277E-04
  2.900016E+00 7.644E-04
  2.900408E+00 8.550E-04
  2.900797E+00 9.705E-04
  2.901185E+00 1.128E-03
  2.901571E+00 1.365E-03
  2.901955E+00 1.783E-03
  2.902336E+00 2.762E-03
  2.902716E+00 7.078E-03
  2.903094E+00 1.413E+00
  2.903471E+00 3.278E-03
  2.903845E+00 1.020E-03
  2.904217E+00 7.869E-04
  2.904588E+00 7.902E-04
  2.905323E+00 9.158E-04
  2.907841E+00 1.470E-03
  2.909931E+00 2.013E-03
  2.911960E+00 2.676E-03
  2.913607E+00 3.371E-03
  2.915215E+00 4.270E-03
  2.916475E+00 5.220E-03
  2.917710E+00 6.505E-03
  2.918622E+00 7.835E-03
  2.919223E+00 9.011E-03
  2.919818E+00 1.058E-02
  2.920113E+00 1.160E-02
  2.920407E+00 1.288E-02
  2.920700E+00 1.459E-02
  2.920992E+00 1.718E-02
  2.921282E+00 2.217E-02
  2.921570E+00 3.902E-02
  2.921858E+00 3.279E-03
  2.922144E+00 8.422E-03
  2.922429E+00 1.306E-02
  2.922995E+00 2.027E-02
  2.923275E+00 2.423E-02
  2.923555E+00 2.894E-02
  2.923834E+00 3.480E-02
  2.924111E+00 4.240E-02
  2.924386E+00 5.259E-02
  2.924661E+00 6.681E-02
  2.924934E+00 8.748E-02
  2.925207E+00 1.190E-01
  2.925478E+00 1.697E-01
  2.925747E+00 2.550E-01
  2.926016E+00 3.993E-01
  2.926283E+00 6.015E-01
  2.926549E+00 7.081E-01
  2.926814E+00 5.667E-01
  2.927078E+00 3.673E-01
  2.927340E+00 2.336E-01
  2.927602E+00 1.557E-01
  2.927862E+00 1.098E-01
  2.928121E+00 8.128E-02
  2.928379E+00 6.273E-02
  2.928636E+00 5.012E-02
  2.928891E+00 4.123E-02
  2.929146E+00 3.478E-02
  2.929399E+00 2.999E-02
  2.929652E+00 2.635E-02
  2.929903E+00 2.355E-02
  2.930153E+00 2.136E-02
  2.930650E+00 1.828E-02
  2.931142E+00 1.635E-02
  2.931873E+00 1.477E-02
  2.932595E+00 1.417E-02
  2.933542E+00 1.438E-02
  2.934474E+00 1.546E-02
  2.935389E+00 1.735E-02
  2.936289E+00 2.019E-02
  2.937174E+00 2.432E-02
  2.937829E+00 2.866E-02
  2.938474E+00 3.461E-02
  2.939112E+00 4.305E-02
  2.939533E+00 5.083E-02
  2.939951E+00 6.126E-02
  2.940365E+00 7.577E-02
  2.940571E+00 8.527E-02
  2.940775E+00 9.687E-02
  2.940979E+00 1.113E-01
  2.941183E+00 1.294E-01
  2.941385E+00 1.529E-01
  2.941587E+00 1.840E-01
  2.941787E+00 2.264E-01
  2.941987E+00 2.865E-01
  2.942186E+00 3.757E-01
  2.942385E+00 5.164E-01
  2.942582E+00 7.560E-01
  2.942779E+00 1.207E+00
  2.942975E+00 2.162E+00
  2.943364E+00 6.329E+00
  2.943751E+00 1.979E+00
  2.943943E+00 1.041E+00
  2.944134E+00 6.147E-01
  2.944324E+00 3.961E-01
  2.944514E+00 2.720E-01
  2.944703E+00 1.957E-01
  2.944891E+00 1.459E-01
  2.945079E+00 1.118E-01
  2.945265E+00 8.757E-02
  2.945451E+00 6.982E-02
  2.945637E+00 5.648E-02
  2.945821E+00 4.623E-02
  2.946005E+00 3.822E-02
  2.946188E+00 3.187E-02
  2.946370E+00 2.675E-02
  2.946552E+00 2.259E-02
  2.946733E+00 1.917E-02
  2.946913E+00 1.633E-02
  2.947092E+00 1.396E-02
  2.947271E+00 1.197E-02
  2.947449E+00 1.028E-02
  2.947626E+00 8.839E-03
  2.947803E+00 7.610E-03
  2.947979E+00 6.555E-03
  2.948154E+00 5.646E-03
  2.948329E+00 4.862E-03
  2.948503E+00 4.182E-03
  2.948676E+00 3.593E-03
  2.948849E+00 3.082E-03
  2.949021E+00 2.638E-03
  2.949192E+00 2.253E-03
  2.949363E+00 1.918E-03
  2.949533E+00 1.628E-03
  2.949702E+00 1.377E-03
  2.949871E+00 1.162E-03
  2.950039E+00 9.766E-04
  2.950206E+00 8.191E-04
  2.950373E+00 6.863E-04
  2.950539E+00 5.757E-04
  2.950704E+00 4.852E-04
  2.950869E+00 4.133E-04
  2.951033E+00 3.587E-04
  2.951197E+00 3.208E-04
  2.951360E+00 3.004E-04
  2.951522E+00 3.008E-04
  2.951684E+00 3.345E-04
  2.951845E+00 4.560E-04
  2.952005E+00 1.138E-03
  2.952165E+00 1.577E-01
  2.952324E+00 9.263E-04
  2.952483E+00 4.893E-04
  2.952641E+00 4.413E-04
  2.952799E+00 4.588E-04
  2.952956E+00 4.996E-04
  2.953268E+00 6.148E-04
  2.953731E+00 8.377E-04
  2.954342E+00 1.202E-03
  2.955092E+00 1.741E-03
  2.956408E+00 2.869E-03
  2.956552E+00 3.012E-03
  2.956695E+00 3.067E-03
  2.957262E+00 3.543E-03
  2.957681E+00 3.723E-03
  2.957959E+00 3.690E-03
  2.958234E+00 3.512E-03
  2.958371E+00 3.533E-03
  2.958508E+00 4.424E-03
  2.958644E+00 1.188E-02
  2.958779E+00 1.613E-01
  2.958914E+00 1.741E-01
  2.959049E+00 4.843E-02
  2.959183E+00 2.989E-02
  2.959317E+00 2.361E-02
  2.959450E+00 2.077E-02
  2.959582E+00 1.935E-02
  2.959715E+00 1.863E-02
  2.959977E+00 1.830E-02
  2.960368E+00 1.923E-02
  2.960755E+00 2.119E-02
  2.961138E+00 2.411E-02
  2.961517E+00 2.817E-02
  2.961892E+00 3.386E-02
  2.962139E+00 3.900E-02
  2.962386E+00 4.574E-02
  2.962630E+00 5.484E-02
  2.962873E+00 6.763E-02
  2.962993E+00 7.608E-02
  2.963113E+00 8.648E-02
  2.963233E+00 9.949E-02
  2.963353E+00 1.161E-01
  2.963472E+00 1.377E-01
  2.963591E+00 1.666E-01
  2.963709E+00 2.064E-01
  2.963827E+00 2.632E-01
  2.963944E+00 3.476E-01
  2.964061E+00 4.793E-01
  2.964178E+00 6.944E-01
  2.964294E+00 1.055E+00
  2.964525E+00 2.168E+00
  2.964640E+00 2.081E+00
  2.964755E+00 1.471E+00
  2.964869E+00 9.443E-01
  2.964983E+00 6.198E-01
  2.965097E+00 4.283E-01
  2.965210E+00 3.116E-01
  2.965323E+00 2.370E-01
  2.965435E+00 1.871E-01
  2.965547E+00 1.524E-01
  2.965659E+00 1.276E-01
  2.965770E+00 1.093E-01
  2.965881E+00 9.560E-02
  2.965991E+00 8.510E-02
  2.966102E+00 7.697E-02
  2.966321E+00 6.562E-02
  2.966539E+00 5.857E-02
  2.966862E+00 5.288E-02
  2.967183E+00 5.085E-02
  2.967606E+00 5.185E-02
  2.968023E+00 5.618E-02
  2.968435E+00 6.380E-02
  2.968841E+00 7.553E-02
  2.969143E+00 8.808E-02
  2.969441E+00 1.054E-01
  2.969737E+00 1.301E-01
  2.969932E+00 1.529E-01
  2.970127E+00 1.835E-01
  2.970320E+00 2.260E-01
  2.970416E+00 2.538E-01
  2.970511E+00 2.877E-01
  2.970607E+00 3.298E-01
  2.970702E+00 3.830E-01
  2.970797E+00 4.516E-01
  2.970891E+00 5.425E-01
  2.970986E+00 6.665E-01
  2.971080E+00 8.424E-01
  2.971173E+00 1.104E+00
  2.971267E+00 1.517E+00
  2.971360E+00 2.222E+00
  2.971452E+00 3.556E+00
  2.971545E+00 6.395E+00
  2.971637E+00 1.259E+01
  2.971729E+00 1.823E+01
  2.971820E+00 1.140E+01
  2.971912E+00 5.442E+00
  2.972003E+00 2.861E+00
  2.972094E+00 1.687E+00
  2.972184E+00 1.085E+00
  2.972274E+00 7.428E-01
  2.972364E+00 5.325E-01
  2.972454E+00 3.952E-01
  2.972543E+00 3.014E-01
  2.972632E+00 2.348E-01
  2.972721E+00 1.860E-01
  2.972809E+00 1.494E-01
  2.972898E+00 1.214E-01
  2.972986E+00 9.956E-02
  2.973073E+00 8.224E-02
  2.973161E+00 6.835E-02
  2.973248E+00 5.707E-02
  2.973335E+00 4.782E-02
  2.973421E+00 4.018E-02
  2.973508E+00 3.380E-02
  2.973594E+00 2.845E-02
  2.973680E+00 2.393E-02
  2.973765E+00 2.009E-02
  2.973850E+00 1.681E-02
  2.973935E+00 1.398E-02
  2.974020E+00 1.152E-02
  2.974105E+00 9.363E-03
  2.974273E+00 5.638E-03
  2.974357E+00 3.845E-03
  2.974440E+00 1.757E-03
  2.974524E+00 1.606E-03
  2.974606E+00 2.105E-02
  2.974689E+00 7.187E-03
  2.974772E+00 4.543E-03
  2.974854E+00 3.249E-03
  2.974936E+00 2.420E-03
  2.975018E+00 1.832E-03
  2.975099E+00 1.395E-03
  2.975180E+00 1.067E-03
  2.975261E+00 8.243E-04
  2.975342E+00 6.506E-04
  2.975423E+00 5.350E-04
  2.975503E+00 4.694E-04
  2.975583E+00 4.476E-04
  2.975663E+00 4.645E-04
  2.975742E+00 5.159E-04
  2.975822E+00 5.985E-04
  2.975901E+00 7.092E-04
  2.975980E+00 8.456E-04
  2.976058E+00 1.005E-03
  2.976215E+00 1.388E-03
  2.976370E+00 1.844E-03
  2.976602E+00 2.646E-03
  2.976908E+00 3.911E-03
  2.977059E+00 4.690E-03
  2.977135E+00 5.269E-03
  2.977210E+00 9.130E-03
  2.977285E+00 4.627E-03
  2.977359E+00 5.346E-03
  2.977582E+00 6.472E-03
  2.978023E+00 8.185E-03
  2.978095E+00 8.707E-03
  2.978168E+00 9.721E-03
  2.978240E+00 1.204E-02
  2.978312E+00 1.819E-02
  2.978383E+00 3.803E-02
  2.978455E+00 1.319E-01
  2.978526E+00 1.448E+00
  2.978597E+00 1.257E+00
  2.978668E+00 2.851E-01
  2.978739E+00 1.505E-01
  2.978810E+00 1.063E-01
  2.978880E+00 8.632E-02
  2.978950E+00 7.571E-02
  2.979020E+00 6.966E-02
  2.979090E+00 6.615E-02
  2.979229E+00 6.334E-02
  2.979436E+00 6.472E-02
  2.979641E+00 7.007E-02
  2.979844E+00 7.878E-02
  2.980045E+00 9.134E-02
  2.980245E+00 1.092E-01
  2.980378E+00 1.254E-01
  2.980509E+00 1.466E-01
  2.980640E+00 1.753E-01
  2.980770E+00 2.153E-01
  2.980835E+00 2.416E-01
  2.980900E+00 2.739E-01
  2.980964E+00 3.141E-01
  2.981028E+00 3.649E-01
  2.981092E+00 4.307E-01
  2.981156E+00 5.178E-01
  2.981220E+00 6.363E-01
  2.981283E+00 8.031E-01
  2.981347E+00 1.047E+00
  2.981410E+00 1.419E+00
  2.981473E+00 2.012E+00
  2.981536E+00 2.992E+00
  2.981598E+00 4.564E+00
  2.981661E+00 6.502E+00
  2.981723E+00 7.152E+00
  2.981785E+00 5.623E+00
  2.981847E+00 3.735E+00
  2.981909E+00 2.449E+00
  2.981971E+00 1.675E+00
  2.982032E+00 1.204E+00
  2.982094E+00 9.058E-01
  2.982155E+00 7.085E-01
  2.982216E+00 5.727E-01
  2.982276E+00 4.760E-01
  2.982337E+00 4.053E-01
  2.982398E+00 3.524E-01
  2.982458E+00 3.120E-01
  2.982518E+00 2.808E-01
  2.982578E+00 2.564E-01
  2.982697E+00 2.220E-01
  2.982816E+00 2.005E-01
  2.982993E+00 1.832E-01
  2.983169E+00 1.775E-01
  2.983401E+00 1.820E-01
  2.983630E+00 1.978E-01
  2.983857E+00 2.250E-01
  2.984081E+00 2.667E-01
  2.984248E+00 3.113E-01
  2.984414E+00 3.729E-01
  2.984578E+00 4.608E-01
  2.984687E+00 5.419E-01
  2.984795E+00 6.507E-01
  2.984903E+00 8.018E-01
  2.984956E+00 9.007E-01
  2.985010E+00 1.021E+00
  2.985063E+00 1.171E+00
  2.985116E+00 1.360E+00
  2.985169E+00 1.604E+00
  2.985222E+00 1.926E+00
  2.985275E+00 2.365E+00
  2.985327E+00 2.986E+00
  2.985380E+00 3.907E+00
  2.985432E+00 5.355E+00
  2.985484E+00 7.811E+00
  2.985537E+00 1.240E+01
  2.985589E+00 2.197E+01
  2.985640E+00 4.219E+01
  2.985692E+00 6.095E+01
  2.985795E+00 1.962E+01
  2.985846E+00 1.040E+01
  2.985897E+00 6.157E+00
  2.985948E+00 3.966E+00
  2.985999E+00 2.718E+00
  2.986050E+00 1.950E+00
  2.986101E+00 1.448E+00
  2.986151E+00 1.105E+00
  2.986201E+00 8.615E-01
  2.986252E+00 6.832E-01
  2.986302E+00 5.492E-01
  2.986352E+00 4.466E-01
  2.986402E+00 3.664E-01
  2.986451E+00 3.028E-01
  2.986501E+00 2.517E-01
  2.986550E+00 2.102E-01
  2.986600E+00 1.760E-01
  2.986649E+00 1.477E-01
  2.986698E+00 1.240E-01
  2.986747E+00 1.039E-01
  2.986796E+00 8.670E-02
  2.986844E+00 7.176E-02
  2.986942E+00 4.585E-02
  2.986990E+00 3.216E-02
  2.987038E+00 9.426E-03
  2.987086E+00 1.413E-01
  2.987134E+00 4.858E-02
  2.987182E+00 3.400E-02
  2.987230E+00 2.618E-02
  2.987277E+00 2.072E-02
  2.987325E+00 1.651E-02
  2.987372E+00 1.313E-02
  2.987419E+00 1.037E-02
  2.987467E+00 8.089E-03
  2.987514E+00 6.214E-03
  2.987560E+00 4.679E-03
  2.987607E+00 3.437E-03
  2.987654E+00 2.450E-03
  2.987700E+00 1.688E-03
  2.987747E+00 1.125E-03
  2.987793E+00 7.406E-04
  2.987839E+00 5.168E-04
  2.987886E+00 4.382E-04
  2.987931E+00 4.914E-04
  2.987977E+00 6.650E-04
  2.988023E+00 9.490E-04
  2.988069E+00 1.335E-03
  2.988114E+00 1.815E-03
  2.988160E+00 2.383E-03
  2.988205E+00 3.033E-03
  2.988295E+00 4.563E-03
  2.988385E+00 6.386E-03
  2.988474E+00 8.513E-03
  2.988563E+00 1.105E-02
  2.988607E+00 1.258E-02
  2.988652E+00 1.452E-02
  2.988696E+00 1.753E-02
  2.988740E+00 2.677E-02
  2.988784E+00 6.657E-04
  2.988827E+00 1.059E-02
  2.988871E+00 1.403E-02
  2.988958E+00 1.803E-02
  2.989088E+00 2.353E-02
  2.989131E+00 2.606E-02
  2.989174E+00 2.962E-02
  2.989216E+00 3.525E-02
  2.989259E+00 4.527E-02
  2.989302E+00 6.540E-02
  2.989344E+00 1.121E-01
  2.989386E+00 2.458E-01
  2.989429E+00 8.106E-01
  2.989471E+00 7.482E+00
  2.989513E+00 7.578E+00
  2.989555E+00 1.513E+00
  2.989597E+00 7.348E-01
  2.989639E+00 4.884E-01
  2.989680E+00 3.784E-01
  2.989722E+00 3.202E-01
  2.989763E+00 2.865E-01
  2.989805E+00 2.661E-01
  2.989846E+00 2.537E-01
  2.989928E+00 2.433E-01
  2.990051E+00 2.480E-01
  2.990173E+00 2.679E-01
  2.990294E+00 3.006E-01
  2.990414E+00 3.481E-01
  2.990533E+00 4.157E-01
  2.990651E+00 5.138E-01
  2.990729E+00 6.058E-01
  2.990808E+00 7.310E-01
  2.990885E+00 9.083E-01
  2.990924E+00 1.026E+00
  2.990963E+00 1.172E+00
  2.991001E+00 1.354E+00
  2.991039E+00 1.588E+00
  2.991078E+00 1.894E+00
  2.991116E+00 2.305E+00
  2.991154E+00 2.874E+00
  2.991192E+00 3.689E+00
  2.991230E+00 4.905E+00
  2.991268E+00 6.804E+00
  2.991306E+00 9.901E+00
  2.991344E+00 1.503E+01
  2.991381E+00 2.271E+01
  2.991419E+00 2.954E+01
  2.991456E+00 2.768E+01
  2.991494E+00 1.967E+01
  2.991531E+00 1.287E+01
  2.991568E+00 8.613E+00
  2.991605E+00 6.050E+00
  2.991642E+00 4.461E+00
  2.991679E+00 3.433E+00
  2.991716E+00 2.738E+00
  2.991753E+00 2.252E+00
  2.991790E+00 1.900E+00
  2.991826E+00 1.640E+00
  2.991863E+00 1.444E+00
  2.991899E+00 1.293E+00
  2.991935E+00 1.175E+00
  2.992008E+00 1.011E+00
  2.992080E+00 9.090E-01
  2.992187E+00 8.273E-01
  2.992294E+00 8.001E-01
  2.992436E+00 8.207E-01
  2.992576E+00 8.938E-01
  2.992714E+00 1.020E+00
  2.992852E+00 1.213E+00
  2.992954E+00 1.419E+00
  2.993056E+00 1.703E+00
  2.993156E+00 2.106E+00
  2.993223E+00 2.475E+00
  2.993290E+00 2.966E+00
  2.993356E+00 3.640E+00
  2.993389E+00 4.077E+00
  2.993422E+00 4.607E+00
  2.993455E+00 5.256E+00
  2.993488E+00 6.067E+00
  2.993521E+00 7.098E+00
  2.993553E+00 8.438E+00
  2.993586E+00 1.023E+01
  2.993619E+00 1.270E+01
  2.993651E+00 1.624E+01
  2.993683E+00 2.157E+01
  2.993716E+00 3.014E+01
  2.993748E+00 4.506E+01
  2.993780E+00 7.379E+01
  2.993812E+00 1.348E+02
  2.993844E+00 2.507E+02
  2.993876E+00 2.883E+02
  2.993908E+00 1.639E+02
  2.993940E+00 8.222E+01
  2.993972E+00 4.554E+01
  2.994003E+00 2.790E+01
  2.994035E+00 1.844E+01
  2.994066E+00 1.289E+01
  2.994098E+00 9.398E+00
  2.994129E+00 7.074E+00
  2.994161E+00 5.460E+00
  2.994192E+00 4.299E+00
  2.994223E+00 3.439E+00
  2.994254E+00 2.788E+00
  2.994285E+00 2.284E+00
  2.994316E+00 1.887E+00
  2.994347E+00 1.570E+00
  2.994378E+00 1.314E+00
  2.994409E+00 1.104E+00
  2.994440E+00 9.298E-01
  2.994470E+00 7.845E-01
  2.994501E+00 6.618E-01
  2.994531E+00 5.568E-01
  2.994592E+00 3.829E-01
  2.994622E+00 3.020E-01
  2.994653E+00 1.946E-01
  2.994683E+00 2.368E+00
  2.994713E+00 3.244E-01
  2.994743E+00 2.360E-01
  2.994773E+00 1.878E-01
  2.994803E+00 1.528E-01
  2.994833E+00 1.248E-01
  2.994863E+00 1.018E-01
  2.994892E+00 8.245E-02
  2.994922E+00 6.612E-02
  2.994952E+00 5.233E-02
  2.994981E+00 4.070E-02
  2.995011E+00 3.097E-02
  2.995040E+00 2.289E-02
  2.995070E+00 1.628E-02
  2.995099E+00 1.100E-02
  2.995128E+00 6.906E-03
  2.995157E+00 3.890E-03
  2.995186E+00 1.857E-03
  2.995215E+00 7.247E-04
  2.995244E+00 4.231E-04
  2.995273E+00 8.914E-04
  2.995302E+00 2.077E-03
  2.995331E+00 3.936E-03
  2.995360E+00 6.430E-03
  2.995388E+00 9.529E-03
  2.995417E+00 1.321E-02
  2.995445E+00 1.745E-02
  2.995474E+00 2.224E-02
  2.995531E+00 3.350E-02
  2.995587E+00 4.721E-02
  2.995644E+00 6.429E-02
  2.995672E+00 7.499E-02
  2.995700E+00 8.869E-02
  2.995728E+00 1.097E-01
  2.995756E+00 1.638E-01
  2.995783E+00 2.966E+00
  2.995811E+00 4.690E-02
  2.995839E+00 7.961E-02
  2.995867E+00 9.967E-02
  2.995922E+00 1.349E-01
  2.995949E+00 1.556E-01
  2.995977E+00 1.821E-01
  2.996004E+00 2.192E-01
  2.996031E+00 2.767E-01
  2.996059E+00 3.747E-01
  2.996086E+00 5.611E-01
  2.996113E+00 9.670E-01
  2.996140E+00 2.043E+00
  2.996167E+00 6.078E+00
  2.996194E+00 4.140E+01
  2.996221E+00 1.062E+02
  2.996248E+00 1.557E+01
  2.996274E+00 6.752E+00
  2.996301E+00 4.225E+00
  2.996328E+00 3.150E+00
  2.996355E+00 2.596E+00
  2.996381E+00 2.280E+00
  2.996408E+00 2.089E+00
  2.996434E+00 1.974E+00
  2.996487E+00 1.873E+00
  2.996566E+00 1.903E+00
  2.996644E+00 2.064E+00
  2.996722E+00 2.336E+00
  2.996799E+00 2.731E+00
  2.996876E+00 3.291E+00
  2.996927E+00 3.795E+00
  2.996978E+00 4.446E+00
  2.997028E+00 5.310E+00
  2.997078E+00 6.486E+00
  2.997104E+00 7.242E+00
  2.997129E+00 8.151E+00
  2.997154E+00 9.255E+00
  2.997179E+00 1.062E+01
  2.997203E+00 1.233E+01
  2.997228E+00 1.450E+01
  2.997253E+00 1.734E+01
  2.997278E+00 2.114E+01
  2.997302E+00 2.635E+01
  2.997327E+00 3.375E+01
  2.997352E+00 4.468E+01
  2.997376E+00 6.156E+01
  2.997401E+00 8.888E+01
  2.997425E+00 1.346E+02
  2.997450E+00 2.088E+02
  2.997474E+00 2.998E+02
  2.997498E+00 3.278E+02
  2.997522E+00 2.565E+02
  2.997547E+00 1.717E+02
  2.997571E+00 1.144E+02
  2.997595E+00 7.959E+01
  2.997619E+00 5.828E+01
  2.997643E+00 4.467E+01
  2.997667E+00 3.559E+01
  2.997691E+00 2.930E+01
  2.997715E+00 2.480E+01
  2.997738E+00 2.151E+01
  2.997762E+00 1.904E+01
  2.997786E+00 1.717E+01
  2.997833E+00 1.463E+01
  2.997880E+00 1.313E+01
  2.997927E+00 1.228E+01
  2.997997E+00 1.184E+01
  2.998067E+00 1.210E+01
  2.998136E+00 1.293E+01
  2.998228E+00 1.494E+01
  2.998296E+00 1.724E+01
  2.998364E+00 2.041E+01
  2.998431E+00 2.478E+01
  2.998498E+00 3.090E+01
  2.998543E+00 3.638E+01
  2.998587E+00 4.345E+01
  2.998631E+00 5.274E+01
  2.998675E+00 6.526E+01
  2.998697E+00 7.319E+01
  2.998719E+00 8.260E+01
  2.998741E+00 9.386E+01
  2.998762E+00 1.075E+02
  2.998784E+00 1.242E+02
  2.998806E+00 1.449E+02
  2.998827E+00 1.710E+02
  2.998849E+00 2.046E+02
  2.998871E+00 2.486E+02
  2.998892E+00 3.078E+02
  2.998914E+00 3.898E+02
  2.998935E+00 5.077E+02
  2.998957E+00 6.853E+02
  2.998978E+00 9.688E+02
  2.998999E+00 1.456E+03
  2.999021E+00 2.377E+03
  2.999042E+00 4.311E+03
  2.999063E+00 8.442E+03
  2.999084E+00 1.279E+04
  2.999105E+00 9.164E+03
  2.999126E+00 4.777E+03
  2.999147E+00 2.653E+03
  2.999168E+00 1.640E+03
  2.999189E+00 1.103E+03
  2.999210E+00 7.905E+02
  2.999231E+00 5.940E+02
  2.999252E+00 4.628E+02
  2.999273E+00 3.711E+02
  2.999294E+00 3.045E+02
  2.999314E+00 2.546E+02
  2.999335E+00 2.163E+02
  2.999356E+00 1.862E+02
  2.999376E+00 1.621E+02
  2.999417E+00 1.262E+02
  2.999458E+00 1.012E+02
  2.999499E+00 8.270E+01
  2.999580E+00 5.350E+01
  2.999600E+00 3.817E+01
  2.999620E+00 1.005E+02
  2.999640E+00 6.084E+01
  2.999661E+00 5.310E+01
  2.999681E+00 4.852E+01
  2.999720E+00 4.218E+01
  2.999780E+00 3.557E+01
  2.999859E+00 2.939E+01
  2.999957E+00 2.406E+01
  3.000054E+00 2.035E+01
  3.000169E+00 1.737E+01
  3.000245E+00 1.636E+01
  3.000283E+00 1.652E+01
  3.000302E+00 1.709E+01
  3.000321E+00 1.860E+01
  3.000339E+00 2.413E+01
  3.000358E+00 1.519E+03
  3.000377E+00 4.931E+00
  3.000396E+00 8.469E+00
  3.000414E+00 9.906E+00
  3.000470E+00 1.276E+01
  3.000489E+00 1.427E+01
  3.000507E+00 1.664E+01
  3.000525E+00 2.061E+01
  3.000544E+00 2.777E+01
  3.000562E+00 4.200E+01
  3.000581E+00 7.483E+01
  3.000599E+00 1.730E+02
  3.000617E+00 6.850E+02
  3.000635E+00 9.249E+03
  3.000654E+00 9.667E+02
  3.000672E+00 2.880E+02
  3.000690E+00 1.477E+02
  3.000708E+00 9.568E+01
  3.000726E+00 7.039E+01
  3.000744E+00 5.604E+01
  3.000762E+00 4.704E+01
  3.000780E+00 4.099E+01
  3.000798E+00 3.671E+01
  3.000816E+00 3.357E+01
  3.000852E+00 2.938E+01
  3.000887E+00 2.684E+01
  3.000940E+00 2.474E+01
  3.001011E+00 2.385E+01
  3.001081E+00 2.451E+01
  3.001150E+00 2.682E+01
  3.001202E+00 3.012E+01
  3.001236E+00 3.347E+01
  3.001271E+00 3.828E+01
  3.001305E+00 4.538E+01
  3.001322E+00 5.024E+01
  3.001339E+00 5.636E+01
  3.001356E+00 6.421E+01
  3.001372E+00 7.450E+01
  3.001389E+00 8.833E+01
  3.001406E+00 1.075E+02
  3.001423E+00 1.350E+02
  3.001440E+00 1.761E+02
  3.001457E+00 2.403E+02
  3.001473E+00 3.446E+02
  3.001490E+00 5.131E+02
  3.001507E+00 7.400E+02
  3.001523E+00 8.657E+02
  3.001540E+00 7.132E+02
  3.001556E+00 4.701E+02
  3.001573E+00 2.978E+02
  3.001590E+00 1.958E+02
  3.001606E+00 1.355E+02
  3.001623E+00 9.839E+01
  3.001639E+00 7.445E+01
  3.001655E+00 5.833E+01
  3.001672E+00 4.707E+01
  3.001688E+00 3.895E+01
  3.001704E+00 3.295E+01
  3.001721E+00 2.840E+01
  3.001737E+00 2.490E+01
  3.001753E+00 2.216E+01
  3.001769E+00 1.999E+01
  3.001802E+00 1.683E+01
  3.001834E+00 1.474E+01
  3.001882E+00 1.279E+01
  3.001930E+00 1.173E+01
  3.001993E+00 1.113E+01
  3.002072E+00 1.126E+01
  3.002150E+00 1.222E+01
  3.002212E+00 1.368E+01
  3.002258E+00 1.536E+01
  3.002304E+00 1.780E+01
  3.002349E+00 2.144E+01
  3.002380E+00 2.497E+01
  3.002410E+00 2.991E+01
  3.002425E+00 3.318E+01
  3.002440E+00 3.720E+01
  3.002455E+00 4.222E+01
  3.002470E+00 4.862E+01
  3.002485E+00 5.698E+01
  3.002500E+00 6.820E+01
  3.002515E+00 8.380E+01
  3.002530E+00 1.064E+02
  3.002545E+00 1.411E+02
  3.002559E+00 1.979E+02
  3.002574E+00 2.997E+02
  3.002589E+00 5.014E+02
  3.002604E+00 9.209E+02
  3.002618E+00 1.468E+03
  3.002633E+00 1.164E+03
  3.002648E+00 5.852E+02
  3.002662E+00 2.999E+02
  3.002677E+00 1.708E+02
  3.002692E+00 1.063E+02
  3.002706E+00 7.073E+01
  3.002721E+00 4.940E+01
  3.002735E+00 3.581E+01
  3.002750E+00 2.672E+01
  3.002764E+00 2.039E+01
  3.002779E+00 1.585E+01
  3.002793E+00 1.250E+01
  3.002808E+00 9.980E+00
  3.002822E+00 8.047E+00
  3.002836E+00 6.541E+00
  3.002851E+00 5.352E+00
  3.002865E+00 4.402E+00
  3.002879E+00 3.636E+00
  3.002894E+00 3.011E+00
  3.002908E+00 2.498E+00
  3.002922E+00 2.073E+00
  3.002936E+00 1.715E+00
  3.002950E+00 1.409E+00
  3.002965E+00 1.130E+00
  3.002979E+00 7.692E-01
  3.002993E+00 1.227E+00
  3.003007E+00 8.142E-01
  3.003021E+00 6.469E-01
  3.003035E+00 5.251E-01
  3.003049E+00 4.276E-01
  3.003063E+00 3.474E-01
  3.003077E+00 2.807E-01
  3.003091E+00 2.251E-01
  3.003105E+00 1.786E-01
  3.003119E+00 1.399E-01
  3.003132E+00 1.078E-01
  3.003146E+00 8.137E-02
  3.003160E+00 5.982E-02
  3.003174E+00 4.248E-02
  3.003188E+00 2.880E-02
  3.003201E+00 1.828E-02
  3.003215E+00 1.052E-02
  3.003229E+00 5.162E-03
  3.003243E+00 1.907E-03
  3.003256E+00 4.897E-04
  3.003270E+00 6.829E-04
  3.003283E+00 2.291E-03
  3.003297E+00 5.144E-03
  3.003311E+00 9.097E-03
  3.003324E+00 1.403E-02
  3.003338E+00 1.983E-02
  3.003365E+00 3.376E-02
  3.003391E+00 5.047E-02
  3.003405E+00 5.987E-02
  3.003432E+00 8.123E-02
  3.003445E+00 9.373E-02
  3.003458E+00 1.083E-01
  3.003472E+00 1.268E-01
  3.003485E+00 1.548E-01
  3.003498E+00 2.208E-01
  3.003511E+00 3.980E+00
  3.003525E+00 5.647E-02
  3.003538E+00 1.093E-01
  3.003551E+00 1.413E-01
  3.003564E+00 1.703E-01
  3.003577E+00 2.028E-01
  3.003590E+00 2.440E-01
  3.003603E+00 3.018E-01
  3.003616E+00 3.901E-01
  3.003629E+00 5.375E-01
  3.003642E+00 8.094E-01
  3.003655E+00 1.380E+00
  3.003668E+00 2.836E+00
  3.003681E+00 8.100E+00
  3.003694E+00 5.258E+01
  3.003707E+00 1.215E+02
  3.003720E+00 1.724E+01
  3.003733E+00 7.118E+00
  3.003746E+00 4.244E+00
  3.003759E+00 3.024E+00
  3.003771E+00 2.390E+00
  3.003784E+00 2.018E+00
  3.003797E+00 1.783E+00
  3.003810E+00 1.628E+00
  3.003822E+00 1.522E+00
  3.003848E+00 1.400E+00
  3.003886E+00 1.340E+00
  3.003924E+00 1.361E+00
  3.003974E+00 1.476E+00
  3.004023E+00 1.687E+00
  3.004060E+00 1.930E+00
  3.004085E+00 2.151E+00
  3.004122E+00 2.618E+00
  3.004146E+00 3.070E+00
  3.004170E+00 3.708E+00
  3.004183E+00 4.130E+00
  3.004195E+00 4.651E+00
  3.004207E+00 5.303E+00
  3.004219E+00 6.136E+00
  3.004231E+00 7.222E+00
  3.004243E+00 8.676E+00
  3.004255E+00 1.068E+01
  3.004267E+00 1.355E+01
  3.004279E+00 1.781E+01
  3.004291E+00 2.446E+01
  3.004303E+00 3.529E+01
  3.004315E+00 5.319E+01
  3.004327E+00 7.982E+01
  3.004339E+00 1.024E+02
  3.004351E+00 9.355E+01
  3.004362E+00 6.481E+01
  3.004374E+00 4.161E+01
  3.004386E+00 2.743E+01
  3.004398E+00 1.903E+01
  3.004410E+00 1.387E+01
  3.004421E+00 1.055E+01
  3.004433E+00 8.325E+00
  3.004445E+00 6.771E+00
  3.004457E+00 5.653E+00
  3.004468E+00 4.827E+00
  3.004480E+00 4.203E+00
  3.004503E+00 3.348E+00
  3.004526E+00 2.816E+00
  3.004550E+00 2.474E+00
  3.004573E+00 2.252E+00
  3.004607E+00 2.060E+00
  3.004653E+00 1.972E+00
  3.004698E+00 2.009E+00
  3.004755E+00 2.200E+00
  3.004799E+00 2.477E+00
  3.004833E+00 2.782E+00
  3.004866E+00 3.206E+00
  3.004899E+00 3.808E+00
  3.004932E+00 4.697E+00
  3.004954E+00 5.550E+00
  3.004976E+00 6.742E+00
  3.004987E+00 7.527E+00
  3.005008E+00 9.694E+00
  3.005019E+00 1.122E+01
  3.005030E+00 1.322E+01
  3.005041E+00 1.588E+01
  3.005051E+00 1.958E+01
  3.005062E+00 2.490E+01
  3.005073E+00 3.301E+01
  3.005084E+00 4.617E+01
  3.005094E+00 6.945E+01
  3.005105E+00 1.150E+02
  3.005116E+00 2.105E+02
  3.005126E+00 3.573E+02
  3.005137E+00 3.232E+02
  3.005148E+00 1.685E+02
  3.005158E+00 8.582E+01
  3.005169E+00 4.847E+01
  3.005179E+00 3.002E+01
  3.005190E+00 1.992E+01
  3.005201E+00 1.392E+01
  3.005211E+00 1.011E+01
  3.005222E+00 7.560E+00
  3.005232E+00 5.789E+00
  3.005243E+00 4.518E+00
  3.005253E+00 3.579E+00
  3.005264E+00 2.871E+00
  3.005274E+00 2.327E+00
  3.005284E+00 1.901E+00
  3.005295E+00 1.565E+00
  3.005305E+00 1.294E+00
  3.005326E+00 8.967E-01
  3.005336E+00 7.491E-01
  3.005357E+00 5.230E-01
  3.005367E+00 4.347E-01
  3.012248E+00 5.236E+00
  3.015559E+00 3.140E+00
  3.019676E+00 1.952E+00
  3.023748E+00 1.334E+00
  3.027776E+00 9.720E-01
  3.031758E+00 7.417E-01
  3.035698E+00 5.861E-01
  3.039594E+00 4.760E-01
  3.043448E+00 3.953E-01
  3.047260E+00 3.342E-01
  3.051031E+00 2.870E-01
  3.054761E+00 2.495E-01
  3.058452E+00 2.194E-01
  3.062102E+00 1.947E-01
  3.069288E+00 1.571E-01
  3.076323E+00 1.301E-01
  3.083211E+00 1.100E-01
  3.093276E+00 8.816E-02
  3.103033E+00 7.278E-02
  3.115584E+00 5.840E-02
  3.127637E+00 4.835E-02
  3.142043E+00 3.951E-02
  3.158421E+00 3.221E-02
  3.176371E+00 2.641E-02
  3.197779E+00 2.145E-02
  3.221660E+00 1.754E-02
  3.247043E+00 1.466E-02
  3.269757E+00 1.303E-02
  3.284111E+00 1.276E-02
  3.291647E+00 1.326E-02
  3.296027E+00 1.411E-02
  3.298890E+00 1.519E-02
  3.300304E+00 1.603E-02
  3.301708E+00 1.721E-02
  3.303101E+00 1.892E-02
  3.304483E+00 2.150E-02
  3.305854E+00 2.534E-02
  3.307215E+00 3.018E-02
  3.308566E+00 3.300E-02
  3.309906E+00 3.081E-02
  3.311236E+00 2.703E-02
  3.312555E+00 2.477E-02
  3.313865E+00 2.419E-02
  3.315165E+00 2.484E-02
  3.316455E+00 2.645E-02
  3.317735E+00 2.896E-02
  3.319006E+00 3.246E-02
  3.320267E+00 3.713E-02
  3.321518E+00 4.326E-02
  3.322761E+00 5.122E-02
  3.323994E+00 6.138E-02
  3.325217E+00 7.389E-02
  3.327638E+00 1.028E-01
  3.328835E+00 1.142E-01
  3.330023E+00 1.189E-01
  3.331202E+00 1.155E-01
  3.332373E+00 1.057E-01
  3.335835E+00 6.867E-02
  3.336972E+00 5.904E-02
  3.338100E+00 5.118E-02
  3.339221E+00 4.482E-02
  3.340334E+00 3.968E-02
  3.341438E+00 3.551E-02
  3.343624E+00 2.928E-02
  3.345779E+00 2.496E-02
  3.348954E+00 2.064E-02
  3.352062E+00 1.784E-02
  3.356106E+00 1.543E-02
  3.361005E+00 1.362E-02
  3.366666E+00 1.255E-02
  3.371211E+00 1.245E-02
  3.374739E+00 1.311E-02
  3.377324E+00 1.429E-02
  3.379858E+00 1.630E-02
  3.383160E+00 2.027E-02
  3.385581E+00 2.338E-02
  3.387169E+00 2.435E-02
  3.387955E+00 2.408E-02
  3.388736E+00 2.321E-02
  3.392569E+00 1.576E-02
  3.394068E+00 1.367E-02
  3.396282E+00 1.163E-02
  3.399170E+00 1.006E-02
  3.403369E+00 8.778E-03
  3.409385E+00 7.747E-03
  3.418717E+00 6.854E-03
  3.427807E+00 6.461E-03
  3.433082E+00 6.594E-03
  3.436108E+00 7.002E-03
  3.438071E+00 7.618E-03
  3.439515E+00 8.518E-03
  3.440464E+00 9.582E-03
  3.440935E+00 1.037E-02
  3.441404E+00 1.144E-02
  3.441869E+00 1.289E-02
  3.442333E+00 1.485E-02
  3.443252E+00 1.976E-02
  3.443708E+00 2.096E-02
  3.444162E+00 1.992E-02
  3.445061E+00 1.489E-02
  3.445508E+00 1.303E-02
  3.445952E+00 1.183E-02
  3.446393E+00 1.111E-02
  3.446833E+00 1.074E-02
  3.447704E+00 1.067E-02
  3.448567E+00 1.120E-02
  3.449420E+00 1.221E-02
  3.450265E+00 1.377E-02
  3.451101E+00 1.607E-02
  3.451515E+00 1.761E-02
  3.451928E+00 1.952E-02
  3.452338E+00 2.188E-02
  3.452747E+00 2.486E-02
  3.453153E+00 2.866E-02
  3.453557E+00 3.352E-02
  3.453959E+00 3.975E-02
  3.454359E+00 4.759E-02
  3.455153E+00 6.693E-02
  3.455546E+00 7.530E-02
  3.455938E+00 7.923E-02
  3.456328E+00 7.755E-02
  3.457102E+00 6.560E-02
  3.457486E+00 6.112E-02
  3.457868E+00 6.271E-02
  3.458248E+00 1.372E-01
  3.458626E+00 4.575E-02
  3.459003E+00 3.794E-02
  3.459750E+00 4.005E-02
  3.460489E+00 4.478E-02
  3.461221E+00 5.232E-02
  3.461946E+00 6.335E-02
  3.462664E+00 7.898E-02
  3.463020E+00 8.899E-02
  3.463375E+00 1.008E-01
  3.463728E+00 1.146E-01
  3.464428E+00 1.493E-01
  3.465122E+00 1.938E-01
  3.466488E+00 2.959E-01
  3.466826E+00 3.269E-01
  3.467162E+00 5.913E-01
  3.467496E+00 2.672E-01
  3.467829E+00 2.718E-01
  3.468160E+00 2.619E-01
  3.470114E+00 1.571E-01
  3.470753E+00 1.302E-01
  3.471386E+00 1.090E-01
  3.472324E+00 8.547E-02
  3.473249E+00 6.898E-02
  3.474161E+00 5.710E-02
  3.475357E+00 4.590E-02
  3.476531E+00 3.806E-02
  3.477969E+00 3.119E-02
  3.479652E+00 2.555E-02
  3.481558E+00 2.115E-02
  3.483664E+00 1.791E-02
  3.485696E+00 1.614E-02
  3.487175E+00 1.596E-02
  3.488139E+00 1.672E-02
  3.488851E+00 1.808E-02
  3.489555E+00 2.049E-02
  3.490249E+00 2.440E-02
  3.490934E+00 3.022E-02
  3.492279E+00 4.502E-02
  3.492500E+00 4.629E-02
  3.492720E+00 4.649E-02
  3.492939E+00 4.550E-02
  3.493375E+00 4.061E-02
  3.494234E+00 2.822E-02
  3.494659E+00 2.355E-02
  3.495080E+00 2.002E-02
  3.495705E+00 1.627E-02
  3.496322E+00 1.371E-02
  3.497134E+00 1.135E-02
  3.498130E+00 9.114E-03
  3.498327E+00 8.518E-03
  3.498523E+00 7.107E-03
  3.498718E+00 1.261E-02
  3.498912E+00 9.521E-03
  3.499106E+00 8.865E-03
  3.499682E+00 7.934E-03
  3.500814E+00 6.861E-03
  3.502281E+00 6.008E-03
  3.503528E+00 5.685E-03
  3.504570E+00 5.786E-03
  3.505420E+00 6.262E-03
  3.506089E+00 7.047E-03
  3.506583E+00 8.017E-03
  3.507072E+00 9.506E-03
  3.507395E+00 1.046E-02
  3.507716E+00 1.069E-02
  3.507875E+00 1.127E-02
  3.508192E+00 1.327E-02
  3.508506E+00 1.603E-02
  3.508818E+00 1.970E-02
  3.509128E+00 2.470E-02
  3.509282E+00 2.789E-02
  3.509436E+00 3.166E-02
  3.509589E+00 3.611E-02
  3.509741E+00 4.135E-02
  3.510044E+00 5.434E-02
  3.510494E+00 7.682E-02
  3.510643E+00 8.271E-02
  3.510792E+00 8.664E-02
  3.511087E+00 8.888E-02
  3.511234E+00 8.913E-02
  3.511380E+00 9.173E-02
  3.511526E+00 1.044E-01
  3.511671E+00 1.978E-01
  3.511815E+00 3.711E-01
  3.511960E+00 9.181E-01
  3.512103E+00 9.232E-02
  3.512246E+00 7.978E-02
  3.512389E+00 8.029E-02
  3.512531E+00 8.438E-02
  3.512672E+00 9.086E-02
  3.512813E+00 9.975E-02
  3.512954E+00 1.115E-01
  3.513094E+00 1.270E-01
  3.513233E+00 1.479E-01
  3.513372E+00 1.768E-01
  3.513511E+00 2.190E-01
  3.513649E+00 2.853E-01
  3.513786E+00 4.010E-01
  3.513923E+00 6.312E-01
  3.514060E+00 1.063E+00
  3.514196E+00 8.554E-01
  3.514332E+00 2.021E-01
  3.514467E+00 4.051E-02
  3.514601E+00 1.999E-02
  3.514735E+00 3.318E-02
  3.514869E+00 5.684E-02
  3.515002E+00 8.517E-02
  3.515267E+00 1.496E-01
  3.515399E+00 1.824E-01
  3.515530E+00 2.099E-01
  3.515661E+00 2.194E-01
  3.515791E+00 1.854E-01
  3.515921E+00 9.161E-02
  3.516050E+00 4.110E-02
  3.516179E+00 1.342E-01
  3.516308E+00 2.656E-01
  3.516436E+00 3.664E-01
  3.516564E+00 4.315E-01
  3.516691E+00 4.676E-01
  3.516818E+00 4.817E-01
  3.516944E+00 4.796E-01
  3.517195E+00 4.455E-01
  3.517939E+00 2.954E-01
  3.518304E+00 2.383E-01
  3.518667E+00 1.953E-01
  3.519025E+00 1.630E-01
  3.519497E+00 1.316E-01
  3.519963E+00 1.093E-01
  3.520537E+00 8.986E-02
  3.521101E+00 7.673E-02
  3.521655E+00 6.846E-02
  3.522201E+00 6.484E-02
  3.522631E+00 6.594E-02
  3.523055E+00 7.131E-02
  3.523681E+00 8.595E-02
  3.524193E+00 1.025E-01
  3.524295E+00 1.070E-01
  3.524396E+00 1.409E-01
  3.524497E+00 1.692E-01
  3.524597E+00 1.280E-01
  3.524996E+00 1.060E-01
  3.525389E+00 7.785E-02
  3.525681E+00 6.154E-02
  3.525970E+00 5.001E-02
  3.526257E+00 4.179E-02
  3.526634E+00 3.401E-02
  3.527100E+00 2.720E-02
  3.527649E+00 2.136E-02
  3.528276E+00 1.630E-02
  3.528977E+00 1.188E-02
  3.529744E+00 7.964E-03
  3.529828E+00 7.426E-03
  3.529912E+00 7.264E-03
  3.529996E+00 1.154E-02
  3.530079E+00 8.417E-03
  3.530162E+00 7.728E-03
  3.530327E+00 7.057E-03
  3.530573E+00 6.455E-03
  3.530655E+00 6.456E-03
  3.530736E+00 7.419E-03
  3.530817E+00 1.369E-02
  3.530898E+00 6.639E-02
  3.530978E+00 8.445E-02
  3.531058E+00 2.771E-02
  3.531139E+00 1.833E-02
  3.531218E+00 1.587E-02
  3.531298E+00 1.538E-02
  3.531377E+00 1.579E-02
  3.531456E+00 1.678E-02
  3.531535E+00 1.825E-02
  3.531614E+00 2.020E-02
  3.531692E+00 2.270E-02
  3.531770E+00 2.585E-02
  3.531848E+00 2.977E-02
  3.531926E+00 3.466E-02
  3.532003E+00 4.075E-02
  3.532081E+00 4.832E-02
  3.532158E+00 5.767E-02
  3.532234E+00 6.902E-02
  3.532311E+00 8.238E-02
  3.532539E+00 1.259E-01
  3.532615E+00 1.359E-01
  3.532690E+00 1.413E-01
  3.532915E+00 1.430E-01
  3.532990E+00 1.456E-01
  3.533064E+00 1.533E-01
  3.533138E+00 1.711E-01
  3.533212E+00 2.173E-01
  3.533286E+00 4.204E-01
  3.533359E+00 5.863E+00
  3.533433E+00 3.884E-01
  3.533506E+00 2.317E-01
  3.533578E+00 2.263E-01
  3.533651E+00 2.485E-01
  3.533723E+00 2.855E-01
  3.533796E+00 3.370E-01
  3.533868E+00 4.067E-01
  3.533939E+00 5.013E-01
  3.534011E+00 6.316E-01
  3.534082E+00 8.127E-01
  3.534153E+00 1.061E+00
  3.534224E+00 1.371E+00
  3.534295E+00 1.642E+00
  3.534366E+00 1.618E+00
  3.534436E+00 1.200E+00
  3.534506E+00 6.985E-01
  3.534576E+00 3.479E-01
  3.534646E+00 1.520E-01
  3.534715E+00 5.702E-02
  3.534785E+00 2.322E-02
  3.534854E+00 2.902E-02
  3.534923E+00 6.356E-02
  3.534992E+00 1.213E-01
  3.535060E+00 1.986E-01
  3.535129E+00 2.912E-01
  3.535265E+00 4.922E-01
  3.535332E+00 5.798E-01
  3.535400E+00 6.448E-01
  3.535467E+00 6.816E-01
  3.535535E+00 6.903E-01
  3.535602E+00 6.753E-01
  3.535735E+00 6.010E-01
  3.536066E+00 3.678E-01
  3.536262E+00 2.529E-01
  3.536391E+00 1.865E-01
  3.536456E+00 1.562E-01
  3.536520E+00 1.296E-01
  3.536585E+00 1.116E-01
  3.536649E+00 1.174E-01
  3.536713E+00 1.975E-01
  3.536776E+00 5.238E-01
  3.536840E+00 1.398E+00
  3.536903E+00 1.848E+00
  3.536966E+00 1.387E+00
  3.537029E+00 9.937E-01
  3.537092E+00 7.619E-01
  3.537155E+00 6.204E-01
  3.537217E+00 5.274E-01
  3.537280E+00 4.622E-01
  3.537342E+00 4.141E-01
  3.537404E+00 3.773E-01
  3.537527E+00 3.247E-01
  3.537711E+00 2.759E-01
  3.537894E+00 2.473E-01
  3.538074E+00 2.319E-01
  3.538313E+00 2.282E-01
  3.538550E+00 2.432E-01
  3.539072E+00 3.072E-01
  3.539300E+00 3.292E-01
  3.539414E+00 3.494E-01
  3.539470E+00 3.647E-01
  3.539526E+00 3.880E-01
  3.539582E+00 4.704E-01
  3.539638E+00 1.846E+00
  3.539694E+00 4.826E-01
  3.539750E+00 4.577E-01
  3.539860E+00 4.429E-01
  3.539971E+00 4.071E-01
  3.540244E+00 2.826E-01
  3.540406E+00 2.260E-01
  3.540566E+00 1.857E-01
  3.540726E+00 1.569E-01
  3.540937E+00 1.297E-01
  3.541197E+00 1.066E-01
  3.541505E+00 8.807E-02
  3.541809E+00 7.620E-02
  3.542008E+00 7.207E-02
  3.542157E+00 7.233E-02
  3.542255E+00 7.587E-02
  3.542304E+00 7.964E-02
  3.542401E+00 9.262E-02
  3.542498E+00 9.184E-02
  3.542547E+00 1.102E-01
  3.542595E+00 1.564E-01
  3.542643E+00 1.970E-01
  3.542691E+00 6.704E-02
  3.542739E+00 1.440E-02
  3.542787E+00 9.029E-03
  3.542834E+00 1.135E-02
  3.542882E+00 1.492E-02
  3.542929E+00 1.884E-02
  3.542976E+00 2.329E-02
  3.543024E+00 2.874E-02
  3.543117E+00 4.230E-02
  3.543164E+00 4.036E-02
  3.543211E+00 2.514E-02
  3.543257E+00 1.250E-02
  3.543304E+00 7.542E-03
  3.543350E+00 6.482E-03
  3.543396E+00 6.979E-03
  3.543443E+00 8.149E-03
  3.543488E+00 9.695E-03
  3.543534E+00 1.154E-02
  3.543580E+00 1.369E-02
  3.543626E+00 1.620E-02
  3.543671E+00 1.916E-02
  3.543717E+00 2.266E-02
  3.543762E+00 2.684E-02
  3.543807E+00 3.188E-02
  3.543852E+00 3.800E-02
  3.543897E+00 4.549E-02
  3.543942E+00 5.472E-02
  3.543987E+00 6.618E-02
  3.544031E+00 8.050E-02
  3.544076E+00 9.848E-02
  3.544120E+00 1.211E-01
  3.544165E+00 1.493E-01
  3.544209E+00 1.837E-01
  3.544341E+00 3.113E-01
  3.544384E+00 3.473E-01
  3.544428E+00 3.718E-01
  3.544515E+00 3.926E-01
  3.544602E+00 4.143E-01
  3.544645E+00 4.413E-01
  3.544688E+00 4.913E-01
  3.544731E+00 5.875E-01
  3.544773E+00 8.161E-01
  3.544816E+00 1.780E+00
  3.544859E+00 2.851E+01
  3.544901E+00 2.275E+00
  3.544944E+00 1.149E+00
  3.544986E+00 1.077E+00
  3.545028E+00 1.196E+00
  3.545070E+00 1.421E+00
  3.545112E+00 1.750E+00
  3.545154E+00 2.208E+00
  3.545196E+00 2.828E+00
  3.545279E+00 4.418E+00
  3.545320E+00 4.885E+00
  3.545362E+00 4.572E+00
  3.545403E+00 3.570E+00
  3.545444E+00 2.430E+00
  3.545485E+00 1.518E+00
  3.545526E+00 8.901E-01
  3.545567E+00 4.852E-01
  3.545608E+00 2.385E-01
  3.545649E+00 1.055E-01
  3.545689E+00 6.152E-02
  3.545730E+00 9.603E-02
  3.545770E+00 2.077E-01
  3.545810E+00 3.993E-01
  3.545851E+00 6.705E-01
  3.545891E+00 1.008E+00
  3.545971E+00 1.723E+00
  3.546011E+00 1.983E+00
  3.546050E+00 2.124E+00
  3.546090E+00 2.144E+00
  3.546129E+00 2.071E+00
  3.546208E+00 1.785E+00
  3.546326E+00 1.312E+00
  3.546442E+00 9.334E-01
  3.546558E+00 6.446E-01
  3.546635E+00 4.914E-01
  3.546673E+00 4.301E-01
  3.546711E+00 3.878E-01
  3.546750E+00 3.842E-01
  3.546787E+00 4.691E-01
  3.546825E+00 7.770E-01
  3.546863E+00 1.674E+00
  3.546901E+00 3.840E+00
  3.546939E+00 6.212E+00
  3.546976E+00 5.710E+00
  3.547014E+00 4.233E+00
  3.547051E+00 3.186E+00
  3.547088E+00 2.533E+00
  3.547125E+00 2.113E+00
  3.547163E+00 1.830E+00
  3.547200E+00 1.629E+00
  3.547236E+00 1.482E+00
  3.547310E+00 1.288E+00
  3.547383E+00 1.176E+00
  3.547456E+00 1.117E+00
  3.547565E+00 1.103E+00
  3.547673E+00 1.164E+00
  3.547816E+00 1.339E+00
  3.547958E+00 1.516E+00
  3.548098E+00 1.573E+00
  3.548237E+00 1.631E+00
  3.548306E+00 1.738E+00
  3.548375E+00 1.949E+00
  3.548409E+00 2.192E+00
  3.548443E+00 5.547E+00
  3.548477E+00 3.018E+00
  3.548511E+00 2.384E+00
  3.548613E+00 2.246E+00
  3.548714E+00 1.916E+00
  3.548847E+00 1.437E+00
  3.548947E+00 1.176E+00
  3.549045E+00 9.915E-01
  3.549176E+00 8.270E-01
  3.549305E+00 7.216E-01
  3.549465E+00 6.446E-01
  3.549592E+00 6.206E-01
  3.549687E+00 6.316E-01
  3.549749E+00 6.627E-01
  3.549812E+00 7.309E-01
  3.549843E+00 7.903E-01
  3.549874E+00 8.775E-01
  3.549905E+00 1.001E+00
  3.549935E+00 1.145E+00
  3.549966E+00 1.209E+00
  3.549997E+00 1.085E+00
  3.550028E+00 9.146E-01
  3.550058E+00 8.387E-01
  3.550089E+00 8.638E-01
  3.550119E+00 9.824E-01
  3.550150E+00 1.223E+00
  3.550180E+00 1.672E+00
  3.550210E+00 2.428E+00
  3.550240E+00 2.842E+00
  3.550270E+00 1.631E+00
  3.550300E+00 6.126E-01
  3.550330E+00 2.266E-01
  3.550360E+00 9.019E-02
  3.550390E+00 4.158E-02
  3.550420E+00 2.686E-02
  3.550450E+00 2.714E-02
  3.550479E+00 3.573E-02
  3.550509E+00 5.108E-02
  3.550539E+00 7.498E-02
  3.550568E+00 1.124E-01
  3.550598E+00 1.673E-01
  3.550627E+00 2.045E-01
  3.550656E+00 1.408E-01
  3.550685E+00 5.863E-02
  3.550715E+00 2.122E-02
  3.550744E+00 8.602E-03
  3.550773E+00 6.043E-03
  3.550802E+00 7.859E-03
  3.550831E+00 1.198E-02
  3.550859E+00 1.768E-02
  3.550888E+00 2.478E-02
  3.550917E+00 3.334E-02
  3.550946E+00 4.360E-02
  3.550974E+00 5.588E-02
  3.551003E+00 7.065E-02
  3.551031E+00 8.849E-02
  3.551060E+00 1.101E-01
  3.551088E+00 1.366E-01
  3.551116E+00 1.691E-01
  3.551145E+00 2.094E-01
  3.551173E+00 2.596E-01
  3.551201E+00 3.228E-01
  3.551229E+00 4.026E-01
  3.551257E+00 5.042E-01
  3.551285E+00 6.333E-01
  3.551313E+00 7.962E-01
  3.551341E+00 9.970E-01
  3.551369E+00 1.234E+00
  3.551424E+00 1.744E+00
  3.551452E+00 1.956E+00
  3.551479E+00 2.110E+00
  3.551561E+00 2.423E+00
  3.551589E+00 2.599E+00
  3.551616E+00 2.885E+00
  3.551643E+00 3.370E+00
  3.551670E+00 4.285E+00
  3.551697E+00 6.531E+00
  3.551724E+00 1.708E+01
  3.551751E+00 2.855E+02
  3.551778E+00 1.922E+01
  3.551805E+00 1.006E+01
  3.551832E+00 9.463E+00
  3.551859E+00 1.067E+01
  3.551885E+00 1.297E+01
  3.551912E+00 1.637E+01
  3.551939E+00 2.096E+01
  3.551965E+00 2.644E+01
  3.551992E+00 3.132E+01
  3.552018E+00 3.269E+01
  3.552044E+00 2.887E+01
  3.552097E+00 1.518E+01
  3.552123E+00 9.918E+00
  3.552149E+00 6.216E+00
  3.552175E+00 3.714E+00
  3.552201E+00 2.075E+00
  3.552227E+00 1.077E+00
  3.552253E+00 5.986E-01
  3.552279E+00 6.026E-01
  3.552305E+00 1.114E+00
  3.552331E+00 2.201E+00
  3.552356E+00 3.942E+00
  3.552382E+00 6.351E+00
  3.552408E+00 9.265E+00
  3.552433E+00 1.226E+01
  3.552459E+00 1.474E+01
  3.552484E+00 1.624E+01
  3.552510E+00 1.664E+01
  3.552535E+00 1.617E+01
  3.552586E+00 1.391E+01
  3.552661E+00 1.019E+01
  3.552711E+00 8.174E+00
  3.552761E+00 6.529E+00
  3.552810E+00 5.180E+00
  3.552860E+00 4.133E+00
  3.552885E+00 3.785E+00
  3.552909E+00 3.669E+00
  3.552934E+00 4.012E+00
  3.552958E+00 5.344E+00
  3.552983E+00 8.957E+00
  3.553007E+00 1.789E+01
  3.553031E+00 3.672E+01
  3.553056E+00 5.808E+01
  3.553080E+00 5.863E+01
  3.553104E+00 4.669E+01
  3.553128E+00 3.631E+01
  3.553152E+00 2.936E+01
  3.553176E+00 2.479E+01
  3.553200E+00 2.172E+01
  3.553224E+00 1.959E+01
  3.553248E+00 1.810E+01
  3.553296E+00 1.633E+01
  3.553343E+00 1.562E+01
  3.553391E+00 1.567E+01
  3.553461E+00 1.698E+01
  3.553531E+00 1.966E+01
  3.553647E+00 2.545E+01
  3.553716E+00 2.758E+01
  3.553831E+00 2.951E+01
  3.553876E+00 3.147E+01
  3.553921E+00 3.514E+01
  3.553944E+00 3.788E+01
  3.553966E+00 4.169E+01
  3.553988E+00 4.906E+01
  3.554011E+00 1.688E+02
  3.554033E+00 6.528E+01
  3.554056E+00 5.365E+01
  3.554122E+00 5.367E+01
  3.554188E+00 4.880E+01
  3.554276E+00 4.051E+01
  3.554363E+00 3.499E+01
  3.554450E+00 3.232E+01
  3.554535E+00 3.189E+01
  3.554620E+00 3.362E+01
  3.554684E+00 3.673E+01
  3.554747E+00 4.244E+01
  3.554789E+00 4.886E+01
  3.554809E+00 5.342E+01
  3.554830E+00 5.937E+01
  3.554851E+00 6.732E+01
  3.554872E+00 7.822E+01
  3.554892E+00 9.328E+01
  3.554934E+00 1.355E+02
  3.554954E+00 1.487E+02
  3.554975E+00 1.431E+02
  3.554995E+00 1.293E+02
  3.555016E+00 1.218E+02
  3.555036E+00 1.254E+02
  3.555056E+00 1.412E+02
  3.555077E+00 1.728E+02
  3.555097E+00 2.293E+02
  3.555117E+00 3.313E+02
  3.555137E+00 5.153E+02
  3.555158E+00 7.601E+02
  3.555178E+00 7.262E+02
  3.555198E+00 4.074E+02
  3.555218E+00 1.978E+02
  3.555238E+00 1.001E+02
  3.555258E+00 5.385E+01
  3.555278E+00 3.054E+01
  3.555298E+00 1.847E+01
  3.555318E+00 1.276E+01
  3.555337E+00 1.157E+01
  3.555357E+00 1.497E+01
  3.555377E+00 2.525E+01
  3.555397E+00 4.920E+01
  3.555416E+00 1.046E+02
  3.555436E+00 2.240E+02
  3.555456E+00 3.550E+02
  3.555475E+00 3.062E+02
  3.555495E+00 2.006E+02
  3.555514E+00 1.344E+02
  3.555534E+00 9.746E+01
  3.555553E+00 7.584E+01
  3.555573E+00 6.245E+01
  3.555592E+00 5.376E+01
  3.555611E+00 4.790E+01
  3.555631E+00 4.394E+01
  3.555650E+00 4.128E+01
  3.555688E+00 3.861E+01
  3.555726E+00 3.842E+01
  3.555765E+00 4.023E+01
  3.555803E+00 4.407E+01
  3.555840E+00 5.045E+01
  3.555878E+00 6.034E+01
  3.555897E+00 6.704E+01
  3.555916E+00 7.513E+01
  3.555990E+00 1.160E+02
  3.556009E+00 1.226E+02
  3.556027E+00 1.249E+02
  3.556064E+00 1.197E+02
  3.556101E+00 1.147E+02
  3.556120E+00 1.165E+02
  3.556138E+00 1.234E+02
  3.556156E+00 1.389E+02
  3.556175E+00 1.739E+02
  3.556193E+00 2.752E+02
  3.556211E+00 8.970E+02
  3.556229E+00 5.721E+03
  3.556247E+00 5.141E+02
  3.556265E+00 2.907E+02
  3.556283E+00 2.653E+02
  3.556302E+00 2.860E+02
  3.556320E+00 3.312E+02
  3.556338E+00 3.950E+02
  3.556355E+00 4.674E+02
  3.556373E+00 5.206E+02
  3.556391E+00 5.111E+02
  3.556409E+00 4.257E+02
  3.556427E+00 3.072E+02
  3.556445E+00 2.028E+02
  3.556462E+00 1.277E+02
  3.556480E+00 7.795E+01
  3.556498E+00 4.605E+01
  3.556516E+00 2.604E+01
  3.556533E+00 1.406E+01
  3.556551E+00 7.848E+00
  3.556568E+00 6.223E+00
  3.556586E+00 8.715E+00
  3.556603E+00 1.532E+01
  3.556621E+00 2.622E+01
  3.556638E+00 4.131E+01
  3.556656E+00 5.947E+01
  3.556673E+00 7.787E+01
  3.556690E+00 9.236E+01
  3.556708E+00 9.951E+01
  3.556725E+00 9.872E+01
  3.556742E+00 9.206E+01
  3.556794E+00 6.196E+01
  3.556811E+00 5.304E+01
  3.556828E+00 4.529E+01
  3.556845E+00 3.866E+01
  3.556862E+00 3.301E+01
  3.556879E+00 2.819E+01
  3.556896E+00 2.409E+01
  3.556913E+00 2.061E+01
  3.556930E+00 1.765E+01
  3.556947E+00 1.521E+01
  3.556964E+00 1.330E+01
  3.556980E+00 1.201E+01
  3.556997E+00 1.163E+01
  3.557014E+00 1.275E+01
  3.557031E+00 1.665E+01
  3.557047E+00 2.622E+01
  3.557064E+00 4.733E+01
  3.557081E+00 8.677E+01
  3.557097E+00 1.291E+02
  3.557114E+00 1.318E+02
  3.557130E+00 1.058E+02
  3.557147E+00 8.082E+01
  3.557163E+00 6.330E+01
  3.557180E+00 5.152E+01
  3.557196E+00 4.345E+01
  3.557213E+00 3.776E+01
  3.557229E+00 3.364E+01
  3.557245E+00 3.059E+01
  3.557278E+00 2.665E+01
  3.557311E+00 2.458E+01
  3.557343E+00 2.376E+01
  3.557391E+00 2.417E+01
  3.557471E+00 2.614E+01
  3.557519E+00 2.548E+01
  3.557614E+00 2.105E+01
  3.557645E+00 2.046E+01
  3.557676E+00 2.084E+01
  3.557692E+00 2.146E+01
  3.557707E+00 2.246E+01
  3.557723E+00 2.428E+01
  3.557738E+00 3.120E+01
  3.557754E+00 3.195E+02
  3.557769E+00 2.681E+01
  3.557784E+00 2.443E+01
  3.557831E+00 2.134E+01
  3.557892E+00 1.535E+01
  3.557922E+00 1.278E+01
  3.557952E+00 1.072E+01
  3.557982E+00 9.127E+00
  3.558027E+00 7.380E+00
  3.558072E+00 6.183E+00
  3.558117E+00 5.363E+00
  3.558161E+00 4.824E+00
  3.558205E+00 4.530E+00
  3.558249E+00 4.518E+00
  3.558278E+00 4.745E+00
  3.558293E+00 4.972E+00
  3.558307E+00 5.309E+00
  3.558322E+00 5.795E+00
  3.558351E+00 7.295E+00
  3.558365E+00 8.060E+00
  3.558379E+00 8.222E+00
  3.558394E+00 7.462E+00
  3.558408E+00 6.309E+00
  3.558422E+00 5.416E+00
  3.558437E+00 4.972E+00
  3.558451E+00 4.942E+00
  3.558465E+00 5.299E+00
  3.558479E+00 6.113E+00
  3.558494E+00 7.606E+00
  3.558508E+00 1.023E+01
  3.558522E+00 1.440E+01
  3.558536E+00 1.757E+01
  3.558550E+00 1.310E+01
  3.558564E+00 6.493E+00
  3.558578E+00 2.999E+00
  3.558592E+00 1.453E+00
  3.558606E+00 7.448E-01
  3.558620E+00 3.990E-01
  3.558634E+00 2.221E-01
  3.558648E+00 1.299E-01
  3.558662E+00 8.357E-02
  3.558676E+00 6.473E-02
  3.558690E+00 6.552E-02
  3.558704E+00 8.541E-02
  3.558717E+00 1.318E-01
  3.558745E+00 3.008E-01
  3.558759E+00 2.228E-01
  3.558772E+00 1.011E-01
  3.558786E+00 4.111E-02
  3.558800E+00 1.686E-02
  3.558813E+00 7.803E-03
  3.558827E+00 5.659E-03
  3.558841E+00 7.128E-03
  3.558854E+00 1.084E-02
  3.558868E+00 1.622E-02
  3.558881E+00 2.310E-02
  3.558895E+00 3.146E-02
  3.558908E+00 4.146E-02
  3.558922E+00 5.331E-02
  3.558935E+00 6.736E-02
  3.558949E+00 8.401E-02
  3.558962E+00 1.038E-01
  3.558976E+00 1.275E-01
  3.558989E+00 1.559E-01
  3.559002E+00 1.902E-01
  3.559016E+00 2.321E-01
  3.559029E+00 2.834E-01
  3.559042E+00 3.471E-01
  3.559055E+00 4.265E-01
  3.559069E+00 5.262E-01
  3.559082E+00 6.514E-01
  3.559095E+00 8.072E-01
  3.559108E+00 9.965E-01
  3.559134E+00 1.449E+00
  3.559161E+00 1.852E+00
  3.559187E+00 2.083E+00
  3.559213E+00 2.306E+00
  3.559226E+00 2.504E+00
  3.559239E+00 2.826E+00
  3.559252E+00 3.376E+00
  3.559264E+00 4.441E+00
  3.559277E+00 7.166E+00
  3.559290E+00 2.051E+01
  3.559303E+00 3.376E+02
  3.559316E+00 2.378E+01
  3.559329E+00 1.142E+01
  3.559341E+00 1.014E+01
  3.559354E+00 1.111E+01
  3.559367E+00 1.328E+01
  3.559380E+00 1.636E+01
  3.559392E+00 1.978E+01
  3.559405E+00 2.202E+01
  3.559418E+00 2.116E+01
  3.559430E+00 1.722E+01
  3.559443E+00 1.237E+01
  3.559456E+00 8.296E+00
  3.559468E+00 5.375E+00
  3.559481E+00 3.400E+00
  3.559493E+00 2.094E+00
  3.559506E+00 1.248E+00
  3.559518E+00 7.330E-01
  3.559531E+00 4.774E-01
  3.559543E+00 4.528E-01
  3.559556E+00 6.629E-01
  3.559568E+00 1.135E+00
  3.559580E+00 1.907E+00
  3.559593E+00 2.993E+00
  3.559618E+00 5.691E+00
  3.559630E+00 6.779E+00
  3.559642E+00 7.327E+00
  3.559654E+00 7.299E+00
  3.559667E+00 6.852E+00
  3.559703E+00 4.788E+00
  3.559728E+00 3.622E+00
  3.559740E+00 3.149E+00
  3.559752E+00 2.740E+00
  3.559764E+00 2.388E+00
  3.559776E+00 2.085E+00
  3.559788E+00 1.825E+00
  3.559800E+00 1.607E+00
  3.559812E+00 1.433E+00
  3.559824E+00 1.312E+00
  3.559836E+00 1.264E+00
  3.559848E+00 1.334E+00
  3.559860E+00 1.615E+00
  3.559872E+00 2.305E+00
  3.559884E+00 3.818E+00
  3.559896E+00 6.865E+00
  3.559908E+00 1.168E+01
  3.559920E+00 1.532E+01
  3.559931E+00 1.458E+01
  3.559943E+00 1.181E+01
  3.559955E+00 9.349E+00
  3.559967E+00 7.599E+00
  3.559979E+00 6.397E+00
  3.559990E+00 5.562E+00
  3.560002E+00 4.973E+00
  3.560025E+00 4.250E+00
  3.560049E+00 3.899E+00
  3.560072E+00 3.785E+00
  3.560107E+00 3.929E+00
  3.560176E+00 4.673E+00
  3.560199E+00 4.733E+00
  3.560233E+00 4.497E+00
  3.560278E+00 4.053E+00
  3.560300E+00 3.996E+00
  3.560323E+00 4.131E+00
  3.560345E+00 4.514E+00
  3.560357E+00 4.871E+00
  3.560368E+00 5.715E+00
  3.560379E+00 2.436E+01
  3.560390E+00 6.709E+00
  3.560401E+00 5.327E+00
  3.560434E+00 4.817E+00
  3.560500E+00 3.094E+00
  3.560533E+00 2.453E+00
  3.560565E+00 2.010E+00
  3.560598E+00 1.708E+00
  3.560630E+00 1.506E+00
  3.560673E+00 1.351E+00
  3.560705E+00 1.316E+00
  3.560737E+00 1.372E+00
  3.560758E+00 1.496E+00
  3.560779E+00 1.748E+00
  3.560800E+00 2.208E+00
  3.560810E+00 2.489E+00
  3.560821E+00 2.671E+00
  3.560831E+00 2.597E+00
  3.560842E+00 2.291E+00
  3.560852E+00 1.959E+00
  3.560862E+00 1.738E+00
  3.560873E+00 1.650E+00
  3.560883E+00 1.688E+00
  3.560893E+00 1.855E+00
  3.560904E+00 2.190E+00
  3.560914E+00 2.789E+00
  3.560924E+00 3.827E+00
  3.560935E+00 5.389E+00
  3.560945E+00 6.239E+00
  3.560955E+00 4.380E+00
  3.560965E+00 2.199E+00
  3.560976E+00 1.063E+00
  3.560986E+00 5.428E-01
  3.560996E+00 2.937E-01
  3.561006E+00 1.666E-01
  3.561016E+00 9.829E-02
  3.561026E+00 6.044E-02
  3.561037E+00 3.947E-02
  3.561047E+00 2.864E-02
  3.561057E+00 2.477E-02
  3.561067E+00 2.704E-02
  3.561077E+00 3.704E-02
  3.561087E+00 5.914E-02
  3.561097E+00 8.905E-02
  3.561114E+00 5.193E-02
  3.571104E+00 4.768E-01
  3.571114E+00 4.854E-01
  3.596058E+00 9.806E-02
  3.621001E+00 4.823E-02
  3.645944E+00 2.969E-02
  3.670888E+00 2.109E-02
  3.695831E+00 1.666E-02
  3.720774E+00 1.416E-02
  3.745717E+00 1.264E-02
  3.770661E+00 1.168E-02
  3.820547E+00 1.062E-02
  3.895377E+00 1.003E-02
  4.294470E+00 1.010E-02
  4.718507E+00 8.901E-03
  5.616466E+00 5.952E-03
  5.990615E+00 5.101E-03
  6.015559E+00 5.053E-03
  6.137083E+00 4.759E-03
  6.261057E+00 4.482E-03
  6.387538E+00 4.221E-03
  6.516578E+00 3.975E-03
  6.648222E+00 3.743E-03
  6.782523E+00 3.525E-03
  6.919537E+00 3.320E-03
  7.059321E+00 3.127E-03
  7.201929E+00 2.945E-03
  7.347423E+00 2.773E-03
  7.495847E+00 2.612E-03
  7.647272E+00 2.460E-03
  7.801761E+00 2.316E-03
  7.959364E+00 2.181E-03
  8.120152E+00 2.054E-03
  8.284192E+00 1.935E-03
  8.451543E+00 1.822E-03
  8.622278E+00 1.716E-03
  8.796456E+00 1.616E-03
  8.974162E+00 1.522E-03
  9.155447E+00 1.433E-03
  9.340399E+00 1.350E-03
  9.529091E+00 1.271E-03
  9.721592E+00 1.197E-03
  9.917976E+00 1.127E-03
  1.011834E+01 1.062E-03
  1.032274E+01 1.000E-03
  1.053127E+01 9.417E-04
  1.074402E+01 8.869E-04
  1.096106E+01 8.353E-04
  1.118249E+01 7.866E-04
  1.140839E+01 7.408E-04
  1.163886E+01 6.977E-04
  1.187398E+01 6.570E-04
  1.211385E+01 6.188E-04
  1.235856E+01 5.827E-04
  1.260823E+01 5.488E-04
  1.286293E+01 5.168E-04
  1.312277E+01 4.867E-04
  1.338787E+01 4.584E-04
  1.365832E+01 4.317E-04
  1.393424E+01 4.066E-04
  1.421573E+01 3.829E-04
  1.450291E+01 3.606E-04
  1.479589E+01 3.396E-04
  1.509479E+01 3.198E-04
  1.539972E+01 3.012E-04
  1.571081E+01 2.836E-04
  1.602818E+01 2.671E-04
  1.635197E+01 2.516E-04
  1.668230E+01 2.369E-04
  1.701932E+01 2.231E-04
  1.736311E+01 2.101E-04
  1.771388E+01 1.979E-04
  1.807172E+01 1.864E-04
  1.843680E+01 1.755E-04
  1.880923E+01 1.653E-04
  1.918922E+01 1.557E-04
  1.957686E+01 1.466E-04
  1.997235E+01 1.381E-04
  2.037581E+01 1.300E-04
  2.078745E+01 1.225E-04
  2.120737E+01 1.153E-04
  2.163579E+01 1.086E-04
  2.207285E+01 1.023E-04
  2.251875E+01 9.633E-05
  2.297365E+01 9.072E-05
  2.343776E+01 8.543E-05