  3.003342E-02 1.107E+02
  4.003342E-02 5.493E+01
  9.131813E-02 5.888E+00
  1.412989E-01 1.563E+00
  1.900196E-01 5.996E-01
  2.375223E-01 2.814E-01
  2.838471E-01 1.498E-01
  3.290328E-01 8.718E-02
  3.731163E-01 5.440E-02
  4.161332E-01 3.600E-02
  4.581177E-01 2.504E-02
  4.991025E-01 1.813E-02
  5.391191E-01 1.353E-02
  5.781978E-01 1.032E-02
  6.163676E-01 7.999E-03
  6.536566E-01 6.275E-03
  6.900916E-01 4.974E-03
  7.256985E-01 3.987E-03
  7.605021E-01 3.234E-03
  7.945266E-01 2.659E-03
  8.277949E-01 2.219E-03
  8.603294E-01 1.880E-03
  8.921513E-01 1.616E-03
  9.232815E-01 1.408E-03
  9.537398E-01 1.241E-03
  1.012717E+00 9.873E-04
  1.069228E+00 7.977E-04
  1.149665E+00 5.798E-04
  1.225276E+00 4.175E-04
  1.273191E+00 3.356E-04
  1.319233E+00 2.721E-04
  1.363498E+00 2.240E-04
  1.406077E+00 1.882E-04
  1.466968E+00 1.515E-04
  1.524517E+00 1.286E-04
  1.596463E+00 1.099E-04
  1.784041E+00 7.164E-05
  1.913773E+00 4.277E-05
  1.971229E+00 3.249E-05
  2.024397E+00 2.508E-05
  2.073694E+00 1.981E-05
  2.128255E+00 1.529E-05
  2.186264E+00 1.155E-05
  2.238908E+00 8.856E-06
  2.293323E+00 6.708E-06
  2.353884E+00 4.898E-06
  2.417309E+00 3.132E-06
  2.450328E+00 2.153E-06
  2.459280E+00 1.996E-06
  2.463679E+00 1.982E-06
  2.468029E+00 2.043E-06
  2.472330E+00 2.215E-06
  2.476583E+00 2.557E-06
  2.480788E+00 3.164E-06
  2.484946E+00 4.196E-06
  2.489058E+00 5.932E-06
  2.493124E+00 8.887E-06
  2.497146E+00 1.409E-05
  2.501123E+00 2.377E-05
  2.505057E+00 4.352E-05
  2.508947E+00 9.027E-05
  2.512796E+00 2.348E-04
  2.516603E+00 1.059E-03
  2.520369E+00 1.265E-01
  2.524094E+00 1.510E-03
  2.527779E+00 4.236E-04
  2.531425E+00 2.115E-04
  2.535033E+00 1.333E-04
  2.538602E+00 9.514E-05
  2.542133E+00 7.339E-05
  2.545627E+00 5.966E-05
  2.549085E+00 5.034E-05
  2.552506E+00 4.368E-05
  2.555892E+00 3.873E-05
  2.559242E+00 3.493E-05
  2.565840E+00 2.954E-05
  2.572302E+00 2.596E-05
  2.581752E+00 2.249E-05
  2.593911E+00 1.980E-05
  2.608442E+00 1.808E-05
  2.624962E+00 1.736E-05
  2.645552E+00 1.776E-05
  2.666936E+00 1.952E-05
  2.688718E+00 2.280E-05
  2.708647E+00 2.741E-05
  2.728672E+00 3.402E-05
  2.746935E+00 4.238E-05
  2.765084E+00 5.376E-05
  2.781598E+00 6.796E-05
  2.796668E+00 8.566E-05
  2.810457E+00 1.079E-04
  2.822093E+00 1.337E-04
  2.832866E+00 1.669E-04
  2.841981E+00 2.067E-04
  2.848847E+00 2.493E-04
  2.854566E+00 3.007E-04
  2.858495E+00 3.528E-04
  2.861550E+00 4.142E-04
  2.863790E+00 4.853E-04
  2.865260E+00 5.588E-04
  2.865989E+00 6.108E-04
  2.866712E+00 6.804E-04
  2.867431E+00 7.792E-04
  2.868146E+00 9.313E-04
  2.868856E+00 1.195E-03
  2.869562E+00 1.748E-03
  2.870264E+00 3.389E-03
  2.870961E+00 1.575E-02
  2.871654E+00 3.534E-02
  2.872343E+00 2.391E-03
  2.873027E+00 8.086E-04
  2.873707E+00 4.901E-04
  2.874384E+00 4.017E-04
  2.875056E+00 3.811E-04
  2.875724E+00 3.868E-04
  2.876387E+00 4.056E-04
  2.877047E+00 4.333E-04
  2.877703E+00 4.698E-04
  2.878355E+00 5.186E-04
  2.879003E+00 5.884E-04
  2.879647E+00 7.014E-04
  2.880288E+00 9.242E-04
  2.880924E+00 1.541E-03
  2.881557E+00 5.284E-03
  2.882186E+00 1.335E-01
  2.882811E+00 2.687E-03
  2.883432E+00 1.099E-03
  2.884050E+00 7.924E-04
  2.884664E+00 6.996E-04
  2.885275E+00 6.714E-04
  2.886485E+00 6.800E-04
  2.888274E+00 7.486E-04
  2.890611E+00 8.875E-04
  2.892894E+00 1.080E-03
  2.894573E+00 1.274E-03
  2.896222E+00 1.533E-03
  2.897844E+00 1.896E-03
  2.898910E+00 2.228E-03
  2.899965E+00 2.674E-03
  2.901007E+00 3.297E-03
  2.901524E+00 3.709E-03
  2.902038E+00 4.216E-03
  2.902549E+00 4.852E-03
  2.903057E+00 5.668E-03
  2.903563E+00 6.744E-03
  2.904065E+00 8.208E-03
  2.904565E+00 1.028E-02
  2.905062E+00 1.337E-02
  2.905557E+00 1.832E-02
  2.906048E+00 2.702E-02
  2.906537E+00 4.474E-02
  2.907024E+00 9.087E-02
  2.907507E+00 2.930E-01
  2.907988E+00 9.674E+00
  2.908467E+00 5.913E-01
  2.908943E+00 1.124E-01
  2.909416E+00 4.431E-02
  2.909887E+00 2.289E-02
  2.910355E+00 1.362E-02
  2.910820E+00 8.836E-03
  2.911284E+00 6.079E-03
  2.911744E+00 4.361E-03
  2.912202E+00 3.229E-03
  2.912658E+00 2.449E-03
  2.913111E+00 1.894E-03
  2.913562E+00 1.487E-03
  2.914011E+00 1.184E-03
  2.914457E+00 9.525E-04
  2.914901E+00 7.740E-04
  2.915342E+00 6.346E-04
  2.915781E+00 5.246E-04
  2.916218E+00 4.373E-04
  2.916652E+00 3.675E-04
  2.917084E+00 3.116E-04
  2.917514E+00 2.667E-04
  2.917942E+00 2.307E-04
  2.918367E+00 2.020E-04
  2.918791E+00 1.792E-04
  2.919212E+00 1.613E-04
  2.919630E+00 1.476E-04
  2.920047E+00 1.372E-04
  2.920874E+00 1.248E-04
  2.921692E+00 1.209E-04
  2.922502E+00 1.234E-04
  2.923701E+00 1.359E-04
  2.925272E+00 1.645E-04
  2.927191E+00 2.134E-04
  2.929431E+00 2.867E-04
  2.931961E+00 3.902E-04
  2.934748E+00 5.341E-04
  2.937428E+00 7.133E-04
  2.939690E+00 9.120E-04
  2.941570E+00 1.136E-03
  2.942490E+00 1.307E-03
  2.942794E+00 1.421E-03
  2.943097E+00 2.182E-03
  2.943398E+00 1.129E-03
  2.943697E+00 1.306E-03
  2.944588E+00 1.536E-03
  2.946333E+00 1.980E-03
  2.947750E+00 2.482E-03
  2.948861E+00 3.048E-03
  2.949681E+00 3.635E-03
  2.950490E+00 4.460E-03
  2.951024E+00 5.226E-03
  2.951553E+00 6.277E-03
  2.951815E+00 6.962E-03
  2.952076E+00 7.800E-03
  2.952337E+00 8.844E-03
  2.952596E+00 1.017E-02
  2.952854E+00 1.192E-02
  2.953110E+00 1.428E-02
  2.953366E+00 1.761E-02
  2.953621E+00 2.256E-02
  2.953874E+00 3.047E-02
  2.954126E+00 4.437E-02
  2.954378E+00 7.274E-02
  2.954628E+00 1.470E-01
  2.954877E+00 4.748E-01
  2.955125E+00 1.112E+01
  2.955371E+00 8.248E-01
  2.955617E+00 1.694E-01
  2.955862E+00 6.890E-02
  2.956105E+00 3.674E-02
  2.956348E+00 2.275E-02
  2.956590E+00 1.554E-02
  2.956830E+00 1.141E-02
  2.957069E+00 8.872E-03
  2.957308E+00 7.231E-03
  2.957545E+00 6.137E-03
  2.957782E+00 5.396E-03
  2.958017E+00 4.894E-03
  2.958251E+00 4.564E-03
  2.958485E+00 4.364E-03
  2.958717E+00 4.273E-03
  2.958948E+00 4.283E-03
  2.959179E+00 4.402E-03
  2.959408E+00 4.664E-03
  2.959636E+00 5.148E-03
  2.959864E+00 6.044E-03
  2.960090E+00 7.845E-03
  2.960316E+00 1.211E-02
  2.960540E+00 2.582E-02
  2.960764E+00 1.167E-01
  2.960987E+00 9.389E+00
  2.961208E+00 1.046E-01
  2.961429E+00 3.711E-02
  2.961649E+00 2.249E-02
  2.961868E+00 1.704E-02
  2.962086E+00 1.452E-02
  2.962303E+00 1.324E-02
  2.962519E+00 1.261E-02
  2.962735E+00 1.237E-02
  2.963163E+00 1.258E-02
  2.963587E+00 1.342E-02
  2.964217E+00 1.565E-02
  2.964633E+00 1.787E-02
  2.965045E+00 2.086E-02
  2.965454E+00 2.494E-02
  2.965860E+00 3.063E-02
  2.966061E+00 3.436E-02
  2.966262E+00 3.890E-02
  2.966462E+00 4.451E-02
  2.966661E+00 5.156E-02
  2.966859E+00 6.061E-02
  2.967057E+00 7.250E-02
  2.967254E+00 8.858E-02
  2.967450E+00 1.111E-01
  2.967645E+00 1.443E-01
  2.967839E+00 1.961E-01
  2.968033E+00 2.840E-01
  2.968225E+00 4.522E-01
  2.968417E+00 8.429E-01
  2.968609E+00 2.147E+00
  2.968799E+00 1.403E+01
  2.968989E+00 3.706E+01
  2.969178E+00 2.777E+00
  2.969366E+00 9.080E-01
  2.969553E+00 4.375E-01
  2.969740E+00 2.530E-01
  2.969926E+00 1.627E-01
  2.970111E+00 1.121E-01
  2.970296E+00 8.114E-02
  2.970479E+00 6.084E-02
  2.970663E+00 4.689E-02
  2.970845E+00 3.692E-02
  2.971026E+00 2.957E-02
  2.971207E+00 2.402E-02
  2.971387E+00 1.973E-02
  2.971567E+00 1.637E-02
  2.971746E+00 1.368E-02
  2.971924E+00 1.151E-02
  2.972101E+00 9.732E-03
  2.972278E+00 8.266E-03
  2.972454E+00 7.046E-03
  2.972629E+00 6.022E-03
  2.972804E+00 5.157E-03
  2.972978E+00 4.423E-03
  2.973151E+00 3.796E-03
  2.973324E+00 3.258E-03
  2.973496E+00 2.796E-03
  2.973667E+00 2.397E-03
  2.973837E+00 2.052E-03
  2.974007E+00 1.752E-03
  2.974177E+00 1.493E-03
  2.974345E+00 1.268E-03
  2.974513E+00 1.073E-03
  2.974681E+00 9.034E-04
  2.974847E+00 7.571E-04
  2.975013E+00 6.310E-04
  2.975179E+00 5.228E-04
  2.975344E+00 4.306E-04
  2.975508E+00 3.526E-04
  2.975671E+00 2.875E-04
  2.975834E+00 2.340E-04
  2.975997E+00 1.909E-04
  2.976158E+00 1.574E-04
  2.976320E+00 1.327E-04
  2.976480E+00 1.160E-04
  2.976640E+00 1.071E-04
  2.976799E+00 1.068E-04
  2.976958E+00 9.506E-01
  2.977116E+00 1.186E-04
  2.977273E+00 1.322E-04
  2.977430E+00 1.523E-04
  2.977587E+00 1.776E-04
  2.977742E+00 2.076E-04
  2.978052E+00 2.807E-04
  2.978360E+00 3.700E-04
  2.978816E+00 5.314E-04
  2.979418E+00 7.910E-04
  2.980594E+00 1.362E-03
  2.980883E+00 1.430E-03
  2.981026E+00 1.437E-03
  2.981169E+00 1.801E-03
  2.981312E+00 1.165E+00
  2.981454E+00 7.159E-03
  2.981595E+00 4.419E-03
  2.981736E+00 3.876E-03
  2.981877E+00 3.736E-03
  2.982156E+00 3.806E-03
  2.982572E+00 4.205E-03
  2.983254E+00 5.189E-03
  2.984057E+00 6.760E-03
  2.984843E+00 8.811E-03
  2.985486E+00 1.100E-02
  2.986117E+00 1.377E-02
  2.986737E+00 1.736E-02
  2.987347E+00 2.213E-02
  2.987828E+00 2.723E-02
  2.988301E+00 3.412E-02
  2.988652E+00 4.114E-02
  2.989000E+00 5.087E-02
  2.989230E+00 5.989E-02
  2.989458E+00 7.255E-02
  2.989572E+00 8.116E-02
  2.989685E+00 9.226E-02
  2.989797E+00 1.073E-01
  2.989910E+00 1.292E-01
  2.990022E+00 1.644E-01
  2.990133E+00 2.315E-01
  2.990245E+00 4.038E-01
  2.990356E+00 1.324E+00
  2.990466E+00 1.353E+01
  2.990576E+00 2.988E-01
  2.990686E+00 7.881E-02
  2.990795E+00 5.339E-02
  2.990905E+00 5.570E-02
  2.991013E+00 6.546E-02
  2.991122E+00 7.864E-02
  2.991230E+00 9.456E-02
  2.991337E+00 1.136E-01
  2.991444E+00 1.369E-01
  2.991551E+00 1.662E-01
  2.991658E+00 2.043E-01
  2.991764E+00 2.557E-01
  2.991870E+00 3.286E-01
  2.991975E+00 4.379E-01
  2.992081E+00 6.138E-01
  2.992185E+00 9.260E-01
  2.992290E+00 1.565E+00
  2.992394E+00 3.210E+00
  2.992498E+00 9.958E+00
  2.992601E+00 1.607E+02
  2.992704E+00 4.229E+01
  2.992807E+00 7.121E+00
  2.992910E+00 2.967E+00
  2.993012E+00 1.700E+00
  2.993113E+00 1.155E+00
  2.993215E+00 8.758E-01
  2.993316E+00 7.174E-01
  2.993417E+00 6.228E-01
  2.993517E+00 5.658E-01
  2.993617E+00 5.330E-01
  2.993717E+00 5.172E-01
  2.993817E+00 5.141E-01
  2.994015E+00 5.382E-01
  2.994212E+00 5.981E-01
  2.994407E+00 6.969E-01
  2.994601E+00 8.460E-01
  2.994698E+00 9.461E-01
  2.994794E+00 1.069E+00
  2.994890E+00 1.220E+00
  2.994986E+00 1.410E+00
  2.995082E+00 1.649E+00
  2.995177E+00 1.956E+00
  2.995272E+00 2.359E+00
  2.995366E+00 2.899E+00
  2.995460E+00 3.648E+00
  2.995554E+00 4.722E+00
  2.995648E+00 6.340E+00
  2.995741E+00 8.937E+00
  2.995834E+00 1.348E+01
  2.995927E+00 2.251E+01
  2.996020E+00 4.462E+01
  2.996112E+00 1.255E+02
  2.996204E+00 1.148E+03
  2.996295E+00 1.096E+03
  2.996387E+00 1.271E+02
  2.996478E+00 4.648E+01
  2.996568E+00 2.402E+01
  2.996659E+00 1.471E+01
  2.996749E+00 9.964E+00
  2.996839E+00 7.218E+00
  2.996928E+00 5.485E+00
  2.997018E+00 4.320E+00
  2.997107E+00 3.499E+00
  2.997196E+00 2.898E+00
  2.997284E+00 2.445E+00
  2.997372E+00 2.094E+00
  2.997460E+00 1.816E+00
  2.997548E+00 1.593E+00
  2.997635E+00 1.411E+00
  2.997809E+00 1.134E+00
  2.997982E+00 9.366E-01
  2.998154E+00 7.910E-01
  2.998325E+00 6.819E-01
  2.998495E+00 6.038E-01
  2.998579E+00 5.845E-01
  2.998664E+00 7.903E-01
  2.998748E+00 4.313E-01
  2.998831E+00 4.325E-01
  2.999329E+00 3.319E-01
  2.999736E+00 2.712E-01
  3.000217E+00 2.209E-01
  3.000689E+00 1.867E-01
  3.001000E+00 1.723E-01
  3.001153E+00 1.717E-01
  3.001230E+00 1.771E-01
  3.001306E+00 1.946E-01
  3.001382E+00 2.558E-01
  3.001458E+00 6.304E-01
  3.001534E+00 5.283E+03
  3.001609E+00 7.430E-01
  3.001684E+00 3.085E-01
  3.001759E+00 2.210E-01
  3.001834E+00 1.873E-01
  3.001909E+00 1.698E-01
  3.001983E+00 1.589E-01
  3.002131E+00 1.457E-01
  3.002424E+00 1.314E-01
  3.003001E+00 1.163E-01
  3.003841E+00 1.051E-01
  3.004654E+00 1.019E-01
  3.005310E+00 1.055E-01
  3.005758E+00 1.135E-01
  3.006073E+00 1.248E-01
  3.006260E+00 1.364E-01
  3.006446E+00 1.561E-01
  3.006568E+00 1.800E-01
  3.006629E+00 1.994E-01
  3.006690E+00 2.295E-01
  3.006751E+00 2.837E-01
  3.006812E+00 4.096E-01
  3.006872E+00 9.463E-01
  3.006933E+00 2.417E+01
  3.006993E+00 2.325E-01
  3.007053E+00 8.583E-02
  3.007112E+00 8.647E-02
  3.007232E+00 1.158E-01
  3.007350E+00 1.500E-01
  3.007409E+00 1.698E-01
  3.007468E+00 1.931E-01
  3.007527E+00 2.214E-01
  3.007585E+00 2.573E-01
  3.007643E+00 3.046E-01
  3.007702E+00 3.698E-01
  3.007760E+00 4.648E-01
  3.007818E+00 6.125E-01
  3.007875E+00 8.632E-01
  3.007933E+00 1.345E+00
  3.007990E+00 2.476E+00
  3.008048E+00 6.325E+00
  3.008105E+00 4.378E+01
  3.008162E+00 9.627E+01
  3.008218E+00 7.974E+00
  3.008275E+00 2.761E+00
  3.008332E+00 1.421E+00
  3.008388E+00 8.900E-01
  3.008444E+00 6.296E-01
  3.008500E+00 4.847E-01
  3.008556E+00 3.972E-01
  3.008612E+00 3.418E-01
  3.008668E+00 3.057E-01
  3.008723E+00 2.821E-01
  3.008778E+00 2.671E-01
  3.008889E+00 2.545E-01
  3.008998E+00 2.583E-01
  3.009107E+00 2.755E-01
  3.009216E+00 3.067E-01
  3.009324E+00 3.561E-01
  3.009431E+00 4.326E-01
  3.009484E+00 4.863E-01
  3.009538E+00 5.553E-01
  3.009591E+00 6.456E-01
  3.009644E+00 7.671E-01
  3.009697E+00 9.360E-01
  3.009750E+00 1.181E+00
  3.009802E+00 1.559E+00
  3.009855E+00 2.186E+00
  3.009907E+00 3.356E+00
  3.009959E+00 5.964E+00
  3.010011E+00 1.404E+01
  3.010063E+00 7.187E+01
  3.010115E+00 6.352E+02
  3.010167E+00 2.458E+01
  3.010218E+00 7.222E+00
  3.010270E+00 3.300E+00
  3.010321E+00 1.840E+00
  3.010372E+00 1.150E+00
  3.010423E+00 7.730E-01
  3.010474E+00 5.471E-01
  3.010525E+00 4.022E-01
  3.010575E+00 3.043E-01
  3.010626E+00 2.356E-01
  3.010676E+00 1.858E-01
  3.010726E+00 1.488E-01
  3.010776E+00 1.207E-01
  3.010826E+00 9.903E-02
  3.010876E+00 8.202E-02
  3.010926E+00 6.853E-02
  3.010976E+00 5.772E-02
  3.011025E+00 4.899E-02
  3.011074E+00 4.190E-02
  3.011124E+00 3.613E-02
  3.011173E+00 3.145E-02
  3.011222E+00 2.769E-02
  3.011270E+00 2.474E-02
  3.011319E+00 2.258E-02
  3.011368E+00 2.131E-02
  3.011416E+00 2.127E-02
  3.011465E+00 2.367E-02
  3.011513E+00 3.422E-02
  3.011561E+00 1.410E-01
  3.011609E+00 5.051E-02
  3.011657E+00 1.517E-03
  3.011704E+00 2.952E-04
  3.011800E+00 4.307E-04
  3.011847E+00 4.328E-04
  3.011894E+00 3.928E-04
  3.012035E+00 2.149E-04
  3.012082E+00 1.681E-04
  3.012129E+00 1.339E-04
  3.012175E+00 1.134E-04
  3.012222E+00 1.067E-04
  3.012268E+00 1.135E-04
  3.012314E+00 1.330E-04
  3.012360E+00 1.647E-04
  3.012406E+00 2.079E-04
  3.012452E+00 2.621E-04
  3.012498E+00 3.272E-04
  3.012543E+00 4.035E-04
  3.012589E+00 4.925E-04
  3.012634E+00 5.980E-04
  3.012680E+00 7.284E-04
  3.012725E+00 9.039E-04
  3.012770E+00 1.178E-03
  3.012815E+00 1.729E-03
  3.012860E+00 3.382E-03
  3.012904E+00 1.533E-02
  3.012949E+00 2.578E-01
  3.012994E+00 9.378E-03
  3.013038E+00 3.526E-03
  3.013082E+00 6.143E-03
  3.013126E+00 3.398E-03
  3.013170E+00 2.998E-03
  3.013214E+00 2.872E-03
  3.013302E+00 2.882E-03
  3.013476E+00 3.225E-03
  3.013861E+00 4.361E-03
  3.014444E+00 6.438E-03
  3.014928E+00 8.569E-03
  3.015321E+00 1.087E-02
  3.015591E+00 1.309E-02
  3.015781E+00 1.529E-02
  3.015931E+00 1.782E-02
  3.016043E+00 2.068E-02
  3.016117E+00 2.363E-02
  3.016154E+00 2.577E-02
  3.016191E+00 2.878E-02
  3.016228E+00 3.353E-02
  3.016264E+00 4.272E-02
  3.016301E+00 6.940E-02
  3.016337E+00 3.815E-01
  3.016374E+00 5.850E-02
  3.016410E+00 1.495E-02
  3.016446E+00 1.608E-02
  3.016555E+00 2.490E-02
  3.016626E+00 3.172E-02
  3.016662E+00 3.591E-02
  3.016698E+00 4.096E-02
  3.016733E+00 4.729E-02
  3.016769E+00 5.548E-02
  3.016804E+00 6.655E-02
  3.016840E+00 8.218E-02
  3.016875E+00 1.055E-01
  3.016910E+00 1.431E-01
  3.016945E+00 2.099E-01
  3.016980E+00 3.475E-01
  3.017015E+00 7.099E-01
  3.017050E+00 2.308E+00
  3.017085E+00 7.015E+01
  3.017120E+00 5.469E+00
  3.017154E+00 1.080E+00
  3.017189E+00 4.595E-01
  3.017223E+00 2.618E-01
  3.017258E+00 1.752E-01
  3.017292E+00 1.303E-01
  3.017326E+00 1.044E-01
  3.017361E+00 8.860E-02
  3.017395E+00 7.857E-02
  3.017429E+00 7.218E-02
  3.017463E+00 6.825E-02
  3.017530E+00 6.524E-02
  3.017598E+00 6.676E-02
  3.017665E+00 7.197E-02
  3.017731E+00 8.110E-02
  3.017798E+00 9.533E-02
  3.017831E+00 1.051E-01
  3.017864E+00 1.172E-01
  3.017897E+00 1.325E-01
  3.017930E+00 1.521E-01
  3.017963E+00 1.777E-01
  3.017995E+00 2.120E-01
  3.018028E+00 2.595E-01
  3.018061E+00 3.280E-01
  3.018093E+00 4.323E-01
  3.018126E+00 6.035E-01
  3.018158E+00 9.155E-01
  3.018190E+00 1.585E+00
  3.018223E+00 3.504E+00
  3.018255E+00 1.422E+01
  3.018287E+00 1.838E+03
  3.018319E+00 1.080E+01
  3.018351E+00 2.743E+00
  3.018383E+00 1.196E+00
  3.018415E+00 6.539E-01
  3.018446E+00 4.053E-01
  3.018478E+00 2.719E-01
  3.018510E+00 1.928E-01
  3.018541E+00 1.423E-01
  3.018573E+00 1.083E-01
  3.018604E+00 8.445E-02
  3.018635E+00 6.717E-02
  3.018667E+00 5.431E-02
  3.018698E+00 4.452E-02
  3.018729E+00 3.695E-02
  3.018760E+00 3.100E-02
  3.018791E+00 2.626E-02
  3.018822E+00 2.246E-02
  3.018853E+00 1.939E-02
  3.018884E+00 1.690E-02
  3.018914E+00 1.489E-02
  3.018945E+00 1.327E-02
  3.018976E+00 1.200E-02
  3.019006E+00 1.107E-02
  3.019036E+00 1.048E-02
  3.019067E+00 1.032E-02
  3.019097E+00 1.082E-02
  3.019127E+00 1.271E-02
  3.019158E+00 1.896E-02
  3.019188E+00 5.891E-02
  3.019218E+00 2.871E-01
  3.019248E+00 5.648E-03
  3.019278E+00 8.497E-04
  3.019308E+00 2.512E-04
  3.019337E+00 1.514E-04
  3.019367E+00 1.360E-04
  3.019426E+00 1.265E-04
  3.019515E+00 1.022E-04
  3.019544E+00 9.672E-05
  3.019574E+00 9.439E-05
  3.019603E+00 9.580E-05
  3.019632E+00 1.013E-04
  3.019661E+00 1.112E-04
  3.019690E+00 1.257E-04
  3.019719E+00 1.454E-04
  3.019748E+00 1.709E-04
  3.019777E+00 2.036E-04
  3.019806E+00 2.465E-04
  3.019834E+00 3.055E-04
  3.019863E+00 3.948E-04
  3.019892E+00 5.521E-04
  3.019920E+00 9.065E-04
  3.019949E+00 2.143E-03
  3.019977E+00 1.682E-02
  3.020005E+00 2.097E-02
  3.020034E+00 2.506E-03
  3.020062E+00 1.024E-03
  3.020090E+00 4.966E-04
  3.020118E+00 2.351E-02
  3.020146E+00 2.035E-03
  3.020174E+00 1.453E-03
  3.020202E+00 1.293E-03
  3.020230E+00 1.237E-03
  3.020286E+00 1.236E-03
  3.020369E+00 1.334E-03
  3.020533E+00 1.642E-03
  3.020803E+00 2.284E-03
  3.021119E+00 3.209E-03
  3.021402E+00 4.268E-03
  3.021628E+00 5.408E-03
  3.021802E+00 6.624E-03
  3.021924E+00 7.842E-03
  3.022021E+00 9.256E-03
  3.022070E+00 1.027E-02
  3.022118E+00 1.173E-02
  3.022142E+00 1.281E-02
  3.022165E+00 1.438E-02
  3.022189E+00 1.708E-02
  3.022213E+00 2.351E-02
  3.022237E+00 6.139E-02
  3.022261E+00 4.770E-02
  3.022284E+00 7.805E-03
  3.022308E+00 8.897E-03
  3.022402E+00 1.504E-02
  3.022449E+00 1.884E-02
  3.022472E+00 2.129E-02
  3.022495E+00 2.433E-02
  3.022518E+00 2.821E-02
  3.022541E+00 3.338E-02
  3.022565E+00 4.054E-02
  3.022588E+00 5.099E-02
  3.022611E+00 6.722E-02
  3.022634E+00 9.474E-02
  3.022657E+00 1.475E-01
  3.022679E+00 2.699E-01
  3.022702E+00 6.771E-01
  3.022725E+00 4.254E+00
  3.022748E+00 1.490E+01
  3.022771E+00 1.017E+00
  3.022793E+00 3.456E-01
  3.022816E+00 1.783E-01
  3.022838E+00 1.128E-01
  3.022861E+00 8.096E-02
  3.022883E+00 6.336E-02
  3.022906E+00 5.287E-02
  3.022928E+00 4.634E-02
  3.022951E+00 4.223E-02
  3.022973E+00 3.970E-02
  3.022995E+00 3.829E-02
  3.023039E+00 3.783E-02
  3.023084E+00 3.975E-02
  3.023128E+00 4.386E-02
  3.023172E+00 5.053E-02
  3.023215E+00 6.079E-02
  3.023237E+00 6.785E-02
  3.023259E+00 7.674E-02
  3.023281E+00 8.810E-02
  3.023302E+00 1.029E-01
  3.023324E+00 1.226E-01
  3.023345E+00 1.499E-01
  3.023367E+00 1.889E-01
  3.023388E+00 2.479E-01
  3.023410E+00 3.437E-01
  3.023431E+00 5.153E-01
  3.023453E+00 8.738E-01
  3.023474E+00 1.847E+00
  3.023495E+00 6.536E+00
  3.023516E+00 5.846E+02
  3.023538E+00 8.905E+00
  3.023559E+00 1.955E+00
  3.023580E+00 8.142E-01
  3.023601E+00 4.359E-01
  3.023622E+00 2.672E-01
  3.023643E+00 1.782E-01
  3.023664E+00 1.259E-01
  3.023685E+00 9.283E-02
  3.023706E+00 7.066E-02
  3.023727E+00 5.517E-02
  3.023747E+00 4.397E-02
  3.023768E+00 3.566E-02
  3.023789E+00 2.934E-02
  3.023810E+00 2.445E-02
  3.023830E+00 2.061E-02
  3.023851E+00 1.757E-02
  3.023871E+00 1.512E-02
  3.023892E+00 1.315E-02
  3.023912E+00 1.156E-02
  3.023953E+00 9.279E-03
  3.023974E+00 8.512E-03
  3.023994E+00 7.983E-03
  3.024014E+00 7.719E-03
  3.024035E+00 7.809E-03
  3.024055E+00 8.495E-03
  3.024075E+00 1.053E-02
  3.024095E+00 1.729E-02
  3.024115E+00 7.165E-02
  3.024135E+00 1.035E-01
  3.024155E+00 4.395E-03
  3.024175E+00 8.155E-04
  3.024195E+00 2.597E-04
  3.024215E+00 1.392E-04
  3.024235E+00 1.103E-04
  3.024255E+00 1.021E-04
  3.024334E+00 8.662E-05
  3.024353E+00 8.450E-05
  3.024373E+00 8.419E-05
  3.024393E+00 8.617E-05
  3.024412E+00 9.081E-05
  3.024432E+00 9.850E-05
  3.024451E+00 1.097E-04
  3.024471E+00 1.253E-04
  3.024490E+00 1.466E-04
  3.024509E+00 1.763E-04
  3.024529E+00 2.199E-04
  3.024548E+00 2.905E-04
  3.024567E+00 4.248E-04
  3.024586E+00 7.580E-04
  3.024606E+00 2.158E-03
  3.024625E+00 5.282E-02
  3.024644E+00 5.400E-03
  3.024663E+00 1.091E-03
  3.024682E+00 4.804E-04
  3.024701E+00 2.459E-04
  3.024720E+00 9.288E-04
  3.024739E+00 4.917E-03
  3.024758E+00 1.438E-03
  3.024777E+00 1.037E-03
  3.024795E+00 9.082E-04
  3.024814E+00 8.578E-04
  3.024833E+00 8.411E-04
  3.024870E+00 8.535E-04
  3.024945E+00 9.522E-04
  3.025074E+00 1.209E-03
  3.025255E+00 1.661E-03
  3.025450E+00 2.264E-03
  3.025625E+00 2.949E-03
  3.025779E+00 3.756E-03
  3.025898E+00 4.617E-03
  3.025981E+00 5.473E-03
  3.026048E+00 6.457E-03
  3.026081E+00 7.160E-03
  3.026114E+00 8.191E-03
  3.026130E+00 8.980E-03
  3.026146E+00 1.022E-02
  3.026163E+00 1.278E-02
  3.026179E+00 2.329E-02
  3.026195E+00 6.799E-02
  3.026212E+00 5.552E-03
  3.026260E+00 8.729E-03
  3.026293E+00 1.077E-02
  3.026325E+00 1.328E-02
  3.026341E+00 1.490E-02
  3.026357E+00 1.688E-02
  3.026373E+00 1.941E-02
  3.026389E+00 2.273E-02
  3.026405E+00 2.727E-02
  3.026420E+00 3.377E-02
  3.026436E+00 4.365E-02
  3.026452E+00 5.988E-02
  3.026468E+00 8.955E-02
  3.026484E+00 1.535E-01
  3.026500E+00 3.365E-01
  3.026515E+00 1.337E+00
  3.026531E+00 5.473E+02
  3.026547E+00 1.267E+00
  3.026562E+00 3.301E-01
  3.026578E+00 1.541E-01
  3.026593E+00 9.251E-02
  3.026609E+00 6.425E-02
  3.026625E+00 4.919E-02
  3.026640E+00 4.043E-02
  3.026656E+00 3.505E-02
  3.026671E+00 3.170E-02
  3.026686E+00 2.964E-02
  3.026702E+00 2.847E-02
  3.026733E+00 2.799E-02
  3.026763E+00 2.934E-02
  3.026794E+00 3.234E-02
  3.026824E+00 3.724E-02
  3.026854E+00 4.478E-02
  3.026870E+00 4.996E-02
  3.026885E+00 5.648E-02
  3.026900E+00 6.479E-02
  3.026915E+00 7.560E-02
  3.026930E+00 8.999E-02
  3.026945E+00 1.097E-01
  3.026960E+00 1.380E-01
  3.026975E+00 1.803E-01
  3.026990E+00 2.485E-01
  3.027004E+00 3.691E-01
  3.027019E+00 6.158E-01
  3.027034E+00 1.260E+00
  3.027049E+00 4.070E+00
  3.027064E+00 1.208E+02
  3.027078E+00 8.893E+00
  3.027093E+00 1.691E+00
  3.027108E+00 6.752E-01
  3.027123E+00 3.546E-01
  3.027137E+00 2.151E-01
  3.027152E+00 1.425E-01
  3.027166E+00 1.004E-01
  3.027181E+00 7.382E-02
  3.027196E+00 5.614E-02
  3.027210E+00 4.382E-02
  3.027225E+00 3.494E-02
  3.027239E+00 2.836E-02
  3.027254E+00 2.337E-02
  3.027268E+00 1.951E-02
  3.027282E+00 1.649E-02
  3.027297E+00 1.410E-02
  3.027311E+00 1.218E-02
  3.027325E+00 1.064E-02
  3.027354E+00 8.409E-03
  3.027368E+00 7.639E-03
  3.027383E+00 7.068E-03
  3.027397E+00 6.701E-03
  3.027411E+00 6.572E-03
  3.027425E+00 6.778E-03
  3.027439E+00 7.588E-03
  3.027453E+00 9.867E-03
  3.027467E+00 1.796E-02
  3.027482E+00 1.192E-01
  3.027496E+00 4.082E-02
  3.027510E+00 3.004E-03
  3.027524E+00 6.413E-04
  3.027538E+00 2.221E-04
  3.027552E+00 1.229E-04
  3.027566E+00 9.703E-05
  3.027579E+00 8.941E-05
  3.027635E+00 7.821E-05
  3.027662E+00 7.711E-05
  3.027676E+00 7.909E-05
  3.027690E+00 8.327E-05
  3.027704E+00 9.011E-05
  3.027717E+00 1.002E-04
  3.027731E+00 1.147E-04
  3.027744E+00 1.354E-04
  3.027758E+00 1.661E-04
  3.027772E+00 2.156E-04
  3.027785E+00 3.066E-04
  3.027799E+00 5.166E-04
  3.027812E+00 1.261E-03
  3.027826E+00 1.114E-02
  3.027839E+00 8.206E-03
  3.027853E+00 1.017E-03
  3.027866E+00 3.935E-04
  3.027880E+00 2.004E-04
  3.027893E+00 1.282E-04
  3.027906E+00 2.691E-03
  3.027920E+00 3.816E-03
  3.027933E+00 1.248E-03
  3.027946E+00 8.809E-04
  3.027960E+00 7.566E-04
  3.027973E+00 7.046E-04
  3.027986E+00 6.838E-04
  3.028012E+00 6.846E-04
  3.028052E+00 7.316E-04
  3.028130E+00 8.873E-04
  3.028246E+00 1.188E-03
  3.028386E+00 1.637E-03
  3.028523E+00 2.199E-03
  3.028633E+00 2.797E-03
  3.028718E+00 3.411E-03
  3.028790E+00 4.130E-03
  3.028849E+00 5.004E-03
  3.028873E+00 5.500E-03
  3.028896E+00 6.188E-03
  3.028908E+00 6.681E-03
  3.028920E+00 7.403E-03
  3.028931E+00 8.728E-03
  3.028943E+00 1.299E-02
  3.028955E+00 1.185E-01
  3.028966E+00 4.543E-03
  3.028978E+00 5.565E-03
  3.029036E+00 9.655E-03
  3.029059E+00 1.191E-02
  3.029082E+00 1.532E-02
  3.029093E+00 1.781E-02
  3.029105E+00 2.117E-02
  3.029116E+00 2.593E-02
  3.029127E+00 3.304E-02
  3.029139E+00 4.446E-02
  3.029150E+00 6.468E-02
  3.029162E+00 1.061E-01
  3.029173E+00 2.143E-01
  3.029184E+00 6.807E-01
  3.029195E+00 1.692E+01
  3.029207E+00 1.828E+00
  3.029218E+00 3.476E-01
  3.029229E+00 1.470E-01
  3.029240E+00 8.404E-02
  3.029252E+00 5.667E-02
  3.029263E+00 4.256E-02
  3.029274E+00 3.451E-02
  3.029285E+00 2.964E-02
  3.029296E+00 2.661E-02
  3.029307E+00 2.476E-02
  3.029319E+00 2.370E-02
  3.029341E+00 2.319E-02
  3.029363E+00 2.425E-02
  3.029385E+00 2.669E-02
  3.029407E+00 3.070E-02
  3.029429E+00 3.688E-02
  3.029450E+00 4.646E-02
  3.029461E+00 5.325E-02
  3.029472E+00 6.206E-02
  3.029483E+00 7.377E-02
  3.029494E+00 8.980E-02
  3.029505E+00 1.126E-01
  3.029515E+00 1.467E-01
  3.029526E+00 2.011E-01
  3.029537E+00 2.964E-01
  3.029548E+00 4.882E-01
  3.029558E+00 9.741E-01
  3.029569E+00 2.947E+00
  3.029580E+00 5.051E+01
  3.029590E+00 9.659E+00
  3.029601E+00 1.591E+00
  3.029612E+00 6.112E-01
  3.029622E+00 3.155E-01
  3.029633E+00 1.895E-01
  3.029644E+00 1.249E-01
  3.029654E+00 8.760E-02
  3.029665E+00 6.429E-02
  3.029675E+00 4.882E-02
  3.029686E+00 3.808E-02
  3.029696E+00 3.035E-02
  3.029707E+00 2.464E-02
  3.029717E+00 2.032E-02
  3.029728E+00 1.698E-02
  3.029738E+00 1.437E-02
  3.029759E+00 1.065E-02
  3.029780E+00 8.265E-03
  3.029790E+00 7.423E-03
  3.029811E+00 6.304E-03
  3.029821E+00 6.021E-03
  3.029832E+00 5.964E-03
  3.030033E+00 7.745E-05
  3.033393E+00 1.084E+00
  3.036723E+00 9.112E-01
  3.040024E+00 7.590E-01
  3.040033E+00 9.444E-01
  3.044151E+00 7.777E-01
  3.048223E+00 6.531E-01
  3.052250E+00 5.573E-01
  3.056233E+00 4.819E-01
  3.060172E+00 4.213E-01
  3.064069E+00 3.718E-01
  3.071735E+00 2.963E-01
  3.079236E+00 2.421E-01
  3.086577E+00 2.017E-01
  3.097299E+00 1.580E-01
  3.107686E+00 1.274E-01
  3.117751E+00 1.052E-01
  3.130694E+00 8.407E-02
  3.143118E+00 6.922E-02
  3.157960E+00 5.617E-02
  3.174826E+00 4.545E-02
  3.193299E+00 3.698E-02
  3.215316E+00 2.979E-02
  3.239855E+00 2.424E-02
  3.265911E+00 2.033E-02
  3.289206E+00 1.822E-02
  3.307042E+00 1.768E-02
  3.317593E+00 1.833E-02
  3.323364E+00 1.961E-02
  3.327576E+00 2.172E-02
  3.330329E+00 2.448E-02
  3.331690E+00 2.667E-02
  3.333040E+00 2.981E-02
  3.334381E+00 3.443E-02
  3.335710E+00 4.136E-02
  3.337030E+00 5.126E-02
  3.338340E+00 6.230E-02
  3.339640E+00 6.584E-02
  3.340930E+00 5.572E-02
  3.342210E+00 4.152E-02
  3.343480E+00 3.120E-02
  3.344741E+00 2.500E-02
  3.345993E+00 2.138E-02
  3.347235E+00 1.923E-02
  3.348468E+00 1.792E-02
  3.350907E+00 1.662E-02
  3.354498E+00 1.612E-02
  3.359164E+00 1.656E-02
  3.363696E+00 1.784E-02
  3.367010E+00 1.962E-02
  3.369180E+00 2.163E-02
  3.370253E+00 2.311E-02
  3.371319E+00 2.517E-02
  3.372377E+00 2.820E-02
  3.373428E+00 3.308E-02
  3.374472E+00 4.205E-02
  3.375508E+00 6.251E-02
  3.376537E+00 1.340E-01
  3.377558E+00 1.162E+00
  3.378573E+00 4.934E-01
  3.379580E+00 6.899E-02
  3.380580E+00 3.182E-02
  3.381574E+00 2.264E-02
  3.382561E+00 1.957E-02
  3.383540E+00 1.851E-02
  3.384513E+00 1.828E-02
  3.386440E+00 1.888E-02
  3.389280E+00 2.092E-02
  3.392062E+00 2.390E-02
  3.394789E+00 2.806E-02
  3.397461E+00 3.411E-02
  3.399214E+00 3.988E-02
  3.400942E+00 4.792E-02
  3.401798E+00 5.321E-02
  3.402649E+00 5.968E-02
  3.403493E+00 6.774E-02
  3.404332E+00 7.793E-02
  3.405166E+00 9.110E-02
  3.405994E+00 1.085E-01
  3.406817E+00 1.319E-01
  3.407635E+00 1.644E-01
  3.408447E+00 2.102E-01
  3.409254E+00 2.756E-01
  3.410055E+00 3.667E-01
  3.410852E+00 4.799E-01
  3.411643E+00 5.795E-01
  3.412430E+00 5.963E-01
  3.413211E+00 5.118E-01
  3.413987E+00 3.907E-01
  3.414759E+00 2.871E-01
  3.415525E+00 2.132E-01
  3.416287E+00 1.632E-01
  3.417044E+00 1.298E-01
  3.417796E+00 1.072E-01
  3.418543E+00 9.206E-02
  3.419286E+00 8.207E-02
  3.420024E+00 7.591E-02
  3.420757E+00 7.283E-02
  3.421486E+00 7.249E-02
  3.422210E+00 7.490E-02
  3.422929E+00 8.043E-02
  3.423645E+00 8.995E-02
  3.424355E+00 1.051E-01
  3.425062E+00 1.287E-01
  3.425764E+00 1.661E-01
  3.426461E+00 2.260E-01
  3.427155E+00 3.202E-01
  3.427844E+00 4.450E-01
  3.428529E+00 5.228E-01
  3.429209E+00 4.513E-01
  3.429886E+00 3.094E-01
  3.430558E+00 1.993E-01
  3.431227E+00 1.315E-01
  3.431891E+00 9.084E-02
  3.432551E+00 6.571E-02
  3.433208E+00 4.950E-02
  3.433860E+00 3.858E-02
  3.434508E+00 3.097E-02
  3.435153E+00 2.548E-02
  3.435794E+00 2.142E-02
  3.436431E+00 1.834E-02
  3.437064E+00 1.597E-02
  3.437693E+00 1.411E-02
  3.438318E+00 1.263E-02
  3.439558E+00 1.046E-02
  3.440784E+00 9.007E-03
  3.442595E+00 7.616E-03
  3.444374E+00 6.790E-03
  3.446699E+00 6.190E-03
  3.449531E+00 5.899E-03
  3.453361E+00 5.975E-03
  3.457557E+00 6.507E-03
  3.461569E+00 7.474E-03
  3.464939E+00 8.789E-03
  3.467727E+00 1.046E-02
  3.469982E+00 1.250E-02
  3.471744E+00 1.482E-02
  3.473041E+00 1.718E-02
  3.474318E+00 2.039E-02
  3.475575E+00 2.489E-02
  3.476403E+00 2.900E-02
  3.477221E+00 3.444E-02
  3.478032E+00 4.187E-02
  3.478434E+00 4.665E-02
  3.478833E+00 5.238E-02
  3.479231E+00 5.931E-02
  3.479627E+00 6.781E-02
  3.480021E+00 7.833E-02
  3.480413E+00 9.150E-02
  3.480803E+00 1.082E-01
  3.481191E+00 1.294E-01
  3.481577E+00 1.564E-01
  3.481961E+00 1.907E-01
  3.482343E+00 2.331E-01
  3.482723E+00 2.923E-01
  3.483101E+00 1.082E+00
  3.483477E+00 9.260E-01
  3.483852E+00 5.899E-01
  3.484595E+00 4.076E-01
  3.484964E+00 3.273E-01
  3.485331E+00 2.599E-01
  3.485696E+00 2.072E-01
  3.486060E+00 1.673E-01
  3.486421E+00 1.374E-01
  3.486781E+00 1.150E-01
  3.487139E+00 9.821E-02
  3.487495E+00 8.560E-02
  3.487850E+00 7.629E-02
  3.488202E+00 6.972E-02
  3.488553E+00 6.576E-02
  3.488903E+00 6.481E-02
  3.489250E+00 6.859E-02
  3.489596E+00 8.310E-02
  3.489941E+00 1.382E-01
  3.490283E+00 6.861E-01
  3.490624E+00 8.854E-01
  3.490963E+00 8.940E-02
  3.491301E+00 4.128E-02
  3.491637E+00 2.944E-02
  3.491971E+00 2.480E-02
  3.492304E+00 2.248E-02
  3.492635E+00 2.112E-02
  3.493292E+00 1.969E-02
  3.494267E+00 1.901E-02
  3.495228E+00 1.935E-02
  3.496175E+00 2.067E-02
  3.497108E+00 2.327E-02
  3.497723E+00 2.615E-02
  3.498333E+00 3.063E-02
  3.498635E+00 3.384E-02
  3.498937E+00 3.807E-02
  3.499236E+00 4.381E-02
  3.499535E+00 5.188E-02
  3.499832E+00 6.384E-02
  3.500127E+00 8.275E-02
  3.500422E+00 1.156E-01
  3.500715E+00 1.809E-01
  3.501006E+00 3.442E-01
  3.501296E+00 9.902E-01
  3.501585E+00 1.443E+01
  3.501873E+00 3.684E+00
  3.502159E+00 5.843E-01
  3.502444E+00 2.301E-01
  3.502728E+00 1.254E-01
  3.503010E+00 8.148E-02
  3.503291E+00 5.934E-02
  3.503571E+00 4.686E-02
  3.503849E+00 3.931E-02
  3.504126E+00 3.452E-02
  3.504402E+00 3.143E-02
  3.504677E+00 2.943E-02
  3.505223E+00 2.750E-02
  3.505494E+00 2.730E-02
  3.505764E+00 2.766E-02
  3.506032E+00 2.921E-02
  3.506300E+00 3.900E-02
  3.506566E+00 3.335E-01
  3.506831E+00 3.448E-02
  3.507095E+00 3.082E-02
  3.507357E+00 3.076E-02
  3.508138E+00 3.366E-02
  3.509164E+00 4.028E-02
  3.509921E+00 4.735E-02
  3.510668E+00 5.693E-02
  3.511406E+00 7.020E-02
  3.511892E+00 8.208E-02
  3.512374E+00 9.751E-02
  3.512852E+00 1.181E-01
  3.513326E+00 1.463E-01
  3.513562E+00 1.646E-01
  3.513796E+00 1.866E-01
  3.514029E+00 2.136E-01
  3.514262E+00 2.469E-01
  3.514493E+00 2.888E-01
  3.514724E+00 3.424E-01
  3.514953E+00 4.123E-01
  3.515182E+00 5.050E-01
  3.515409E+00 6.310E-01
  3.515636E+00 8.052E-01
  3.515861E+00 1.049E+00
  3.516086E+00 1.389E+00
  3.516310E+00 1.838E+00
  3.516532E+00 2.338E+00
  3.516754E+00 2.687E+00
  3.516975E+00 2.642E+00
  3.517195E+00 2.235E+00
  3.517414E+00 1.726E+00
  3.517632E+00 1.295E+00
  3.517849E+00 9.762E-01
  3.518066E+00 7.517E-01
  3.518281E+00 5.943E-01
  3.518495E+00 4.831E-01
  3.518709E+00 4.038E-01
  3.518922E+00 3.471E-01
  3.519134E+00 3.069E-01
  3.519345E+00 2.797E-01
  3.519555E+00 2.635E-01
  3.519764E+00 2.578E-01
  3.519972E+00 2.643E-01
  3.520180E+00 2.898E-01
  3.520386E+00 3.632E-01
  3.520592E+00 6.831E-01
  3.520797E+00 5.789E-01
  3.521001E+00 5.359E-01
  3.521205E+00 7.258E-01
  3.521407E+00 1.127E+00
  3.521609E+00 1.837E+00
  3.521809E+00 2.397E+00
  3.522009E+00 1.815E+00
  3.522209E+00 1.023E+00
  3.522407E+00 5.805E-01
  3.522605E+00 3.558E-01
  3.522801E+00 2.340E-01
  3.522997E+00 1.624E-01
  3.523192E+00 1.170E-01
  3.523387E+00 8.616E-02
  3.523580E+00 6.369E-02
  3.523773E+00 4.587E-02
  3.523965E+00 2.999E-02
  3.524157E+00 1.946E-02
  3.524347E+00 5.536E-01
  3.524537E+00 8.965E-02
  3.524726E+00 5.315E-02
  3.524914E+00 3.957E-02
  3.525102E+00 3.185E-02
  3.525288E+00 2.662E-02
  3.525474E+00 2.275E-02
  3.525660E+00 1.973E-02
  3.525844E+00 1.730E-02
  3.526028E+00 1.530E-02
  3.526394E+00 1.222E-02
  3.526756E+00 1.000E-02
  3.527116E+00 8.379E-03
  3.527473E+00 7.192E-03
  3.527827E+00 6.348E-03
  3.528178E+00 5.781E-03
  3.528700E+00 5.367E-03
  3.529216E+00 5.407E-03
  3.529726E+00 5.871E-03
  3.530231E+00 6.769E-03
  3.530729E+00 8.142E-03
  3.531222E+00 1.008E-02
  3.531709E+00 1.271E-02
  3.532190E+00 1.627E-02
  3.532667E+00 2.107E-02
  3.532981E+00 2.525E-02
  3.533293E+00 3.055E-02
  3.533603E+00 3.762E-02
  3.533757E+00 4.237E-02
  3.533910E+00 4.884E-02
  3.534063E+00 5.984E-02
  3.534216E+00 9.077E-02
  3.534367E+00 4.656E-01
  3.534519E+00 3.715E-01
  3.534669E+00 1.170E-01
  3.534819E+00 9.746E-02
  3.534969E+00 9.718E-02
  3.535414E+00 1.116E-01
  3.535561E+00 1.127E-01
  3.535855E+00 1.051E-01
  3.536000E+00 1.875E-01
  3.536145E+00 7.828E-01
  3.536290E+00 1.732E+00
  3.536434E+00 1.961E+00
  3.536863E+00 2.077E+00
  3.537006E+00 2.025E+00
  3.537147E+00 1.881E+00
  3.537569E+00 1.223E+00
  3.537708E+00 1.050E+00
  3.537847E+00 9.351E-01
  3.537986E+00 9.221E-01
  3.538124E+00 1.326E+00
  3.538261E+00 4.993E+01
  3.538398E+00 1.178E+00
  3.538535E+00 4.891E-01
  3.538671E+00 3.580E-01
  3.538806E+00 2.985E-01
  3.538941E+00 2.608E-01
  3.539076E+00 2.335E-01
  3.539210E+00 2.124E-01
  3.539344E+00 1.958E-01
  3.539477E+00 1.843E-01
  3.539609E+00 1.437E+01
  3.539742E+00 1.563E-01
  3.540135E+00 1.365E-01
  3.540525E+00 1.251E-01
  3.541038E+00 1.193E-01
  3.541544E+00 1.225E-01
  3.541919E+00 1.319E-01
  3.542167E+00 1.444E-01
  3.542290E+00 1.549E-01
  3.542413E+00 1.724E-01
  3.542536E+00 2.085E-01
  3.542658E+00 3.197E-01
  3.542779E+00 1.263E+00
  3.542900E+00 5.457E+00
  3.543021E+00 5.535E-01
  3.543141E+00 3.467E-01
  3.543261E+00 3.162E-01
  3.543381E+00 3.351E-01
  3.543500E+00 3.969E-01
  3.543619E+00 5.435E-01
  3.543737E+00 9.739E-01
  3.543855E+00 3.438E+00
  3.543972E+00 7.572E+02
  3.544089E+00 2.963E+00
  3.544206E+00 1.008E+00
  3.544322E+00 6.351E-01
  3.544438E+00 5.141E-01
  3.544554E+00 4.700E-01
  3.544669E+00 4.588E-01
  3.544783E+00 4.656E-01
  3.544898E+00 4.845E-01
  3.545125E+00 5.518E-01
  3.545238E+00 6.008E-01
  3.545351E+00 6.625E-01
  3.545463E+00 7.409E-01
  3.545576E+00 8.422E-01
  3.545687E+00 9.775E-01
  3.545798E+00 1.167E+00
  3.545909E+00 1.449E+00
  3.546020E+00 1.912E+00
  3.546130E+00 2.781E+00
  3.546240E+00 4.827E+00
  3.546349E+00 1.220E+01
  3.546458E+00 1.088E+02
  3.546567E+00 7.391E+01
  3.546675E+00 1.059E+01
  3.546783E+00 4.714E+00
  3.546891E+00 3.173E+00
  3.546998E+00 2.656E+00
  3.547105E+00 2.521E+00
  3.547212E+00 2.582E+00
  3.547318E+00 2.776E+00
  3.547424E+00 3.083E+00
  3.547530E+00 3.511E+00
  3.547635E+00 4.077E+00
  3.547740E+00 4.821E+00
  3.547844E+00 5.798E+00
  3.547948E+00 7.095E+00
  3.548052E+00 8.838E+00
  3.548155E+00 1.122E+01
  3.548259E+00 1.449E+01
  3.548361E+00 1.900E+01
  3.548464E+00 2.506E+01
  3.548668E+00 4.015E+01
  3.548769E+00 4.484E+01
  3.548870E+00 4.427E+01
  3.549072E+00 3.501E+01
  3.549172E+00 3.434E+01
  3.549272E+00 4.674E+01
  3.549371E+00 7.280E+01
  3.549470E+00 3.848E+01
  3.549569E+00 2.009E+01
  3.549668E+00 1.358E+01
  3.549766E+00 1.079E+01
  3.549864E+00 1.009E+01
  3.549962E+00 1.300E+01
  3.550059E+00 3.777E+01
  3.550156E+00 5.294E+01
  3.550253E+00 1.452E+01
  3.550349E+00 7.825E+00
  3.550445E+00 5.561E+00
  3.550541E+00 4.440E+00
  3.550636E+00 3.757E+00
  3.550731E+00 3.289E+00
  3.550826E+00 2.944E+00
  3.550921E+00 2.679E+00
  3.551109E+00 2.306E+00
  3.551296E+00 2.079E+00
  3.551482E+00 1.987E+00
  3.551574E+00 2.006E+00
  3.551667E+00 2.094E+00
  3.551759E+00 2.298E+00
  3.551850E+00 2.727E+00
  3.551941E+00 3.655E+00
  3.552033E+00 5.874E+00
  3.552123E+00 1.138E+01
  3.552214E+00 1.778E+01
  3.552394E+00 9.343E+00
  3.552483E+00 8.267E+00
  3.552573E+00 9.817E+00
  3.552662E+00 1.672E+01
  3.552751E+00 5.286E+01
  3.552839E+00 4.809E+02
  3.552927E+00 5.223E+01
  3.553015E+00 1.505E+01
  3.553103E+00 7.479E+00
  3.553191E+00 4.747E+00
  3.553278E+00 3.449E+00
  3.553365E+00 2.726E+00
  3.553451E+00 2.276E+00
  3.553538E+00 1.975E+00
  3.553624E+00 1.762E+00
  3.553710E+00 1.605E+00
  3.553880E+00 1.390E+00
  3.554135E+00 1.203E+00
  3.554470E+00 1.073E+00
  3.554884E+00 1.004E+00
  3.555292E+00 1.001E+00
  3.555693E+00 1.057E+00
  3.556010E+00 1.162E+00
  3.556245E+00 1.300E+00
  3.556401E+00 1.446E+00
  3.556555E+00 1.673E+00
  3.556632E+00 1.843E+00
  3.556709E+00 2.080E+00
  3.556786E+00 2.435E+00
  3.556862E+00 3.014E+00
  3.556938E+00 4.102E+00
  3.557014E+00 6.660E+00
  3.557090E+00 1.610E+01
  3.557165E+00 1.950E+02
  3.557240E+00 4.027E+01
  3.557315E+00 5.699E+00
  3.557390E+00 2.713E+00
  3.557465E+00 3.303E+00
  3.557539E+00 8.108E+00
  3.557613E+00 1.152E+03
  3.557687E+00 1.446E+01
  3.557761E+00 1.109E+01
  3.557834E+00 1.233E+01
  3.557907E+00 1.491E+01
  3.557980E+00 1.895E+01
  3.558053E+00 2.527E+01
  3.558126E+00 3.540E+01
  3.558198E+00 5.154E+01
  3.558270E+00 7.367E+01
  3.558342E+00 8.907E+01
  3.558414E+00 7.828E+01
  3.558486E+00 5.386E+01
  3.558557E+00 3.461E+01
  3.558628E+00 2.272E+01
  3.558699E+00 1.560E+01
  3.558770E+00 1.120E+01
  3.558840E+00 8.361E+00
  3.558911E+00 6.445E+00
  3.558981E+00 5.103E+00
  3.559051E+00 4.132E+00
  3.559121E+00 3.408E+00
  3.559190E+00 2.854E+00
  3.559259E+00 2.417E+00
  3.559329E+00 2.061E+00
  3.559398E+00 1.763E+00
  3.559466E+00 1.871E+00
  3.559535E+00 3.457E+00
  3.559603E+00 1.769E+00
  3.559671E+00 1.466E+00
  3.559739E+00 1.300E+00
  3.559807E+00 1.182E+00
  3.559942E+00 1.022E+00
  3.560076E+00 9.299E-01
  3.560143E+00 9.125E-01
  3.560210E+00 9.318E-01
  3.560276E+00 1.045E+00
  3.560343E+00 1.554E+00
  3.560409E+00 7.191E+00
  3.560475E+00 1.709E+01
  3.560540E+00 2.199E+00
  3.560606E+00 1.256E+00
  3.560671E+00 9.931E-01
  3.560736E+00 8.813E-01
  3.560801E+00 8.244E-01
  3.560866E+00 7.945E-01
  3.560995E+00 7.830E-01
  3.561059E+00 7.995E-01
  3.561123E+00 8.374E-01
  3.561187E+00 9.129E-01
  3.561251E+00 1.070E+00
  3.561315E+00 1.458E+00
  3.561378E+00 2.867E+00
  3.561441E+00 1.961E+01
  3.561504E+00 2.391E+01
  3.561567E+00 3.231E+00
  3.561630E+00 1.653E+00
  3.561692E+00 1.230E+00
  3.561754E+00 1.066E+00
  3.561817E+00 9.945E-01
  3.561879E+00 9.649E-01
  3.562002E+00 9.670E-01
  3.562186E+00 1.055E+00
  3.562308E+00 1.161E+00
  3.562429E+00 1.317E+00
  3.562549E+00 1.552E+00
  3.562609E+00 1.718E+00
  3.562669E+00 1.937E+00
  3.562729E+00 2.237E+00
  3.562788E+00 2.676E+00
  3.562847E+00 3.373E+00
  3.562907E+00 4.628E+00
  3.562966E+00 7.388E+00
  3.563024E+00 1.613E+01
  3.563083E+00 8.731E+01
  3.563142E+00 2.224E+02
  3.563200E+00 2.046E+01
  3.563258E+00 8.322E+00
  3.563316E+00 5.546E+00
  3.563374E+00 4.740E+00
  3.563432E+00 4.650E+00
  3.563489E+00 4.949E+00
  3.563547E+00 5.551E+00
  3.563604E+00 6.462E+00
  3.563661E+00 7.745E+00
  3.563718E+00 9.498E+00
  3.563775E+00 1.183E+01
  3.563832E+00 1.479E+01
  3.563888E+00 1.810E+01
  3.563945E+00 2.089E+01
  3.564001E+00 2.181E+01
  3.564057E+00 2.031E+01
  3.564169E+00 1.485E+01
  3.564224E+00 1.433E+01
  3.564280E+00 1.965E+01
  3.564335E+00 2.325E+01
  3.564390E+00 1.115E+01
  3.564445E+00 6.275E+00
  3.564500E+00 4.318E+00
  3.564555E+00 3.332E+00
  3.564609E+00 2.819E+00
  3.564664E+00 2.693E+00
  3.564718E+00 3.214E+00
  3.564772E+00 6.027E+00
  3.564826E+00 2.571E+01
  3.564880E+00 2.279E+01
  3.564934E+00 6.245E+00
  3.564988E+00 3.096E+00
  3.565041E+00 2.010E+00
  3.565094E+00 1.489E+00
  3.565148E+00 1.187E+00
  3.565201E+00 9.906E-01
  3.565254E+00 8.536E-01
  3.565306E+00 7.534E-01
  3.565359E+00 6.784E-01
  3.565411E+00 6.218E-01
  3.565464E+00 5.799E-01
  3.565516E+00 5.507E-01
  3.565568E+00 5.335E-01
  3.565620E+00 5.293E-01
  3.565672E+00 5.407E-01
  3.565724E+00 5.739E-01
  3.565775E+00 6.419E-01
  3.565826E+00 7.751E-01
  3.565878E+00 1.049E+00
  3.565929E+00 1.615E+00
  3.565980E+00 2.908E+00
  3.566031E+00 9.679E+00
  3.566082E+00 6.916E+01
  3.566132E+00 4.967E+00
  3.566183E+00 1.344E+00
  3.566233E+00 5.982E-01
  3.566283E+00 3.374E-01
  3.566333E+00 2.191E-01
  3.566383E+00 1.561E-01
  3.566433E+00 1.187E-01
  3.566483E+00 9.458E-02
  3.566532E+00 7.799E-02
  3.566582E+00 6.597E-02
  3.566631E+00 5.690E-02
  3.566680E+00 4.981E-02
  3.566730E+00 4.411E-02
  3.566827E+00 3.552E-02
  3.566925E+00 2.943E-02
  3.567021E+00 2.526E-02
  3.567070E+00 2.402E-02
  3.567118E+00 2.378E-02
  3.567166E+00 2.581E-02
  3.567214E+00 3.549E-02
  3.567261E+00 9.717E-02
  3.567309E+00 1.301E+01
  3.567356E+00 1.197E-01
  3.567404E+00 4.137E-02
  3.567451E+00 2.546E-02
  3.567498E+00 1.911E-02
  3.567545E+00 1.567E-02
  3.567592E+00 1.345E-02
  3.567639E+00 1.184E-02
  3.567732E+00 9.594E-03
  3.567825E+00 8.055E-03
  3.567917E+00 6.942E-03
  3.568009E+00 6.145E-03
  3.568100E+00 5.630E-03
  3.568191E+00 5.423E-03
  3.568237E+00 5.469E-03
  3.568282E+00 5.658E-03
  3.568327E+00 6.067E-03
  3.568372E+00 6.867E-03
  3.568417E+00 8.525E-03
  3.568461E+00 1.277E-02
  3.568506E+00 3.122E-02
  3.568551E+00 8.942E-01
  3.568595E+00 5.301E-02
  3.568639E+00 1.764E-02
  3.568683E+00 1.369E-02
  3.568728E+00 1.429E-02
  3.568771E+00 1.710E-02
  3.568815E+00 2.227E-02
  3.568859E+00 3.091E-02
  3.568903E+00 4.520E-02
  3.568946E+00 6.860E-02
  3.568990E+00 1.048E-01
  3.569076E+00 2.001E-01
  3.569119E+00 2.296E-01
  3.569162E+00 2.403E-01
  3.569248E+00 2.508E-01
  3.569291E+00 2.696E-01
  3.569333E+00 3.278E-01
  3.569376E+00 4.068E+01
  3.569418E+00 4.793E-01
  3.569461E+00 5.421E-01
  3.569503E+00 7.148E-01
  3.569545E+00 1.021E+00
  3.569587E+00 1.559E+00
  3.569670E+00 3.260E+00
  3.569712E+00 3.029E+00
  3.569754E+00 2.070E+00
  3.569795E+00 1.313E+00
  3.569837E+00 8.627E-01
  3.569878E+00 6.000E-01
  3.569919E+00 4.398E-01
  3.569960E+00 3.368E-01
  3.570001E+00 2.673E-01
  3.570042E+00 2.184E-01
  3.570083E+00 1.831E-01
  3.570123E+00 1.573E-01
  3.570164E+00 1.396E-01
  3.570204E+00 1.337E-01
  3.570245E+00 1.842E-01
  3.570285E+00 2.995E+01
  3.570325E+00 1.077E+00
  3.570365E+00 9.557E-01
  3.570406E+00 2.223E-01
  3.570445E+00 1.466E-01
  3.570485E+00 1.194E-01
  3.570525E+00 1.051E-01
  3.570565E+00 9.610E-02
  3.570604E+00 8.989E-02
  3.570683E+00 8.200E-02
  3.570800E+00 7.616E-02
  3.570956E+00 7.465E-02
  3.571071E+00 7.757E-02
  3.571148E+00 8.305E-02
  3.571186E+00 8.856E-02
  3.571224E+00 9.928E-02
  3.571262E+00 1.268E-01
  3.571300E+00 2.525E-01
  3.571338E+00 8.014E+00
  3.571376E+00 4.945E-01
  3.571413E+00 1.826E-01
  3.571451E+00 1.365E-01
  3.571488E+00 1.234E-01
  3.571526E+00 1.198E-01
  3.571600E+00 1.227E-01
  3.571711E+00 1.382E-01
  3.571821E+00 1.644E-01
  3.571895E+00 1.900E-01
  3.571967E+00 2.256E-01
  3.572004E+00 2.490E-01
  3.572040E+00 2.778E-01
  3.572076E+00 3.143E-01
  3.572112E+00 3.618E-01
  3.572148E+00 4.263E-01
  3.572184E+00 5.189E-01
  3.572219E+00 6.625E-01
  3.572255E+00 9.115E-01
  3.572291E+00 1.424E+00
  3.572326E+00 2.847E+00
  3.572362E+00 1.048E+01
  3.572397E+00 1.822E+02
  3.572432E+00 8.181E+00
  3.572468E+00 2.637E+00
  3.572503E+00 1.596E+00
  3.572538E+00 1.313E+00
  3.572573E+00 1.284E+00
  3.572608E+00 1.390E+00
  3.572642E+00 1.605E+00
  3.572677E+00 1.934E+00
  3.572712E+00 2.392E+00
  3.572815E+00 4.219E+00
  3.572849E+00 4.416E+00
  3.572884E+00 4.129E+00
  3.572952E+00 3.030E+00
  3.572986E+00 2.917E+00
  3.573020E+00 3.953E+00
  3.573054E+00 3.453E+00
  3.573088E+00 1.761E+00
  3.573121E+00 1.133E+00
  3.573155E+00 8.397E-01
  3.573189E+00 6.722E-01
  3.573222E+00 5.725E-01
  3.573255E+00 5.272E-01
  3.573289E+00 5.550E-01
  3.573322E+00 7.554E-01
  3.573355E+00 1.675E+00
  3.573388E+00 8.330E+00
  3.573421E+00 6.271E+00
  3.573454E+00 1.807E+00
  3.573487E+00 9.201E-01
  3.573520E+00 6.075E-01
  3.573553E+00 4.575E-01
  3.573585E+00 3.719E-01
  3.573618E+00 3.177E-01
  3.573651E+00 2.814E-01
  3.573683E+00 2.564E-01
  3.573715E+00 2.396E-01
  3.573748E+00 2.293E-01
  3.573780E+00 2.249E-01
  3.573812E+00 2.269E-01
  3.573844E+00 2.366E-01
  3.573876E+00 2.572E-01
  3.573908E+00 2.957E-01
  3.573940E+00 3.681E-01
  3.573972E+00 5.161E-01
  3.574004E+00 8.632E-01
  3.574035E+00 2.021E+00
  3.574067E+00 1.392E+01
  3.574099E+00 6.191E+00
  3.574130E+00 9.704E-01
  3.574161E+00 3.480E-01
  3.574193E+00 1.735E-01
  3.574224E+00 1.038E-01
  3.574255E+00 6.992E-02
  3.574286E+00 5.122E-02
  3.574317E+00 3.989E-02
  3.574348E+00 3.253E-02
  3.574379E+00 2.746E-02
  3.574410E+00 2.382E-02
  3.574441E+00 2.111E-02
  3.574472E+00 1.903E-02
  3.574502E+00 1.744E-02
  3.574533E+00 1.623E-02
  3.574563E+00 1.541E-02
  3.574594E+00 1.505E-02
  3.574624E+00 1.541E-02
  3.574655E+00 1.730E-02
  3.574685E+00 2.338E-02
  3.574715E+00 4.728E-02
  3.574745E+00 2.790E-01
  3.574775E+00 9.857E-01
  3.574805E+00 8.916E-02
  3.574835E+00 3.829E-02
  3.574865E+00 2.443E-02
  3.574895E+00 1.844E-02
  3.574925E+00 1.518E-02
  3.574954E+00 1.313E-02
  3.574984E+00 1.171E-02
  3.575013E+00 1.066E-02
  3.575072E+00 9.189E-03
  3.575160E+00 7.808E-03
  3.575247E+00 6.951E-03
  3.575334E+00 6.437E-03
  3.575420E+00 6.238E-03
  3.575478E+00 6.337E-03
  3.575506E+00 6.506E-03
  3.575534E+00 6.833E-03
  3.575563E+00 7.548E-03
  3.575591E+00 1.005E-02
  3.575619E+00 8.529E-02
  3.575648E+00 1.191E-02
  3.575676E+00 8.401E-03
  3.575704E+00 8.603E-03
  3.575732E+00 9.426E-03
  3.575760E+00 1.068E-02
  3.575788E+00 1.247E-02
  3.575815E+00 1.500E-02
  3.575843E+00 1.867E-02
  3.575871E+00 2.410E-02
  3.575899E+00 3.236E-02
  3.575926E+00 4.512E-02
  3.575954E+00 6.476E-02
  3.575981E+00 9.318E-02
  3.576009E+00 1.276E-01
  3.576036E+00 1.558E-01
  3.576063E+00 1.649E-01
  3.576091E+00 1.576E-01
  3.576145E+00 1.356E-01
  3.576172E+00 1.310E-01
  3.576199E+00 1.324E-01
  3.576226E+00 1.407E-01
  3.576253E+00 1.582E-01
  3.576280E+00 1.969E-01
  3.576307E+00 6.134E+00
  3.576333E+00 3.289E-01
  3.576360E+00 4.233E-01
  3.576387E+00 6.253E-01
  3.576413E+00 9.750E-01
  3.576440E+00 1.414E+00
  3.576466E+00 1.493E+00
  3.576519E+00 7.007E-01
  3.576545E+00 4.649E-01
  3.576572E+00 3.373E-01
  3.576598E+00 2.886E-01
  3.576624E+00 5.507E-01
  3.576650E+00 3.390E-01
  3.576676E+00 1.040E-01
  3.576702E+00 7.940E-02
  3.576728E+00 6.724E-02
  3.576754E+00 6.131E-02
  3.576780E+00 7.091E-02
  3.576805E+00 2.921E-01
  3.576831E+00 9.438E-01
  3.576857E+00 1.437E-01
  3.576882E+00 8.475E-02
  3.576908E+00 6.565E-02
  3.576933E+00 5.617E-02
  3.576959E+00 5.043E-02
  3.576984E+00 4.655E-02
  3.577035E+00 4.169E-02
  3.577111E+00 3.804E-02
  3.577211E+00 3.659E-02
  3.577310E+00 3.776E-02
  3.577359E+00 3.967E-02
  3.577384E+00 4.155E-02
  3.577408E+00 4.556E-02
  3.577433E+00 6.026E-02
  3.577457E+00 3.743E-01
  3.577482E+00 1.540E-01
  3.577506E+00 6.539E-02
  3.577530E+00 5.601E-02
  3.577555E+00 5.434E-02
  3.577603E+00 5.626E-02
  3.577675E+00 6.388E-02
  3.577747E+00 7.598E-02
  3.577794E+00 8.736E-02
  3.577842E+00 1.028E-01
  3.577889E+00 1.244E-01
  3.577912E+00 1.388E-01
  3.577936E+00 1.567E-01
  3.577959E+00 1.796E-01
  3.577983E+00 2.098E-01
  3.578006E+00 2.516E-01
  3.578029E+00 3.127E-01
  3.578053E+00 4.099E-01
  3.578076E+00 5.842E-01
  3.578099E+00 9.619E-01
  3.578122E+00 2.108E+00
  3.578145E+00 9.862E+00
  3.578168E+00 4.851E+01
  3.578191E+00 3.851E+00
  3.578214E+00 1.477E+00
  3.578237E+00 9.639E-01
  3.578260E+00 8.291E-01
  3.578282E+00 8.373E-01
  3.578305E+00 9.318E-01
  3.578328E+00 1.101E+00
  3.578351E+00 1.346E+00
  3.578396E+00 1.996E+00
  3.578418E+00 2.245E+00
  3.578441E+00 2.273E+00
  3.578463E+00 2.066E+00
  3.578486E+00 1.753E+00
  3.578508E+00 1.502E+00
  3.578530E+00 1.533E+00
  3.578552E+00 1.842E+00
  3.578575E+00 1.065E+00
  3.578597E+00 6.651E-01
  3.578619E+00 4.882E-01
  3.578641E+00 3.866E-01
  3.578663E+00 3.216E-01
  3.578685E+00 2.816E-01
  3.578707E+00 2.662E-01
  3.578729E+00 2.900E-01
  3.578751E+00 4.152E-01
  3.578773E+00 9.842E-01
  3.578794E+00 5.241E+00
  3.578816E+00 3.759E+00
  3.578838E+00 1.107E+00
  3.578860E+00 5.723E-01
  3.578881E+00 3.824E-01
  3.578903E+00 2.914E-01
  3.578924E+00 2.398E-01
  3.578946E+00 2.079E-01
  3.578967E+00 1.872E-01
  3.578989E+00 1.739E-01
  3.579010E+00 1.662E-01
  3.579031E+00 1.635E-01
  3.579053E+00 1.658E-01
  3.579074E+00 1.744E-01
  3.579095E+00 1.918E-01
  3.579116E+00 2.239E-01
  3.579137E+00 2.844E-01
  3.579158E+00 4.101E-01
  3.579179E+00 7.178E-01
  3.579200E+00 1.882E+00
  3.579221E+00 1.692E+01
  3.579242E+00 2.711E+00
  3.579263E+00 5.462E-01
  3.579284E+00 2.121E-01
  3.579305E+00 1.097E-01
  3.579326E+00 6.699E-02
  3.579346E+00 4.575E-02
  3.579367E+00 3.386E-02
  3.579388E+00 2.662E-02
  3.579408E+00 2.191E-02
  3.579429E+00 1.868E-02
  3.579449E+00 1.637E-02
  3.579470E+00 1.468E-02
  3.579490E+00 1.342E-02
  3.579511E+00 1.250E-02
  3.579531E+00 1.189E-02
  3.579551E+00 1.164E-02
  3.579572E+00 1.192E-02
  3.579592E+00 1.320E-02
  3.579612E+00 1.701E-02
  3.579632E+00 2.956E-02
  3.579652E+00 9.954E-02
  3.579673E+00 8.577E+00
  3.579693E+00 1.657E-01
  3.579713E+00 4.896E-02
  3.579733E+00 2.723E-02
  3.579753E+00 1.923E-02
  3.579772E+00 1.527E-02
  3.579792E+00 1.295E-02
  3.579812E+00 1.143E-02
  3.579832E+00 1.036E-02
  3.579871E+00 8.942E-03
  3.579930E+00 7.712E-03
  3.579989E+00 7.017E-03
  3.580047E+00 6.668E-03
  3.580105E+00 6.675E-03
  3.580144E+00 7.014E-03
  3.580163E+00 7.397E-03
  3.580182E+00 8.090E-03
  3.580201E+00 9.508E-03
  3.580220E+00 1.330E-02
  3.580239E+00 3.298E-02
  3.580258E+00 1.008E+00
  3.580277E+00 2.318E-02
  3.580296E+00 1.102E-02
  3.580315E+00 9.228E-03
  3.580334E+00 9.149E-03
  3.580353E+00 9.725E-03
  3.580372E+00 1.077E-02
  3.580390E+00 1.231E-02
  3.580409E+00 1.452E-02
  3.580428E+00 1.767E-02
  3.580446E+00 2.228E-02
  3.580465E+00 2.913E-02
  3.580484E+00 3.954E-02
  3.580502E+00 5.540E-02
  3.580521E+00 7.866E-02
  3.580539E+00 1.084E-01
  3.580558E+00 1.357E-01
  3.580576E+00 1.466E-01
  3.580594E+00 1.392E-01
  3.580631E+00 1.107E-01
  3.580649E+00 1.014E-01
  3.580667E+00 9.691E-02
  3.580686E+00 9.713E-02
  3.580704E+00 1.023E-01
  3.580722E+00 1.136E-01
  3.580740E+00 1.344E-01
  3.580758E+00 1.825E-01
  3.580776E+00 7.716E-01
  3.580794E+00 3.181E-01
  3.580812E+00 4.671E-01
  3.580830E+00 7.558E-01
  3.580848E+00 1.201E+00
  3.580866E+00 1.775E+00
  3.580884E+00 5.603E-01
  3.580902E+00 2.780E-01
  3.580919E+00 2.124E-01
  3.580937E+00 1.549E-01
  3.580955E+00 1.158E-01
  3.580973E+00 8.949E-02
  3.580990E+00 7.143E-02
  3.581008E+00 5.872E-02
  3.581025E+00 4.982E-02
  3.581043E+00 4.453E-02
  3.581061E+00 4.607E-02
  3.581078E+00 8.568E-02
  3.581095E+00 4.562E+00
  3.581113E+00 2.408E-01
  3.581130E+00 8.617E-02
  3.581148E+00 5.707E-02
  3.581165E+00 4.548E-02
  3.581182E+00 3.926E-02
  3.581200E+00 3.536E-02
  3.581217E+00 3.270E-02
  3.581251E+00 2.935E-02
  3.581303E+00 2.687E-02
  3.581371E+00 2.595E-02
  3.581438E+00 2.678E-02
  3.581472E+00 2.793E-02
  3.581489E+00 2.905E-02
  3.581505E+00 3.268E-02
  3.581522E+00 2.581E-01
  3.581539E+00 4.442E-02
  3.581555E+00 3.554E-02
  3.581572E+00 3.500E-02
  3.581605E+00 3.688E-02
  3.581655E+00 4.213E-02
  3.581704E+00 4.999E-02
  3.581753E+00 6.175E-02
  3.581785E+00 7.306E-02
  3.581818E+00 8.902E-02
  3.581834E+00 9.966E-02
  3.581850E+00 1.129E-01
  3.581866E+00 1.299E-01
  3.581882E+00 1.523E-01
  3.581898E+00 1.832E-01
  3.581914E+00 2.283E-01
  3.581930E+00 2.996E-01
  3.581946E+00 4.257E-01
  3.581962E+00 6.922E-01
  3.581978E+00 1.459E+00
  3.581994E+00 5.888E+00
  3.582009E+00 5.953E+01
  3.582025E+00 3.698E+00
  3.582041E+00 1.282E+00
  3.582057E+00 7.963E-01
  3.582073E+00 6.668E-01
  3.582088E+00 6.645E-01
  3.582104E+00 7.357E-01
  3.582120E+00 8.672E-01
  3.582135E+00 1.055E+00
  3.582166E+00 1.491E+00
  3.582182E+00 1.594E+00
  3.582197E+00 1.524E+00
  3.582213E+00 1.327E+00
  3.582228E+00 1.109E+00
  3.582244E+00 9.857E-01
  3.582259E+00 1.099E+00
  3.582290E+00 4.978E-01
  3.582305E+00 3.662E-01
  3.582321E+00 2.897E-01
  3.582336E+00 2.392E-01
  3.582351E+00 2.057E-01
  3.582366E+00 1.872E-01
  3.582381E+00 1.885E-01
  3.582397E+00 2.314E-01
  3.582412E+00 4.138E-01
  3.582427E+00 1.446E+00
  3.582442E+00 6.011E+00
  3.582457E+00 1.471E+00
  3.582472E+00 6.000E-01
  3.582487E+00 3.612E-01
  3.582502E+00 2.613E-01
  3.582517E+00 2.091E-01
  3.582532E+00 1.783E-01
  3.582547E+00 1.592E-01
  3.582562E+00 1.473E-01
  3.582577E+00 1.407E-01
  3.582591E+00 1.385E-01
  3.582606E+00 1.410E-01
  3.582621E+00 1.492E-01
  3.582636E+00 1.654E-01
  3.582650E+00 1.952E-01
  3.582665E+00 2.517E-01
  3.582680E+00 3.705E-01
  3.582695E+00 6.720E-01
  3.582709E+00 1.921E+00
  3.582724E+00 1.668E+01
  3.582738E+00 1.711E+00
  3.582753E+00 3.967E-01
  3.582767E+00 1.622E-01
  3.582782E+00 8.615E-02
  3.582796E+00 5.351E-02
  3.582811E+00 3.698E-02
  3.582825E+00 2.762E-02
  3.582840E+00 2.188E-02
  3.582854E+00 1.813E-02
  3.582868E+00 1.555E-02
  3.582883E+00 1.371E-02
  3.582897E+00 1.237E-02
  3.582911E+00 1.137E-02
  3.582940E+00 1.020E-02
  3.582954E+00 1.004E-02
  3.582968E+00 1.032E-02
  3.582982E+00 1.145E-02
  3.582997E+00 1.464E-02
  3.583011E+00 2.464E-02
  3.583025E+00 7.418E-02
  3.583039E+00 2.220E+00
  3.583053E+00 2.086E-01
  3.583067E+00 5.179E-02
  3.583081E+00 2.729E-02
  3.583095E+00 1.881E-02
  3.583109E+00 1.475E-02
  3.583123E+00 1.244E-02
  3.583137E+00 1.095E-02
  3.583151E+00 9.926E-03
  3.583164E+00 9.173E-03
  3.583192E+00 8.148E-03
  3.583233E+00 7.259E-03
  3.583274E+00 6.805E-03
  3.583315E+00 6.698E-03
  3.583343E+00 6.876E-03
  3.583370E+00 7.447E-03
  3.583383E+00 8.048E-03
  3.583397E+00 9.135E-03
  3.583410E+00 1.141E-02
  3.583423E+00 1.780E-02
  3.583437E+00 5.413E-02
  3.583450E+00 1.027E+00
  3.583464E+00 3.050E-02
  3.583477E+00 1.288E-02
  3.583490E+00 9.750E-03
  3.583504E+00 9.078E-03
  3.583517E+00 9.249E-03
  3.583530E+00 9.903E-03
  3.583543E+00 1.098E-02
  3.583557E+00 1.256E-02
  3.583570E+00 1.479E-02
  3.583583E+00 1.797E-02
  3.583596E+00 2.260E-02
  3.583609E+00 2.946E-02
  3.583622E+00 3.982E-02
  3.583635E+00 5.550E-02
  3.583648E+00 7.815E-02
  3.583661E+00 1.063E-01
  3.583674E+00 1.304E-01
  3.583687E+00 1.373E-01
  3.583700E+00 1.272E-01
  3.583726E+00 9.708E-02
  3.583739E+00 8.740E-02
  3.583752E+00 8.215E-02
  3.583765E+00 8.099E-02
  3.583778E+00 8.398E-02
  3.583791E+00 9.188E-02
  3.583803E+00 1.069E-01
  3.583816E+00 1.352E-01
  3.583842E+00 3.398E-01
  3.583854E+00 1.098E+00
  3.583867E+00 2.414E-01
  3.583880E+00 4.668E-01
  3.583892E+00 6.048E-01
  3.583905E+00 5.017E-01
  3.583918E+00 3.307E-01
  3.583930E+00 2.135E-01
  3.583943E+00 1.445E-01
  3.583955E+00 1.034E-01
  3.583968E+00 7.769E-02
  3.583981E+00 6.081E-02
  3.583993E+00 4.935E-02
  3.584005E+00 4.163E-02
  3.584018E+00 3.739E-02
  3.584030E+00 3.977E-02
  3.584043E+00 7.829E-02
  3.584055E+00 3.573E+00
  3.584068E+00 2.307E-01
  3.584080E+00 7.745E-02
  3.584092E+00 4.969E-02
  3.584105E+00 3.888E-02
  3.584117E+00 3.317E-02
  3.584129E+00 2.964E-02
  3.584141E+00 2.726E-02
  3.584166E+00 2.429E-02
  3.584202E+00 2.210E-02
  3.584251E+00 2.127E-02
  3.584299E+00 2.189E-02
  3.584335E+00 2.314E-02
  3.584347E+00 2.402E-02
  3.584359E+00 3.456E-02
  3.584371E+00 2.605E-02
  3.584394E+00 2.740E-02
  3.584430E+00 3.104E-02
  3.584465E+00 3.634E-02
  3.584489E+00 4.114E-02
  3.584524E+00 5.130E-02
  3.584547E+00 6.117E-02
  3.584570E+00 7.525E-02
  3.584593E+00 9.668E-02
  3.584605E+00 1.121E-01
  3.584616E+00 1.328E-01
  3.584628E+00 1.617E-01
  3.584639E+00 2.049E-01
  3.584650E+00 2.749E-01
  3.584662E+00 4.041E-01
  3.584673E+00 6.948E-01
  3.584685E+00 1.638E+00
  3.584696E+00 9.255E+00
  3.584707E+00 1.951E+01
  3.584719E+00 2.280E+00
  3.584730E+00 9.594E-01
  3.584741E+00 6.517E-01
  3.584753E+00 5.743E-01
  3.584764E+00 5.911E-01
  3.584775E+00 6.677E-01
  3.584786E+00 7.945E-01
  3.584798E+00 9.613E-01
  3.584809E+00 1.137E+00
  3.584820E+00 1.254E+00
  3.584831E+00 1.247E+00
  3.584842E+00 1.117E+00
  3.584853E+00 9.361E-01
  3.584865E+00 7.888E-01
  3.584876E+00 7.730E-01
  3.584887E+00 6.466E-01
  3.584898E+00 4.156E-01
  3.584909E+00 3.078E-01
  3.584920E+00 2.440E-01
  3.584931E+00 2.009E-01
  3.584942E+00 1.713E-01
  3.584953E+00 1.529E-01
  3.584964E+00 1.482E-01
  3.584975E+00 1.686E-01
  3.584986E+00 2.626E-01
  3.584997E+00 7.213E-01
  3.585008E+00 4.327E+00
  3.585018E+00 1.917E+00
  3.585029E+00 6.387E-01
  3.585040E+00 3.533E-01
  3.585051E+00 2.456E-01
  3.585062E+00 1.926E-01
  3.585073E+00 1.625E-01
  3.585083E+00 1.442E-01
  3.585094E+00 1.331E-01
  3.585105E+00 1.270E-01
  3.585116E+00 1.253E-01
  3.585126E+00 1.279E-01
  3.585137E+00 1.359E-01
  3.585148E+00 1.516E-01
  3.585158E+00 1.804E-01
  3.585169E+00 2.352E-01
  3.585180E+00 3.521E-01
  3.585190E+00 6.586E-01
  3.585201E+00 2.035E+00
  3.585211E+00 1.390E+01
  3.585222E+00 1.255E+00
  3.585232E+00 3.207E-01
  3.585243E+00 1.363E-01
  3.585253E+00 7.403E-02
  3.585264E+00 4.665E-02
  3.585274E+00 3.258E-02
  3.585285E+00 2.454E-02
  3.585295E+00 1.956E-02
  3.585306E+00 1.630E-02
  3.585316E+00 1.404E-02
  3.585327E+00 1.243E-02
  3.585337E+00 1.125E-02
  3.585347E+00 1.037E-02
  3.585368E+00 9.326E-03
  3.585378E+00 9.160E-03
  3.585389E+00 9.349E-03
  3.585399E+00 1.018E-02
  3.585409E+00 1.250E-02
  3.585420E+00 1.925E-02
  3.585430E+00 4.686E-02
  3.585440E+00 4.221E-01
  3.585450E+00 4.520E-01
  3.585460E+00 6.538E-02
  3.585471E+00 3.016E-02
  3.585481E+00 1.965E-02
  3.585491E+00 1.498E-02
  3.585501E+00 1.244E-02
  3.585511E+00 1.086E-02
  3.585521E+00 9.794E-03
  3.585531E+00 9.029E-03
  3.585552E+00 8.014E-03
  3.585572E+00 7.388E-03
  3.585589E+00 7.036E-03
  3.595579E+00 1.806E-01
  3.595589E+00 3.913E-01
  3.620532E+00 2.159E-01
  3.645476E+00 1.573E-01
  3.670419E+00 1.289E-01
  3.695362E+00 1.124E-01
  3.720306E+00 1.022E-01
  3.745249E+00 9.597E-02
  3.795135E+00 8.942E-02
  3.944795E+00 7.989E-02
  4.518491E+00 5.826E-02
  5.042301E+00 4.349E-02
  5.541167E+00 3.376E-02
  5.965203E+00 2.740E-02
  6.040033E+00 2.649E-02
  6.162052E+00 2.495E-02
  6.286530E+00 2.349E-02
  6.413526E+00 2.213E-02
  6.543091E+00 2.084E-02
  6.675270E+00 1.962E-02
  6.810118E+00 1.848E-02
  6.947689E+00 1.741E-02
  7.088042E+00 1.639E-02
  7.231230E+00 1.544E-02
  7.377316E+00 1.454E-02
  7.526343E+00 1.369E-02
  7.678385E+00 1.289E-02
  7.833502E+00 1.214E-02
  7.991747E+00 1.144E-02
  8.153189E+00 1.077E-02
  8.317897E+00 1.014E-02
  8.485928E+00 9.552E-03
  8.657358E+00 8.996E-03
  8.832244E+00 8.472E-03
  9.010673E+00 7.979E-03
  9.192696E+00 7.514E-03
  9.378400E+00 7.076E-03
  9.567860E+00 6.664E-03
  9.761144E+00 6.276E-03
  9.958327E+00 5.911E-03
  1.015950E+01 5.567E-03
  1.036474E+01 5.242E-03
  1.057412E+01 4.937E-03
  1.078773E+01 4.650E-03
  1.100566E+01 4.379E-03
  1.122799E+01 4.124E-03
  1.145481E+01 3.884E-03
  1.168621E+01 3.657E-03
  1.192229E+01 3.444E-03
  1.216313E+01 3.244E-03
  1.240884E+01 3.055E-03
  1.265952E+01 2.877E-03
  1.291526E+01 2.710E-03
  1.317616E+01 2.552E-03
  1.344234E+01 2.403E-03
  1.371389E+01 2.263E-03
  1.399093E+01 2.131E-03
  1.427357E+01 2.007E-03
  1.456191E+01 1.890E-03
  1.485609E+01 1.780E-03
  1.515620E+01 1.677E-03
  1.546237E+01 1.579E-03
  1.577473E+01 1.487E-03
  1.609340E+01 1.400E-03
  1.641850E+01 1.319E-03
  1.675017E+01 1.242E-03
  1.708856E+01 1.170E-03
  1.743376E+01 1.102E-03
  1.778595E+01 1.037E-03
  1.814525E+01 9.770E-04
  1.851181E+01 9.201E-04
  1.888576E+01 8.666E-04
  1.926729E+01 8.161E-04
  1.965651E+01 7.686E-04
  2.005360E+01 7.238E-04
  2.045871E+01 6.817E-04
  2.087201E+01 6.420E-04
  2.129364E+01 6.046E-04
  2.172382E+01 5.694E-04
  2.216264E+01 5.362E-04
  2.261038E+01 5.050E-04
  2.306712E+01 4.756E-04
  2.353313E+01 4.479E-04
  2.400851E+01 4.218E-04