  2.041946E-02 9.377E+01
  7.170415E-02 4.056E+00
  1.216850E-01 8.818E-01
  1.704057E-01 3.095E-01
  2.179083E-01 1.382E-01
  2.642332E-01 7.131E-02
  3.094188E-01 4.065E-02
  3.535023E-01 2.499E-02
  3.965193E-01 1.634E-02
  4.385037E-01 1.124E-02
  4.794885E-01 8.062E-03
  5.195052E-01 5.968E-03
  5.585838E-01 4.523E-03
  5.967537E-01 3.490E-03
  6.340426E-01 2.730E-03
  6.704776E-01 2.161E-03
  7.060845E-01 1.732E-03
  7.408882E-01 1.405E-03
  7.749126E-01 1.155E-03
  8.081810E-01 9.630E-04
  8.407154E-01 8.146E-04
  8.725374E-01 6.987E-04
  9.036675E-01 6.069E-04
  9.341258E-01 5.328E-04
  9.931027E-01 4.207E-04
  1.049614E+00 3.380E-04
  1.130051E+00 2.453E-04
  1.205662E+00 1.776E-04
  1.253577E+00 1.437E-04
  1.299619E+00 1.173E-04
  1.343884E+00 9.707E-05
  1.386463E+00 8.187E-05
  1.447354E+00 6.599E-05
  1.504903E+00 5.576E-05
  1.576849E+00 4.708E-05
  1.894160E+00 1.838E-05
  1.951615E+00 1.417E-05
  2.004783E+00 1.106E-05
  2.063508E+00 8.420E-06
  2.117283E+00 6.561E-06
  2.174483E+00 5.014E-06
  2.233442E+00 3.793E-06
  2.286446E+00 2.967E-06
  2.402580E+00 1.531E-06
  2.435215E+00 1.090E-06
  2.444065E+00 1.018E-06
  2.448415E+00 1.014E-06
  2.452716E+00 1.046E-06
  2.456969E+00 1.133E-06
  2.461174E+00 1.308E-06
  2.465332E+00 1.625E-06
  2.469444E+00 2.178E-06
  2.473510E+00 3.143E-06
  2.477532E+00 4.872E-06
  2.481509E+00 8.132E-06
  2.485443E+00 1.485E-05
  2.489334E+00 3.086E-05
  2.493182E+00 8.066E-05
  2.496989E+00 3.661E-04
  2.500755E+00 4.404E-02
  2.504480E+00 5.292E-04
  2.508165E+00 1.494E-04
  2.511811E+00 7.504E-05
  2.515419E+00 4.754E-05
  2.518988E+00 3.411E-05
  2.522519E+00 2.643E-05
  2.526013E+00 2.156E-05
  2.529471E+00 1.826E-05
  2.532892E+00 1.589E-05
  2.536278E+00 1.412E-05
  2.539628E+00 1.276E-05
  2.546226E+00 1.082E-05
  2.555870E+00 9.035E-06
  2.565224E+00 7.949E-06
  2.577262E+00 7.076E-06
  2.594443E+00 6.417E-06
  2.613254E+00 6.188E-06
  2.635663E+00 6.404E-06
  2.658459E+00 7.127E-06
  2.679287E+00 8.279E-06
  2.700187E+00 1.001E-05
  2.720870E+00 1.247E-05
  2.739612E+00 1.555E-05
  2.757998E+00 1.971E-05
  2.774635E+00 2.489E-05
  2.789739E+00 3.135E-05
  2.803492E+00 3.953E-05
  2.815125E+00 4.922E-05
  2.824985E+00 6.083E-05
  2.832533E+00 7.351E-05
  2.838106E+00 8.701E-05
  2.841936E+00 1.007E-04
  2.844176E+00 1.124E-04
  2.846375E+00 1.305E-04
  2.847098E+00 1.396E-04
  2.847817E+00 1.517E-04
  2.848532E+00 1.692E-04
  2.849242E+00 1.975E-04
  2.849948E+00 2.527E-04
  2.850650E+00 4.038E-04
  2.852040E+00 2.476E-03
  2.852729E+00 1.854E-04
  2.853413E+00 1.035E-04
  2.854093E+00 9.661E-05
  2.854770E+00 1.008E-04
  2.856773E+00 1.238E-04
  2.858089E+00 1.444E-04
  2.858741E+00 1.583E-04
  2.859389E+00 1.775E-04
  2.860033E+00 2.074E-04
  2.860674E+00 2.643E-04
  2.861310E+00 4.149E-04
  2.861943E+00 1.278E-03
  2.862572E+00 2.819E-02
  2.863197E+00 5.372E-04
  2.863818E+00 2.322E-04
  2.864436E+00 1.800E-04
  2.865050E+00 1.676E-04
  2.865661E+00 1.664E-04
  2.867471E+00 1.810E-04
  2.870418E+00 2.225E-04
  2.872714E+00 2.677E-04
  2.874959E+00 3.293E-04
  2.876608E+00 3.931E-04
  2.878230E+00 4.817E-04
  2.879296E+00 5.625E-04
  2.880351E+00 6.705E-04
  2.881393E+00 8.210E-04
  2.881910E+00 9.201E-04
  2.882424E+00 1.042E-03
  2.882935E+00 1.195E-03
  2.883443E+00 1.391E-03
  2.883949E+00 1.648E-03
  2.884451E+00 1.999E-03
  2.884951E+00 2.494E-03
  2.885448E+00 3.231E-03
  2.885943E+00 4.407E-03
  2.886434E+00 6.475E-03
  2.886923E+00 1.068E-02
  2.887410E+00 2.159E-02
  2.887893E+00 6.933E-02
  2.888374E+00 2.279E+00
  2.888853E+00 1.387E-01
  2.889329E+00 2.625E-02
  2.889802E+00 1.031E-02
  2.890273E+00 5.299E-03
  2.890741E+00 3.139E-03
  2.891207E+00 2.029E-03
  2.891670E+00 1.390E-03
  2.892130E+00 9.932E-04
  2.892588E+00 7.326E-04
  2.893044E+00 5.537E-04
  2.893498E+00 4.269E-04
  2.893948E+00 3.344E-04
  2.894397E+00 2.657E-04
  2.894843E+00 2.136E-04
  2.895287E+00 1.736E-04
  2.895728E+00 1.425E-04
  2.896167E+00 1.181E-04
  2.896604E+00 9.895E-05
  2.897038E+00 8.373E-05
  2.897471E+00 7.166E-05
  2.897900E+00 6.207E-05
  2.898328E+00 5.448E-05
  2.898753E+00 4.852E-05
  2.899177E+00 4.387E-05
  2.899598E+00 4.031E-05
  2.900433E+00 3.576E-05
  2.901260E+00 3.377E-05
  2.902078E+00 3.362E-05
  2.903290E+00 3.582E-05
  2.904877E+00 4.178E-05
  2.906815E+00 5.234E-05
  2.909448E+00 7.083E-05
  2.912702E+00 9.945E-05
  2.915814E+00 1.337E-04
  2.918793E+00 1.752E-04
  2.921335E+00 2.213E-04
  2.922876E+00 2.583E-04
  2.923180E+00 2.688E-04
  2.923483E+00 3.019E-04
  2.923784E+00 2.676E-04
  2.924382E+00 2.929E-04
  2.926431E+00 3.693E-04
  2.927855E+00 4.420E-04
  2.929247E+00 5.434E-04
  2.930067E+00 6.278E-04
  2.930877E+00 7.431E-04
  2.931675E+00 9.120E-04
  2.932201E+00 1.078E-03
  2.932462E+00 1.187E-03
  2.932723E+00 1.321E-03
  2.932982E+00 1.490E-03
  2.933240E+00 1.709E-03
  2.933497E+00 2.003E-03
  2.933752E+00 2.413E-03
  2.934007E+00 3.015E-03
  2.934260E+00 3.967E-03
  2.934512E+00 5.624E-03
  2.934764E+00 8.965E-03
  2.935014E+00 1.761E-02
  2.935263E+00 5.533E-02
  2.935511E+00 1.262E+00
  2.935757E+00 9.147E-02
  2.936003E+00 1.843E-02
  2.936248E+00 7.410E-03
  2.936492E+00 3.938E-03
  2.936734E+00 2.455E-03
  2.936976E+00 1.709E-03
  2.937216E+00 1.292E-03
  2.937456E+00 1.045E-03
  2.937694E+00 8.922E-04
  2.937931E+00 7.971E-04
  2.938168E+00 7.389E-04
  2.938403E+00 7.060E-04
  2.938637E+00 6.916E-04
  2.939103E+00 7.048E-04
  2.939334E+00 7.307E-04
  2.939565E+00 7.720E-04
  2.939794E+00 8.342E-04
  2.940023E+00 9.299E-04
  2.940250E+00 1.087E-03
  2.940476E+00 1.377E-03
  2.940702E+00 2.020E-03
  2.940926E+00 3.976E-03
  2.941150E+00 1.635E-02
  2.941373E+00 1.217E+00
  2.941594E+00 1.304E-02
  2.941815E+00 4.617E-03
  2.942035E+00 2.849E-03
  2.942254E+00 2.215E-03
  2.942472E+00 1.935E-03
  2.942689E+00 1.805E-03
  2.942905E+00 1.752E-03
  2.943335E+00 1.767E-03
  2.943761E+00 1.876E-03
  2.944394E+00 2.166E-03
  2.945019E+00 2.622E-03
  2.945431E+00 3.050E-03
  2.945840E+00 3.625E-03
  2.946246E+00 4.419E-03
  2.946447E+00 4.935E-03
  2.946648E+00 5.561E-03
  2.946848E+00 6.331E-03
  2.947047E+00 7.296E-03
  2.947245E+00 8.529E-03
  2.947443E+00 1.014E-02
  2.947640E+00 1.232E-02
  2.947836E+00 1.536E-02
  2.948031E+00 1.982E-02
  2.948225E+00 2.675E-02
  2.948419E+00 3.848E-02
  2.948611E+00 6.085E-02
  2.948803E+00 1.126E-01
  2.948995E+00 2.847E-01
  2.949185E+00 1.846E+00
  2.949375E+00 4.839E+00
  2.949564E+00 3.597E-01
  2.949752E+00 1.167E-01
  2.949939E+00 5.575E-02
  2.950126E+00 3.197E-02
  2.950312E+00 2.038E-02
  2.950497E+00 1.392E-02
  2.950682E+00 9.979E-03
  2.950866E+00 7.414E-03
  2.951049E+00 5.659E-03
  2.951231E+00 4.413E-03
  2.951412E+00 3.500E-03
  2.951593E+00 2.814E-03
  2.951774E+00 2.288E-03
  2.951953E+00 1.878E-03
  2.952132E+00 1.553E-03
  2.952310E+00 1.292E-03
  2.952487E+00 1.081E-03
  2.952664E+00 9.081E-04
  2.952840E+00 7.655E-04
  2.953015E+00 6.470E-04
  2.953190E+00 5.481E-04
  2.953364E+00 4.650E-04
  2.953537E+00 3.949E-04
  2.953710E+00 3.356E-04
  2.953882E+00 2.853E-04
  2.954053E+00 2.426E-04
  2.954223E+00 2.064E-04
  2.954393E+00 1.755E-04
  2.954563E+00 1.493E-04
  2.954731E+00 1.271E-04
  2.954899E+00 1.083E-04
  2.955067E+00 9.258E-05
  2.955233E+00 7.944E-05
  2.955399E+00 6.858E-05
  2.955565E+00 5.973E-05
  2.955730E+00 5.266E-05
  2.955894E+00 4.715E-05
  2.956058E+00 4.303E-05
  2.956220E+00 4.015E-05
  2.956383E+00 3.838E-05
  2.956544E+00 3.760E-05
  2.956706E+00 3.770E-05
  2.957026E+00 4.006E-05
  2.957185E+00 4.183E-05
  2.957344E+00 1.002E-01
  2.957502E+00 5.191E-05
  2.957660E+00 5.497E-05
  2.958128E+00 6.955E-05
  2.958746E+00 9.495E-05
  2.959504E+00 1.334E-04
  2.960980E+00 2.178E-04
  2.961269E+00 2.250E-04
  2.961412E+00 2.190E-04
  2.961555E+00 1.927E-04
  2.961698E+00 2.703E-02
  2.961840E+00 5.358E-04
  2.961981E+00 4.266E-04
  2.962122E+00 4.066E-04
  2.962403E+00 4.106E-04
  2.963095E+00 4.711E-04
  2.964177E+00 6.090E-04
  2.965229E+00 7.855E-04
  2.966252E+00 1.012E-03
  2.967123E+00 1.273E-03
  2.967854E+00 1.571E-03
  2.968451E+00 1.908E-03
  2.968922E+00 2.278E-03
  2.969271E+00 2.660E-03
  2.969616E+00 3.209E-03
  2.969844E+00 3.756E-03
  2.969958E+00 4.127E-03
  2.970071E+00 4.606E-03
  2.970183E+00 5.257E-03
  2.970296E+00 6.206E-03
  2.970408E+00 7.742E-03
  2.970519E+00 1.067E-02
  2.970631E+00 1.818E-02
  2.970742E+00 5.811E-02
  2.970852E+00 5.771E-01
  2.970962E+00 1.240E-02
  2.971072E+00 3.232E-03
  2.971182E+00 2.191E-03
  2.971291E+00 2.266E-03
  2.971399E+00 2.616E-03
  2.971508E+00 3.076E-03
  2.971616E+00 3.612E-03
  2.971723E+00 4.235E-03
  2.971830E+00 4.974E-03
  2.971937E+00 5.878E-03
  2.972044E+00 7.026E-03
  2.972150E+00 8.547E-03
  2.972256E+00 1.066E-02
  2.972361E+00 1.377E-02
  2.972467E+00 1.870E-02
  2.972571E+00 2.730E-02
  2.972676E+00 4.461E-02
  2.972780E+00 8.850E-02
  2.972884E+00 2.655E-01
  2.972987E+00 4.148E+00
  2.973090E+00 1.058E+00
  2.973193E+00 1.731E-01
  2.973296E+00 7.027E-02
  2.973398E+00 3.936E-02
  2.973500E+00 2.621E-02
  2.973601E+00 1.952E-02
  2.973702E+00 1.574E-02
  2.973803E+00 1.347E-02
  2.973903E+00 1.207E-02
  2.974003E+00 1.122E-02
  2.974103E+00 1.073E-02
  2.974302E+00 1.048E-02
  2.974499E+00 1.092E-02
  2.974696E+00 1.192E-02
  2.974890E+00 1.353E-02
  2.975084E+00 1.591E-02
  2.975276E+00 1.938E-02
  2.975372E+00 2.173E-02
  2.975468E+00 2.463E-02
  2.975563E+00 2.830E-02
  2.975658E+00 3.301E-02
  2.975752E+00 3.921E-02
  2.975846E+00 4.761E-02
  2.975940E+00 5.942E-02
  2.976034E+00 7.682E-02
  2.976127E+00 1.041E-01
  2.976220E+00 1.509E-01
  2.976313E+00 2.418E-01
  2.976406E+00 4.593E-01
  2.976498E+00 1.237E+00
  2.976590E+00 1.080E+01
  2.976681E+00 9.841E+00
  2.976773E+00 1.087E+00
  2.976864E+00 3.781E-01
  2.976954E+00 1.855E-01
  2.977045E+00 1.076E-01
  2.977135E+00 6.892E-02
  2.977225E+00 4.709E-02
  2.977314E+00 3.367E-02
  2.977404E+00 2.489E-02
  2.977493E+00 1.886E-02
  2.977582E+00 1.457E-02
  2.977670E+00 1.142E-02
  2.977758E+00 9.044E-03
  2.977846E+00 7.224E-03
  2.977934E+00 5.801E-03
  2.978021E+00 4.672E-03
  2.978109E+00 3.764E-03
  2.978195E+00 3.024E-03
  2.978282E+00 2.415E-03
  2.978368E+00 1.906E-03
  2.978455E+00 1.475E-03
  2.978540E+00 1.106E-03
  2.978626E+00 7.815E-04
  2.978711E+00 4.909E-04
  2.978796E+00 2.273E-04
  2.978881E+00 2.192E-05
  2.978966E+00 3.575E-04
  2.979050E+00 7.468E-02
  2.979134E+00 7.350E-03
  2.979218E+00 2.316E-03
  2.979301E+00 1.278E-03
  2.979384E+00 8.347E-04
  2.979467E+00 5.851E-04
  2.979550E+00 4.238E-04
  2.979632E+00 3.115E-04
  2.979715E+00 2.301E-04
  2.979797E+00 1.700E-04
  2.979878E+00 1.255E-04
  2.979960E+00 9.297E-05
  2.980041E+00 7.001E-05
  2.980122E+00 5.490E-05
  2.980203E+00 4.636E-05
  2.980283E+00 4.342E-05
  2.980364E+00 4.535E-05
  2.980444E+00 5.154E-05
  2.980524E+00 6.152E-05
  2.980603E+00 7.490E-05
  2.980682E+00 9.137E-05
  2.980761E+00 1.107E-04
  2.980919E+00 1.570E-04
  2.981075E+00 2.127E-04
  2.981231E+00 2.774E-04
  2.981463E+00 3.943E-04
  2.981616E+00 4.982E-04
  2.981692E+00 5.749E-04
  2.981768E+00 7.160E-04
  2.981844E+00 1.267E-03
  2.981920E+00 5.873E+00
  2.981995E+00 1.541E-03
  2.982070E+00 9.060E-04
  2.982145E+00 8.457E-04
  2.982220E+00 8.601E-04
  2.982443E+00 9.914E-04
  2.982883E+00 1.346E-03
  2.983387E+00 1.847E-03
  2.983951E+00 2.552E-03
  2.984433E+00 3.322E-03
  2.984906E+00 4.294E-03
  2.985304E+00 5.360E-03
  2.985696E+00 6.757E-03
  2.986017E+00 8.325E-03
  2.986271E+00 1.003E-02
  2.986459E+00 1.175E-02
  2.986646E+00 1.415E-02
  2.986770E+00 1.645E-02
  2.986832E+00 1.797E-02
  2.986893E+00 1.989E-02
  2.986954E+00 2.242E-02
  2.987015E+00 2.599E-02
  2.987076E+00 3.151E-02
  2.987137E+00 4.148E-02
  2.987198E+00 6.502E-02
  2.987258E+00 1.685E-01
  2.987319E+00 5.036E+00
  2.987379E+00 5.095E-02
  2.987439E+00 1.329E-02
  2.987498E+00 1.086E-02
  2.987558E+00 1.235E-02
  2.987618E+00 1.469E-02
  2.987736E+00 2.045E-02
  2.987795E+00 2.396E-02
  2.987854E+00 2.810E-02
  2.987913E+00 3.317E-02
  2.987971E+00 3.960E-02
  2.988029E+00 4.809E-02
  2.988088E+00 5.983E-02
  2.988146E+00 7.693E-02
  2.988204E+00 1.036E-01
  2.988261E+00 1.490E-01
  2.988319E+00 2.368E-01
  2.988376E+00 4.442E-01
  2.988434E+00 1.155E+00
  2.988491E+00 8.143E+00
  2.988548E+00 1.823E+01
  2.988605E+00 1.538E+00
  2.988661E+00 5.426E-01
  2.988718E+00 2.849E-01
  2.988774E+00 1.823E-01
  2.988830E+00 1.319E-01
  2.988886E+00 1.040E-01
  2.988942E+00 8.733E-02
  2.988998E+00 7.705E-02
  2.989054E+00 7.070E-02
  2.989109E+00 6.694E-02
  2.989164E+00 6.503E-02
  2.989275E+00 6.520E-02
  2.989384E+00 6.952E-02
  2.989493E+00 7.774E-02
  2.989602E+00 9.057E-02
  2.989710E+00 1.098E-01
  2.989763E+00 1.229E-01
  2.989817E+00 1.392E-01
  2.989870E+00 1.597E-01
  2.989924E+00 1.860E-01
  2.989977E+00 2.205E-01
  2.990030E+00 2.670E-01
  2.990083E+00 3.320E-01
  2.990136E+00 4.268E-01
  2.990188E+00 5.732E-01
  2.990241E+00 8.182E-01
  2.990293E+00 1.278E+00
  2.990345E+00 2.308E+00
  2.990397E+00 5.523E+00
  2.990449E+00 2.871E+01
  2.990501E+00 2.576E+02
  2.990553E+00 1.011E+01
  2.990604E+00 3.013E+00
  2.990656E+00 1.395E+00
  2.990707E+00 7.874E-01
  2.990758E+00 4.976E-01
  2.990809E+00 3.381E-01
  2.990860E+00 2.416E-01
  2.990911E+00 1.791E-01
  2.990961E+00 1.365E-01
  2.991012E+00 1.063E-01
  2.991062E+00 8.413E-02
  2.991112E+00 6.750E-02
  2.991163E+00 5.474E-02
  2.991212E+00 4.475E-02
  2.991262E+00 3.682E-02
  2.991312E+00 3.044E-02
  2.991362E+00 2.524E-02
  2.991411E+00 2.096E-02
  2.991460E+00 1.740E-02
  2.991510E+00 1.441E-02
  2.991559E+00 1.188E-02
  2.991608E+00 9.718E-03
  2.991656E+00 7.846E-03
  2.991705E+00 6.199E-03
  2.991802E+00 3.319E-03
  2.991851E+00 1.918E-03
  2.991899E+00 4.346E-04
  2.991947E+00 4.992E-03
  2.991995E+00 3.151E-02
  2.992043E+00 7.807E-03
  2.992090E+00 4.424E-03
  2.992138E+00 2.972E-03
  2.992186E+00 2.112E-03
  2.992233E+00 1.525E-03
  2.992280E+00 1.096E-03
  2.992327E+00 7.748E-04
  2.992374E+00 5.312E-04
  2.992421E+00 3.484E-04
  2.992468E+00 2.152E-04
  2.992515E+00 1.238E-04
  2.992561E+00 6.818E-05
  2.992608E+00 4.406E-05
  2.992654E+00 4.792E-05
  2.992700E+00 7.694E-05
  2.992746E+00 1.288E-04
  2.992792E+00 2.016E-04
  2.992838E+00 2.937E-04
  2.992884E+00 4.038E-04
  2.992929E+00 5.307E-04
  2.992975E+00 6.736E-04
  2.993066E+00 1.007E-03
  2.993111E+00 1.202E-03
  2.993156E+00 1.431E-03
  2.993201E+00 1.758E-03
  2.993246E+00 2.538E-03
  2.993290E+00 8.670E-03
  2.993335E+00 1.933E-01
  2.993380E+00 1.380E-02
  2.993424E+00 1.486E-02
  2.993468E+00 6.668E-03
  2.993512E+00 3.176E-03
  2.993557E+00 3.843E-03
  2.993644E+00 4.754E-03
  2.993905E+00 7.343E-03
  2.994120E+00 9.928E-03
  2.994374E+00 1.372E-02
  2.994624E+00 1.848E-02
  2.994871E+00 2.450E-02
  2.995114E+00 3.223E-02
  2.995354E+00 4.234E-02
  2.995551E+00 5.338E-02
  2.995746E+00 6.788E-02
  2.995900E+00 8.314E-02
  2.996053E+00 1.034E-01
  2.996167E+00 1.236E-01
  2.996280E+00 1.510E-01
  2.996354E+00 1.757E-01
  2.996429E+00 2.096E-01
  2.996466E+00 2.323E-01
  2.996503E+00 2.612E-01
  2.996540E+00 3.001E-01
  2.996577E+00 3.568E-01
  2.996614E+00 4.502E-01
  2.996650E+00 6.400E-01
  2.996687E+00 1.230E+00
  2.996723E+00 8.911E+00
  2.996760E+00 1.737E+00
  2.996796E+00 2.316E-01
  2.996832E+00 1.627E-01
  2.996869E+00 1.838E-01
  2.996905E+00 2.210E-01
  2.996941E+00 2.643E-01
  2.996977E+00 3.133E-01
  2.997012E+00 3.696E-01
  2.997048E+00 4.363E-01
  2.997084E+00 5.176E-01
  2.997120E+00 6.201E-01
  2.997155E+00 7.539E-01
  2.997190E+00 9.356E-01
  2.997226E+00 1.194E+00
  2.997261E+00 1.584E+00
  2.997296E+00 2.216E+00
  2.997331E+00 3.350E+00
  2.997366E+00 5.711E+00
  2.997401E+00 1.201E+01
  2.997436E+00 4.017E+01
  2.997471E+00 1.256E+03
  2.997506E+00 1.006E+02
  2.997540E+00 2.044E+01
  2.997575E+00 8.938E+00
  2.997609E+00 5.240E+00
  2.997644E+00 3.612E+00
  2.997678E+00 2.768E+00
  2.997712E+00 2.288E+00
  2.997747E+00 2.005E+00
  2.997781E+00 1.837E+00
  2.997815E+00 1.746E+00
  2.997849E+00 1.709E+00
  2.997883E+00 1.714E+00
  2.997950E+00 1.827E+00
  2.998017E+00 2.068E+00
  2.998051E+00 2.243E+00
  2.998084E+00 2.459E+00
  2.998151E+00 3.055E+00
  2.998184E+00 3.462E+00
  2.998217E+00 3.968E+00
  2.998250E+00 4.605E+00
  2.998283E+00 5.418E+00
  2.998316E+00 6.475E+00
  2.998349E+00 7.879E+00
  2.998382E+00 9.793E+00
  2.998414E+00 1.249E+01
  2.998447E+00 1.647E+01
  2.998479E+00 2.264E+01
  2.998512E+00 3.299E+01
  2.998544E+00 5.227E+01
  2.998576E+00 9.458E+01
  2.998609E+00 2.185E+02
  2.998641E+00 9.276E+02
  2.998673E+00 1.255E+05
  2.998705E+00 7.719E+02
  2.998737E+00 2.054E+02
  2.998769E+00 9.388E+01
  2.998801E+00 5.384E+01
  2.998832E+00 3.501E+01
  2.998864E+00 2.467E+01
  2.998896E+00 1.837E+01
  2.998927E+00 1.425E+01
  2.998959E+00 1.140E+01
  2.998990E+00 9.354E+00
  2.999021E+00 7.827E+00
  2.999053E+00 6.659E+00
  2.999084E+00 5.745E+00
  2.999115E+00 5.016E+00
  2.999146E+00 4.424E+00
  2.999177E+00 3.938E+00
  2.999239E+00 3.194E+00
  2.999300E+00 2.659E+00
  2.999362E+00 2.264E+00
  2.999423E+00 1.971E+00
  2.999483E+00 1.765E+00
  2.999513E+00 1.703E+00
  2.999544E+00 1.700E+00
  2.999574E+00 1.971E+00
  2.999604E+00 1.859E-01
  2.999634E+00 9.236E-01
  2.999664E+00 9.908E-01
  2.999694E+00 9.852E-01
  2.999960E+00 7.179E-01
  3.000105E+00 6.094E-01
  3.000192E+00 5.661E-01
  3.000249E+00 5.652E-01
  3.000278E+00 5.972E-01
  3.000306E+00 7.136E-01
  3.000335E+00 1.240E+00
  3.000363E+00 8.615E+00
  3.000391E+00 1.305E+01
  3.000420E+00 2.194E+00
  3.000448E+00 1.343E+00
  3.000476E+00 1.373E+00
  3.000504E+00 1.827E+00
  3.000532E+00 3.802E-01
  3.000560E+00 4.307E-01
  3.000588E+00 4.379E-01
  3.000946E+00 3.518E-01
  3.001242E+00 3.095E-01
  3.001582E+00 2.851E-01
  3.001889E+00 2.834E-01
  3.002114E+00 2.998E-01
  3.002261E+00 3.271E-01
  3.002359E+00 3.614E-01
  3.002432E+00 4.070E-01
  3.002480E+00 4.598E-01
  3.002504E+00 5.006E-01
  3.002528E+00 5.605E-01
  3.002552E+00 6.581E-01
  3.002575E+00 8.473E-01
  3.002599E+00 1.359E+00
  3.002623E+00 4.877E+00
  3.002647E+00 5.954E+00
  3.002670E+00 3.666E-01
  3.002694E+00 2.201E-01
  3.002717E+00 2.372E-01
  3.002764E+00 3.123E-01
  3.002811E+00 3.977E-01
  3.002835E+00 4.475E-01
  3.002858E+00 5.057E-01
  3.002881E+00 5.765E-01
  3.002904E+00 6.658E-01
  3.002928E+00 7.832E-01
  3.002951E+00 9.445E-01
  3.002974E+00 1.178E+00
  3.002997E+00 1.539E+00
  3.003020E+00 2.147E+00
  3.003043E+00 3.304E+00
  3.003065E+00 5.976E+00
  3.003088E+00 1.479E+01
  3.003111E+00 9.162E+01
  3.003134E+00 3.161E+02
  3.003157E+00 2.124E+01
  3.003179E+00 7.096E+00
  3.003202E+00 3.598E+00
  3.003224E+00 2.238E+00
  3.003247E+00 1.579E+00
  3.003269E+00 1.215E+00
  3.003292E+00 9.978E-01
  3.003314E+00 8.612E-01
  3.003337E+00 7.732E-01
  3.003359E+00 7.166E-01
  3.003381E+00 6.818E-01
  3.003426E+00 6.560E-01
  3.003470E+00 6.723E-01
  3.003514E+00 7.240E-01
  3.003558E+00 8.143E-01
  3.003601E+00 9.561E-01
  3.003623E+00 1.054E+00
  3.003645E+00 1.178E+00
  3.003667E+00 1.336E+00
  3.003688E+00 1.541E+00
  3.003710E+00 1.814E+00
  3.003731E+00 2.188E+00
  3.003753E+00 2.723E+00
  3.003774E+00 3.527E+00
  3.003796E+00 4.825E+00
  3.003817E+00 7.138E+00
  3.003839E+00 1.194E+01
  3.003860E+00 2.488E+01
  3.003881E+00 8.680E+01
  3.003903E+00 7.650E+03
  3.003924E+00 1.148E+02
  3.003945E+00 2.481E+01
  3.003966E+00 1.017E+01
  3.003987E+00 5.354E+00
  3.004008E+00 3.226E+00
  3.004029E+00 2.113E+00
  3.004050E+00 1.466E+00
  3.004071E+00 1.060E+00
  3.004092E+00 7.902E-01
  3.004113E+00 6.037E-01
  3.004134E+00 4.702E-01
  3.004154E+00 3.720E-01
  3.004175E+00 2.981E-01
  3.004196E+00 2.415E-01
  3.004216E+00 1.974E-01
  3.004237E+00 1.626E-01
  3.004257E+00 1.348E-01
  3.004278E+00 1.124E-01
  3.004298E+00 9.428E-02
  3.004319E+00 7.947E-02
  3.004339E+00 6.733E-02
  3.004360E+00 5.738E-02
  3.004380E+00 4.925E-02
  3.004400E+00 4.269E-02
  3.004421E+00 3.760E-02
  3.004441E+00 3.405E-02
  3.004461E+00 3.266E-02
  3.004481E+00 3.634E-02
  3.004501E+00 7.642E-02
  3.004521E+00 2.188E-02
  3.004541E+00 9.420E-04
  3.004561E+00 2.265E-03
  3.004581E+00 2.489E-03
  3.004601E+00 2.260E-03
  3.004661E+00 1.100E-03
  3.004680E+00 7.755E-04
  3.004700E+00 5.113E-04
  3.004720E+00 3.085E-04
  3.004739E+00 1.648E-04
  3.004759E+00 7.616E-05
  3.004779E+00 3.823E-05
  3.004798E+00 4.646E-05
  3.004818E+00 9.665E-05
  3.004837E+00 1.852E-04
  3.004857E+00 3.098E-04
  3.004876E+00 4.698E-04
  3.004895E+00 6.689E-04
  3.004915E+00 9.198E-04
  3.004934E+00 1.261E-03
  3.004953E+00 1.816E-03
  3.004972E+00 3.098E-03
  3.004992E+00 8.755E-03
  3.005011E+00 2.485E-01
  3.005030E+00 3.552E-02
  3.005049E+00 1.086E-02
  3.005068E+00 7.502E-03
  3.005087E+00 6.899E-03
  3.005106E+00 8.971E-03
  3.005125E+00 3.148E-03
  3.005144E+00 4.690E-03
  3.005163E+00 5.224E-03
  3.005478E+00 1.134E-02
  3.005784E+00 1.810E-02
  3.005994E+00 2.391E-02
  3.006148E+00 2.965E-02
  3.006267E+00 3.596E-02
  3.006351E+00 4.264E-02
  3.006401E+00 4.851E-02
  3.006434E+00 5.401E-02
  3.006467E+00 6.205E-02
  3.006483E+00 6.788E-02
  3.006500E+00 7.602E-02
  3.006516E+00 8.855E-02
  3.006532E+00 1.112E-01
  3.006549E+00 1.660E-01
  3.006565E+00 4.404E-01
  3.006581E+00 2.716E+00
  3.006598E+00 6.605E-02
  3.006614E+00 3.601E-02
  3.006630E+00 3.924E-02
  3.006679E+00 6.005E-02
  3.006711E+00 7.702E-02
  3.006727E+00 8.751E-02
  3.006743E+00 1.002E-01
  3.006759E+00 1.162E-01
  3.006775E+00 1.369E-01
  3.006791E+00 1.651E-01
  3.006806E+00 2.052E-01
  3.006822E+00 2.659E-01
  3.006838E+00 3.654E-01
  3.006854E+00 5.466E-01
  3.006870E+00 9.362E-01
  3.006886E+00 2.048E+00
  3.006901E+00 8.111E+00
  3.006917E+00 3.304E+03
  3.006933E+00 7.600E+00
  3.006948E+00 1.966E+00
  3.006964E+00 9.103E-01
  3.006980E+00 5.414E-01
  3.006995E+00 3.725E-01
  3.007011E+00 2.825E-01
  3.007026E+00 2.300E-01
  3.007042E+00 1.977E-01
  3.007057E+00 1.773E-01
  3.007072E+00 1.645E-01
  3.007088E+00 1.569E-01
  3.007103E+00 1.531E-01
  3.007134E+00 1.539E-01
  3.007165E+00 1.638E-01
  3.007195E+00 1.828E-01
  3.007225E+00 2.128E-01
  3.007256E+00 2.591E-01
  3.007271E+00 2.913E-01
  3.007286E+00 3.324E-01
  3.007301E+00 3.856E-01
  3.007316E+00 4.564E-01
  3.007331E+00 5.532E-01
  3.007346E+00 6.912E-01
  3.007361E+00 8.977E-01
  3.007376E+00 1.229E+00
  3.007390E+00 1.813E+00
  3.007405E+00 3.002E+00
  3.007420E+00 6.095E+00
  3.007435E+00 1.954E+01
  3.007450E+00 5.753E+02
  3.007464E+00 4.197E+01
  3.007479E+00 7.907E+00
  3.007494E+00 3.127E+00
  3.007509E+00 1.625E+00
  3.007523E+00 9.750E-01
  3.007538E+00 6.387E-01
  3.007552E+00 4.441E-01
  3.007567E+00 3.224E-01
  3.007582E+00 2.416E-01
  3.007596E+00 1.857E-01
  3.007611E+00 1.456E-01
  3.007625E+00 1.160E-01
  3.007640E+00 9.369E-02
  3.007654E+00 7.652E-02
  3.007668E+00 6.310E-02
  3.007683E+00 5.247E-02
  3.007697E+00 4.396E-02
  3.007712E+00 3.708E-02
  3.007726E+00 3.148E-02
  3.007740E+00 2.690E-02
  3.007754E+00 2.314E-02
  3.007783E+00 1.761E-02
  3.007797E+00 1.569E-02
  3.007811E+00 1.431E-02
  3.007825E+00 1.363E-02
  3.007839E+00 1.417E-02
  3.007854E+00 1.849E-02
  3.007868E+00 7.052E-02
  3.007882E+00 7.838E-03
  3.007896E+00 1.529E-04
  3.007910E+00 4.594E-04
  3.007924E+00 6.088E-04
  3.007938E+00 6.083E-04
  3.007952E+00 5.386E-04
  3.007979E+00 3.454E-04
  3.007993E+00 2.553E-04
  3.008007E+00 1.787E-04
  3.008021E+00 1.180E-04
  3.008035E+00 7.395E-05
  3.008048E+00 4.633E-05
  3.008062E+00 3.455E-05
  3.008076E+00 3.787E-05
  3.008090E+00 5.556E-05
  3.008103E+00 8.722E-05
  3.008117E+00 1.331E-04
  3.008131E+00 1.948E-04
  3.008144E+00 2.771E-04
  3.008158E+00 3.934E-04
  3.008171E+00 5.831E-04
  3.008185E+00 9.937E-04
  3.008198E+00 2.491E-03
  3.008212E+00 2.492E-02
  3.008225E+00 2.416E-02
  3.008239E+00 4.356E-03
  3.008252E+00 2.539E-03
  3.008266E+00 2.067E-03
  3.008279E+00 1.932E-03
  3.008292E+00 1.976E-03
  3.008306E+00 1.866E-03
  3.008372E+00 2.423E-03
  3.008464E+00 3.406E-03
  3.008619E+00 5.358E-03
  3.008772E+00 7.632E-03
  3.008909E+00 1.019E-02
  3.009019E+00 1.293E-02
  3.009092E+00 1.538E-02
  3.009152E+00 1.816E-02
  3.009199E+00 2.133E-02
  3.009235E+00 2.488E-02
  3.009259E+00 2.847E-02
  3.009270E+00 3.101E-02
  3.009282E+00 3.446E-02
  3.009294E+00 3.963E-02
  3.009306E+00 4.855E-02
  3.009317E+00 6.860E-02
  3.009329E+00 1.515E-01
  3.009341E+00 3.756E+00
  3.009352E+00 3.656E-02
  3.009364E+00 1.780E-02
  3.009376E+00 1.944E-02
  3.009399E+00 2.614E-02
  3.009422E+00 3.365E-02
  3.009445E+00 4.310E-02
  3.009468E+00 5.684E-02
  3.009479E+00 6.669E-02
  3.009491E+00 7.994E-02
  3.009502E+00 9.857E-02
  3.009514E+00 1.263E-01
  3.009525E+00 1.708E-01
  3.009536E+00 2.494E-01
  3.009548E+00 4.101E-01
  3.009559E+00 8.292E-01
  3.009570E+00 2.632E+00
  3.009582E+00 6.530E+01
  3.009593E+00 7.029E+00
  3.009604E+00 1.329E+00
  3.009615E+00 5.586E-01
  3.009627E+00 3.168E-01
  3.009638E+00 2.119E-01
  3.009649E+00 1.577E-01
  3.009660E+00 1.268E-01
  3.009671E+00 1.080E-01
  3.009682E+00 9.620E-02
  3.009693E+00 8.885E-02
  3.009705E+00 8.449E-02
  3.009716E+00 8.228E-02
  3.009738E+00 8.258E-02
  3.009760E+00 8.792E-02
  3.009782E+00 9.817E-02
  3.009804E+00 1.145E-01
  3.009815E+00 1.257E-01
  3.009826E+00 1.396E-01
  3.009847E+00 1.794E-01
  3.009858E+00 2.082E-01
  3.009869E+00 2.464E-01
  3.009880E+00 2.986E-01
  3.009891E+00 3.727E-01
  3.009901E+00 4.831E-01
  3.009912E+00 6.590E-01
  3.009923E+00 9.661E-01
  3.009934E+00 1.582E+00
  3.009944E+00 3.138E+00
  3.009955E+00 9.433E+00
  3.009966E+00 1.606E+02
  3.009976E+00 3.049E+01
  3.009987E+00 4.984E+00
  3.009998E+00 1.899E+00
  3.010008E+00 9.719E-01
  3.010019E+00 5.784E-01
  3.010030E+00 3.774E-01
  3.010040E+00 2.619E-01
  3.010051E+00 1.899E-01
  3.010061E+00 1.424E-01
  3.010072E+00 1.096E-01
  3.010082E+00 8.604E-02
  3.010093E+00 6.870E-02
  3.010103E+00 5.562E-02
  3.010114E+00 4.556E-02
  3.010124E+00 3.770E-02
  3.010135E+00 3.147E-02
  3.010145E+00 2.648E-02
  3.010166E+00 1.917E-02
  3.010176E+00 1.649E-02
  3.010197E+00 1.253E-02
  3.010207E+00 1.113E-02
  3.010218E+00 1.007E-02
  3.017109E+00 1.537E+00
  3.020410E+00 1.055E+00
  3.020419E+00 1.271E+00
  3.024537E+00 8.796E-01
  3.028609E+00 6.471E-01
  3.032636E+00 4.976E-01
  3.036619E+00 3.957E-01
  3.040558E+00 3.230E-01
  3.044455E+00 2.692E-01
  3.048309E+00 2.282E-01
  3.052121E+00 1.962E-01
  3.055892E+00 1.708E-01
  3.059622E+00 1.501E-01
  3.066963E+00 1.189E-01
  3.074149E+00 9.685E-02
  3.081184E+00 8.056E-02
  3.091462E+00 6.312E-02
  3.101423E+00 5.099E-02
  3.111080E+00 4.223E-02
  3.123504E+00 3.387E-02
  3.138346E+00 2.674E-02
  3.152469E+00 2.185E-02
  3.168533E+00 1.774E-02
  3.186146E+00 1.444E-02
  3.207161E+00 1.162E-02
  3.228578E+00 9.597E-03
  3.251903E+00 8.092E-03
  3.274617E+00 7.181E-03
  3.292022E+00 6.923E-03
  3.300887E+00 7.129E-03
  3.306569E+00 7.648E-03
  3.309344E+00 8.203E-03
  3.312076E+00 9.225E-03
  3.313427E+00 1.007E-02
  3.314767E+00 1.132E-02
  3.316096E+00 1.316E-02
  3.318726E+00 1.855E-02
  3.320026E+00 1.923E-02
  3.321316E+00 1.631E-02
  3.322596E+00 1.245E-02
  3.323866E+00 9.725E-03
  3.325127E+00 8.118E-03
  3.326379E+00 7.197E-03
  3.327621E+00 6.661E-03
  3.330078E+00 6.151E-03
  3.333696E+00 5.953E-03
  3.339550E+00 6.119E-03
  3.345195E+00 6.663E-03
  3.348485E+00 7.317E-03
  3.350639E+00 8.092E-03
  3.351705E+00 8.696E-03
  3.352763E+00 9.580E-03
  3.353814E+00 1.099E-02
  3.354858E+00 1.355E-02
  3.355894E+00 1.932E-02
  3.356923E+00 3.917E-02
  3.357944E+00 3.187E-01
  3.358959E+00 1.304E-01
  3.359966E+00 1.879E-02
  3.360967E+00 9.359E-03
  3.361960E+00 7.147E-03
  3.362947E+00 6.471E-03
  3.363926E+00 6.288E-03
  3.365866E+00 6.415E-03
  3.369666E+00 7.269E-03
  3.373363E+00 8.587E-03
  3.376072E+00 1.002E-02
  3.378726E+00 1.213E-02
  3.380467E+00 1.416E-02
  3.382184E+00 1.706E-02
  3.383035E+00 1.899E-02
  3.383879E+00 2.138E-02
  3.384718E+00 2.441E-02
  3.385552E+00 2.830E-02
  3.386380E+00 3.343E-02
  3.387203E+00 4.032E-02
  3.388021E+00 4.984E-02
  3.388833E+00 6.323E-02
  3.389640E+00 8.227E-02
  3.390441E+00 1.086E-01
  3.391238E+00 1.412E-01
  3.392029E+00 1.694E-01
  3.392816E+00 1.732E-01
  3.393597E+00 1.480E-01
  3.394373E+00 1.125E-01
  3.395145E+00 8.242E-02
  3.395911E+00 6.109E-02
  3.396673E+00 4.675E-02
  3.397430E+00 3.718E-02
  3.398182E+00 3.077E-02
  3.398929E+00 2.648E-02
  3.399672E+00 2.366E-02
  3.400410E+00 2.195E-02
  3.401143E+00 2.111E-02
  3.401872E+00 2.104E-02
  3.402596E+00 2.176E-02
  3.403315E+00 2.335E-02
  3.404031E+00 2.607E-02
  3.404741E+00 3.037E-02
  3.405448E+00 3.706E-02
  3.406150E+00 4.759E-02
  3.406847E+00 6.443E-02
  3.407541E+00 9.080E-02
  3.408230E+00 1.255E-01
  3.408915E+00 1.467E-01
  3.409596E+00 1.262E-01
  3.410272E+00 8.623E-02
  3.410945E+00 5.546E-02
  3.411613E+00 3.659E-02
  3.412277E+00 2.532E-02
  3.412937E+00 1.839E-02
  3.413594E+00 1.393E-02
  3.414246E+00 1.094E-02
  3.414895E+00 8.861E-03
  3.415539E+00 7.372E-03
  3.416180E+00 6.276E-03
  3.416817E+00 5.451E-03
  3.417450E+00 4.818E-03
  3.418079E+00 4.324E-03
  3.419326E+00 3.623E-03
  3.420559E+00 3.167E-03
  3.422381E+00 2.748E-03
  3.424171E+00 2.513E-03
  3.427085E+00 2.333E-03
  3.431027E+00 2.302E-03
  3.435868E+00 2.446E-03
  3.440969E+00 2.774E-03
  3.444851E+00 3.185E-03
  3.448113E+00 3.721E-03
  3.450812E+00 4.408E-03
  3.452997E+00 5.272E-03
  3.454704E+00 6.305E-03
  3.455961E+00 7.423E-03
  3.457199E+00 9.039E-03
  3.458013E+00 1.056E-02
  3.458820E+00 1.264E-02
  3.459220E+00 1.399E-02
  3.459617E+00 1.561E-02
  3.460013E+00 1.758E-02
  3.460407E+00 2.000E-02
  3.460799E+00 2.302E-02
  3.461189E+00 2.680E-02
  3.461577E+00 3.159E-02
  3.461963E+00 3.765E-02
  3.462347E+00 4.524E-02
  3.462729E+00 5.459E-02
  3.463109E+00 6.763E-02
  3.463487E+00 2.447E-01
  3.463863E+00 2.057E-01
  3.464238E+00 1.303E-01
  3.464610E+00 1.081E-01
  3.465350E+00 7.068E-02
  3.465717E+00 5.584E-02
  3.466082E+00 4.435E-02
  3.466446E+00 3.574E-02
  3.466807E+00 2.935E-02
  3.467167E+00 2.461E-02
  3.467525E+00 2.110E-02
  3.467881E+00 1.850E-02
  3.468236E+00 1.661E-02
  3.468588E+00 1.532E-02
  3.468940E+00 1.460E-02
  3.469289E+00 1.455E-02
  3.469636E+00 1.555E-02
  3.469982E+00 1.892E-02
  3.470327E+00 3.111E-02
  3.470669E+00 1.482E-01
  3.471010E+00 1.781E-01
  3.471349E+00 1.726E-02
  3.471687E+00 8.118E-03
  3.472023E+00 6.039E-03
  3.472357E+00 5.303E-03
  3.472690E+00 4.976E-03
  3.473351E+00 4.730E-03
  3.474330E+00 4.708E-03
  3.475614E+00 4.981E-03
  3.476873E+00 5.593E-03
  3.477803E+00 6.406E-03
  3.478415E+00 7.254E-03
  3.479022E+00 8.557E-03
  3.479323E+00 9.500E-03
  3.479622E+00 1.076E-02
  3.479921E+00 1.251E-02
  3.480218E+00 1.508E-02
  3.480513E+00 1.909E-02
  3.480808E+00 2.598E-02
  3.481101E+00 3.957E-02
  3.481392E+00 7.323E-02
  3.481682E+00 2.052E-01
  3.481971E+00 2.925E+00
  3.482259E+00 7.350E-01
  3.482545E+00 1.158E-01
  3.482830E+00 4.577E-02
  3.483114E+00 2.531E-02
  3.483396E+00 1.683E-02
  3.483677E+00 1.263E-02
  3.483957E+00 1.031E-02
  3.484235E+00 8.940E-03
  3.484512E+00 8.106E-03
  3.484788E+00 7.595E-03
  3.485337E+00 7.143E-03
  3.485880E+00 7.167E-03
  3.486150E+00 7.357E-03
  3.486418E+00 7.829E-03
  3.486686E+00 1.005E-02
  3.486952E+00 5.635E-02
  3.487217E+00 7.994E-03
  3.487481E+00 7.715E-03
  3.488265E+00 8.451E-03
  3.489295E+00 9.958E-03
  3.490307E+00 1.207E-02
  3.491054E+00 1.424E-02
  3.491792E+00 1.719E-02
  3.492520E+00 2.134E-02
  3.493000E+00 2.515E-02
  3.493476E+00 3.024E-02
  3.493948E+00 3.729E-02
  3.494182E+00 4.188E-02
  3.494415E+00 4.747E-02
  3.494648E+00 5.434E-02
  3.494879E+00 6.294E-02
  3.495110E+00 7.389E-02
  3.495339E+00 8.806E-02
  3.495568E+00 1.068E-01
  3.495795E+00 1.321E-01
  3.496022E+00 1.669E-01
  3.496247E+00 2.153E-01
  3.496472E+00 2.823E-01
  3.496696E+00 3.698E-01
  3.496918E+00 4.660E-01
  3.497140E+00 5.308E-01
  3.497361E+00 5.174E-01
  3.497581E+00 4.340E-01
  3.497800E+00 3.328E-01
  3.498018E+00 2.480E-01
  3.498235E+00 1.859E-01
  3.498452E+00 1.425E-01
  3.498667E+00 1.123E-01
  3.498882E+00 9.118E-02
  3.499095E+00 7.622E-02
  3.499308E+00 6.563E-02
  3.499520E+00 5.824E-02
  3.499731E+00 5.335E-02
  3.499941E+00 5.056E-02
  3.500150E+00 4.978E-02
  3.500358E+00 5.126E-02
  3.500566E+00 5.612E-02
  3.500772E+00 6.879E-02
  3.500978E+00 1.173E-01
  3.501183E+00 1.012E-01
  3.501387E+00 1.030E-01
  3.501591E+00 1.422E-01
  3.501793E+00 2.205E-01
  3.501995E+00 3.560E-01
  3.502195E+00 4.577E-01
  3.502395E+00 3.404E-01
  3.502595E+00 1.879E-01
  3.502793E+00 1.042E-01
  3.502991E+00 6.232E-02
  3.503187E+00 3.995E-02
  3.503383E+00 2.697E-02
  3.503578E+00 1.886E-02
  3.503773E+00 1.344E-02
  3.503966E+00 9.557E-03
  3.504159E+00 6.567E-03
  3.504351E+00 4.172E-03
  3.504543E+00 5.246E-03
  3.504733E+00 1.592E-01
  3.504923E+00 1.930E-02
  3.505112E+00 1.034E-02
  3.505300E+00 7.360E-03
  3.505488E+00 5.810E-03
  3.505675E+00 4.834E-03
  3.505861E+00 4.156E-03
  3.506046E+00 3.659E-03
  3.506230E+00 3.281E-03
  3.506414E+00 2.990E-03
  3.506780E+00 2.584E-03
  3.507142E+00 2.340E-03
  3.507681E+00 2.170E-03
  3.508213E+00 2.161E-03
  3.508739E+00 2.269E-03
  3.509431E+00 2.561E-03
  3.510112E+00 3.010E-03
  3.510783E+00 3.628E-03
  3.511444E+00 4.451E-03
  3.512095E+00 5.542E-03
  3.512736E+00 7.013E-03
  3.513210E+00 8.470E-03
  3.513679E+00 1.036E-02
  3.514143E+00 1.290E-02
  3.514449E+00 1.521E-02
  3.514602E+00 1.699E-02
  3.514753E+00 2.624E-02
  3.514905E+00 2.549E-02
  3.515055E+00 2.157E-02
  3.515205E+00 2.275E-02
  3.515652E+00 2.792E-02
  3.515800E+00 2.921E-02
  3.515948E+00 2.953E-02
  3.516094E+00 2.815E-02
  3.516241E+00 2.537E-02
  3.516386E+00 3.424E-02
  3.516531E+00 1.334E-01
  3.516676E+00 3.143E-01
  3.516820E+00 3.687E-01
  3.517107E+00 3.920E-01
  3.517250E+00 3.949E-01
  3.517392E+00 3.817E-01
  3.517533E+00 3.503E-01
  3.517955E+00 2.162E-01
  3.518094E+00 1.808E-01
  3.518233E+00 1.547E-01
  3.518372E+00 1.415E-01
  3.518510E+00 1.691E-01
  3.518647E+00 4.365E+00
  3.518784E+00 1.253E-01
  3.518921E+00 6.634E-02
  3.519057E+00 5.261E-02
  3.519192E+00 4.500E-02
  3.519327E+00 3.956E-02
  3.519462E+00 3.535E-02
  3.519596E+00 3.198E-02
  3.519730E+00 2.930E-02
  3.519863E+00 2.746E-02
  3.519995E+00 1.939E+00
  3.520128E+00 2.224E-02
  3.520521E+00 1.901E-02
  3.520911E+00 1.687E-02
  3.521424E+00 1.539E-02
  3.521930E+00 1.503E-02
  3.522430E+00 1.572E-02
  3.522676E+00 1.668E-02
  3.522799E+00 1.751E-02
  3.522922E+00 1.900E-02
  3.523044E+00 2.288E-02
  3.523165E+00 5.149E-02
  3.523286E+00 1.653E-01
  3.523407E+00 2.959E-02
  3.523527E+00 2.527E-02
  3.523647E+00 2.620E-02
  3.523767E+00 2.939E-02
  3.523886E+00 3.571E-02
  3.524005E+00 4.943E-02
  3.524123E+00 8.899E-02
  3.524241E+00 3.149E-01
  3.524358E+00 6.936E+01
  3.524475E+00 2.704E-01
  3.524592E+00 9.107E-02
  3.524708E+00 5.658E-02
  3.524824E+00 4.504E-02
  3.524940E+00 4.045E-02
  3.525055E+00 3.877E-02
  3.525169E+00 3.861E-02
  3.525398E+00 4.094E-02
  3.525624E+00 4.597E-02
  3.525850E+00 5.423E-02
  3.525962E+00 6.020E-02
  3.526073E+00 6.813E-02
  3.526185E+00 7.914E-02
  3.526295E+00 9.545E-02
  3.526406E+00 1.219E-01
  3.526516E+00 1.711E-01
  3.526626E+00 2.854E-01
  3.526735E+00 6.909E-01
  3.526844E+00 5.905E+00
  3.526953E+00 3.875E+00
  3.527062E+00 5.442E-01
  3.527170E+00 2.412E-01
  3.527277E+00 1.629E-01
  3.527384E+00 1.367E-01
  3.527491E+00 1.295E-01
  3.527598E+00 1.318E-01
  3.527704E+00 1.400E-01
  3.527810E+00 1.533E-01
  3.527916E+00 1.714E-01
  3.528021E+00 1.953E-01
  3.528126E+00 2.260E-01
  3.528230E+00 2.659E-01
  3.528334E+00 3.178E-01
  3.528438E+00 3.865E-01
  3.528542E+00 4.785E-01
  3.528645E+00 6.028E-01
  3.528747E+00 7.704E-01
  3.528850E+00 9.899E-01
  3.529054E+00 1.503E+00
  3.529155E+00 1.634E+00
  3.529256E+00 1.569E+00
  3.529458E+00 1.169E+00
  3.529558E+00 1.100E+00
  3.529658E+00 1.404E+00
  3.529757E+00 2.019E+00
  3.529856E+00 1.009E+00
  3.529955E+00 5.068E-01
  3.530054E+00 3.257E-01
  3.530152E+00 2.376E-01
  3.530250E+00 1.866E-01
  3.530348E+00 1.583E-01
  3.530445E+00 1.743E-01
  3.530542E+00 1.694E-01
  3.530639E+00 9.705E-02
  3.530735E+00 7.662E-02
  3.530831E+00 6.467E-02
  3.530927E+00 5.595E-02
  3.531022E+00 4.914E-02
  3.531118E+00 4.371E-02
  3.531212E+00 3.936E-02
  3.531307E+00 3.591E-02
  3.531401E+00 3.326E-02
  3.531495E+00 3.137E-02
  3.531589E+00 3.025E-02
  3.531682E+00 2.999E-02
  3.531775E+00 3.075E-02
  3.531868E+00 3.288E-02
  3.531960E+00 3.700E-02
  3.532053E+00 4.427E-02
  3.532145E+00 5.706E-02
  3.532236E+00 8.054E-02
  3.532328E+00 1.274E-01
  3.532419E+00 2.320E-01
  3.532509E+00 4.700E-01
  3.532600E+00 6.845E-01
  3.532690E+00 4.276E-01
  3.532780E+00 2.131E-01
  3.532870E+00 1.199E-01
  3.532959E+00 7.837E-02
  3.533048E+00 6.239E-02
  3.533137E+00 8.503E-02
  3.533225E+00 5.132E-01
  3.533314E+00 7.353E-02
  3.533401E+00 3.091E-02
  3.533489E+00 1.992E-02
  3.533577E+00 1.473E-02
  3.533664E+00 1.155E-02
  3.533751E+00 9.360E-03
  3.533837E+00 7.735E-03
  3.533924E+00 6.481E-03
  3.534010E+00 5.486E-03
  3.534096E+00 4.684E-03
  3.534181E+00 4.029E-03
  3.534266E+00 3.492E-03
  3.534352E+00 3.050E-03
  3.534436E+00 2.688E-03
  3.534521E+00 2.394E-03
  3.534605E+00 2.159E-03
  3.534689E+00 1.976E-03
  3.534773E+00 1.839E-03
  3.534856E+00 1.746E-03
  3.534940E+00 1.692E-03
  3.535023E+00 1.676E-03
  3.535105E+00 1.696E-03
  3.535188E+00 1.751E-03
  3.535352E+00 1.965E-03
  3.535515E+00 2.320E-03
  3.535678E+00 2.826E-03
  3.535839E+00 3.502E-03
  3.535999E+00 4.376E-03
  3.536159E+00 5.491E-03
  3.536317E+00 6.909E-03
  3.536475E+00 8.722E-03
  3.536631E+00 1.107E-02
  3.536787E+00 1.419E-02
  3.536864E+00 1.615E-02
  3.536941E+00 1.849E-02
  3.537018E+00 2.133E-02
  3.537095E+00 2.488E-02
  3.537172E+00 2.951E-02
  3.537248E+00 3.603E-02
  3.537324E+00 4.643E-02
  3.537400E+00 6.748E-02
  3.537476E+00 1.377E-01
  3.537551E+00 1.433E+00
  3.537626E+00 3.360E-01
  3.537701E+00 7.597E-02
  3.537776E+00 4.493E-02
  3.537851E+00 3.051E-02
  3.537925E+00 2.896E-02
  3.537999E+00 3.734E+00
  3.538073E+00 5.542E-02
  3.538147E+00 5.948E-02
  3.538220E+00 9.205E-02
  3.538293E+00 1.442E-01
  3.538366E+00 2.243E-01
  3.538439E+00 3.517E-01
  3.538512E+00 5.634E-01
  3.538584E+00 9.190E-01
  3.538656E+00 1.450E+00
  3.538728E+00 1.913E+00
  3.538800E+00 1.818E+00
  3.538872E+00 1.343E+00
  3.538943E+00 9.214E-01
  3.539014E+00 6.429E-01
  3.539085E+00 4.674E-01
  3.539156E+00 3.541E-01
  3.539226E+00 2.781E-01
  3.539297E+00 2.250E-01
  3.539367E+00 1.867E-01
  3.539437E+00 1.582E-01
  3.539507E+00 1.364E-01
  3.539576E+00 1.192E-01
  3.539715E+00 9.370E-02
  3.539784E+00 8.317E-02
  3.539852E+00 7.891E-02
  3.539921E+00 1.361E-01
  3.539989E+00 8.559E-02
  3.540057E+00 7.583E-02
  3.540125E+00 7.044E-02
  3.540261E+00 6.393E-02
  3.540462E+00 5.945E-02
  3.540596E+00 6.009E-02
  3.540662E+00 6.359E-02
  3.540729E+00 7.769E-02
  3.540795E+00 2.283E-01
  3.540861E+00 4.948E-01
  3.540926E+00 9.834E-02
  3.540992E+00 7.440E-02
  3.541057E+00 6.890E-02
  3.541122E+00 6.773E-02
  3.541252E+00 7.027E-02
  3.541381E+00 7.769E-02
  3.541445E+00 8.415E-02
  3.541509E+00 9.409E-02
  3.541573E+00 1.108E-01
  3.541637E+00 1.429E-01
  3.541701E+00 2.200E-01
  3.541764E+00 4.990E-01
  3.541827E+00 3.861E+00
  3.541890E+00 4.885E+00
  3.541953E+00 6.277E-01
  3.542016E+00 2.981E-01
  3.542078E+00 2.093E-01
  3.542140E+00 1.751E-01
  3.542203E+00 1.605E-01
  3.542265E+00 1.549E-01
  3.542326E+00 1.543E-01
  3.542449E+00 1.620E-01
  3.542572E+00 1.782E-01
  3.542694E+00 2.026E-01
  3.542815E+00 2.374E-01
  3.542935E+00 2.885E-01
  3.542995E+00 3.237E-01
  3.543055E+00 3.692E-01
  3.543115E+00 4.304E-01
  3.543174E+00 5.179E-01
  3.543233E+00 6.540E-01
  3.543293E+00 8.942E-01
  3.543352E+00 1.413E+00
  3.543410E+00 3.038E+00
  3.543469E+00 1.620E+01
  3.543528E+00 4.130E+01
  3.543586E+00 3.928E+00
  3.543644E+00 1.703E+00
  3.543702E+00 1.221E+00
  3.543760E+00 1.113E+00
  3.543818E+00 1.150E+00
  3.543876E+00 1.275E+00
  3.543933E+00 1.478E+00
  3.543990E+00 1.770E+00
  3.544047E+00 2.174E+00
  3.544104E+00 2.726E+00
  3.544161E+00 3.469E+00
  3.544218E+00 4.422E+00
  3.544274E+00 5.519E+00
  3.544331E+00 6.492E+00
  3.544387E+00 6.914E+00
  3.544443E+00 6.573E+00
  3.544555E+00 5.053E+00
  3.544610E+00 5.043E+00
  3.544666E+00 7.113E+00
  3.544721E+00 8.369E+00
  3.544776E+00 3.924E+00
  3.544831E+00 2.174E+00
  3.544886E+00 1.475E+00
  3.544941E+00 1.109E+00
  3.544995E+00 8.846E-01
  3.545050E+00 7.415E-01
  3.545104E+00 6.688E-01
  3.545158E+00 7.433E-01
  3.545212E+00 1.756E+00
  3.545266E+00 1.573E+00
  3.545320E+00 6.242E-01
  3.545374E+00 4.167E-01
  3.545427E+00 3.288E-01
  3.545480E+00 2.769E-01
  3.545534E+00 2.410E-01
  3.545587E+00 2.141E-01
  3.545640E+00 1.934E-01
  3.545692E+00 1.773E-01
  3.545745E+00 1.651E-01
  3.545797E+00 1.565E-01
  3.545850E+00 1.518E-01
  3.545902E+00 1.515E-01
  3.545954E+00 1.570E-01
  3.546006E+00 1.710E-01
  3.546058E+00 1.989E-01
  3.546110E+00 2.524E-01
  3.546161E+00 3.586E-01
  3.546212E+00 5.871E-01
  3.546264E+00 1.096E+00
  3.546315E+00 1.770E+00
  3.546366E+00 1.600E+00
  3.546417E+00 2.036E+00
  3.546468E+00 1.091E+01
  3.546518E+00 1.034E+00
  3.546569E+00 3.888E-01
  3.546619E+00 2.237E-01
  3.546669E+00 1.519E-01
  3.546719E+00 1.122E-01
  3.546769E+00 8.722E-02
  3.546819E+00 7.004E-02
  3.546869E+00 5.750E-02
  3.546919E+00 4.796E-02
  3.546968E+00 4.045E-02
  3.547017E+00 3.438E-02
  3.547067E+00 2.938E-02
  3.547116E+00 2.519E-02
  3.547165E+00 2.164E-02
  3.547213E+00 1.861E-02
  3.547262E+00 1.599E-02
  3.547359E+00 1.180E-02
  3.547408E+00 1.016E-02
  3.547456E+00 8.820E-03
  3.547504E+00 7.844E-03
  3.547552E+00 7.463E-03
  3.547600E+00 8.650E-03
  3.547647E+00 1.910E-02
  3.547695E+00 2.082E+00
  3.547743E+00 1.659E-02
  3.547790E+00 5.084E-03
  3.547837E+00 2.785E-03
  3.547884E+00 1.910E-03
  3.547931E+00 1.528E-03
  3.547978E+00 1.417E-03
  3.548025E+00 1.506E-03
  3.548072E+00 1.774E-03
  3.548118E+00 2.215E-03
  3.548165E+00 2.837E-03
  3.548211E+00 3.654E-03
  3.548257E+00 4.688E-03
  3.548303E+00 5.969E-03
  3.548349E+00 7.539E-03
  3.548395E+00 9.456E-03
  3.548441E+00 1.180E-02
  3.548486E+00 1.469E-02
  3.548532E+00 1.830E-02
  3.548577E+00 2.292E-02
  3.548623E+00 2.900E-02
  3.548668E+00 3.740E-02
  3.548713E+00 4.981E-02
  3.548758E+00 7.006E-02
  3.548803E+00 1.086E-01
  3.548847E+00 2.041E-01
  3.548892E+00 6.139E-01
  3.548937E+00 1.927E+01
  3.548981E+00 9.605E-01
  3.549025E+00 2.129E-01
  3.549069E+00 1.074E-01
  3.549114E+00 7.863E-02
  3.549158E+00 7.004E-02
  3.549201E+00 6.854E-02
  3.549289E+00 6.890E-02
  3.549332E+00 6.464E-02
  3.549376E+00 5.432E-02
  3.549419E+00 4.134E-02
  3.549462E+00 4.002E-02
  3.549505E+00 6.673E-02
  3.549548E+00 1.232E-01
  3.549591E+00 2.027E-01
  3.549634E+00 3.032E-01
  3.549677E+00 4.322E-01
  3.549719E+00 6.191E-01
  3.549762E+00 3.608E+01
  3.549804E+00 1.271E+00
  3.549847E+00 1.743E+00
  3.549889E+00 2.585E+00
  3.549931E+00 4.047E+00
  3.549973E+00 6.659E+00
  3.550015E+00 1.103E+01
  3.550056E+00 1.565E+01
  3.550098E+00 1.523E+01
  3.550140E+00 1.083E+01
  3.550181E+00 7.116E+00
  3.550223E+00 4.823E+00
  3.550264E+00 3.450E+00
  3.550305E+00 2.593E+00
  3.550346E+00 2.032E+00
  3.550387E+00 1.647E+00
  3.550428E+00 1.372E+00
  3.550469E+00 1.170E+00
  3.550509E+00 1.016E+00
  3.550550E+00 9.006E-01
  3.550591E+00 8.244E-01
  3.550631E+00 8.983E-01
  3.550671E+00 9.269E+01
  3.550711E+00 3.814E+00
  3.550752E+00 3.124E+00
  3.550792E+00 1.028E+00
  3.550831E+00 7.994E-01
  3.550871E+00 7.115E-01
  3.550911E+00 6.636E-01
  3.550990E+00 6.142E-01
  3.551108E+00 5.922E-01
  3.551225E+00 6.068E-01
  3.551342E+00 6.561E-01
  3.551419E+00 7.174E-01
  3.551457E+00 7.634E-01
  3.551496E+00 8.277E-01
  3.551534E+00 9.247E-01
  3.551572E+00 1.089E+00
  3.551610E+00 1.420E+00
  3.551648E+00 2.301E+00
  3.551686E+00 6.424E+00
  3.551724E+00 2.647E+02
  3.551762E+00 1.461E+01
  3.551799E+00 4.109E+00
  3.551837E+00 2.506E+00
  3.551874E+00 2.008E+00
  3.551912E+00 1.821E+00
  3.551949E+00 1.760E+00
  3.551986E+00 1.765E+00
  3.552060E+00 1.888E+00
  3.552134E+00 2.118E+00
  3.552208E+00 2.452E+00
  3.552281E+00 2.915E+00
  3.552353E+00 3.564E+00
  3.552390E+00 3.991E+00
  3.552426E+00 4.513E+00
  3.552462E+00 5.168E+00
  3.552498E+00 6.011E+00
  3.552534E+00 7.139E+00
  3.552570E+00 8.728E+00
  3.552606E+00 1.114E+01
  3.552641E+00 1.524E+01
  3.552677E+00 2.350E+01
  3.552712E+00 4.605E+01
  3.552748E+00 1.660E+02
  3.552783E+00 2.870E+03
  3.552818E+00 1.329E+02
  3.552854E+00 4.619E+01
  3.552889E+00 3.079E+01
  3.552924E+00 2.774E+01
  3.552959E+00 2.920E+01
  3.552994E+00 3.352E+01
  3.553028E+00 4.058E+01
  3.553063E+00 5.088E+01
  3.553098E+00 6.520E+01
  3.553132E+00 8.399E+01
  3.553201E+00 1.263E+02
  3.553236E+00 1.364E+02
  3.553270E+00 1.320E+02
  3.553338E+00 1.069E+02
  3.553372E+00 1.126E+02
  3.553406E+00 1.705E+02
  3.553440E+00 1.507E+02
  3.553474E+00 7.296E+01
  3.553507E+00 4.559E+01
  3.553541E+00 3.341E+01
  3.553575E+00 2.646E+01
  3.553608E+00 2.194E+01
  3.553641E+00 1.889E+01
  3.553675E+00 1.705E+01
  3.553708E+00 1.703E+01
  3.553741E+00 2.327E+01
  3.553774E+00 7.947E+01
  3.553807E+00 6.489E+01
  3.553840E+00 2.470E+01
  3.553873E+00 1.602E+01
  3.553906E+00 1.263E+01
  3.553939E+00 1.083E+01
  3.553972E+00 9.710E+00
  3.554004E+00 8.965E+00
  3.554037E+00 8.471E+00
  3.554069E+00 8.176E+00
  3.554101E+00 8.070E+00
  3.554134E+00 8.173E+00
  3.554166E+00 8.546E+00
  3.554198E+00 9.309E+00
  3.554230E+00 1.071E+01
  3.554262E+00 1.326E+01
  3.554294E+00 1.815E+01
  3.554326E+00 2.836E+01
  3.554358E+00 5.080E+01
  3.554390E+00 8.673E+01
  3.554421E+00 1.236E+02
  3.554453E+00 5.942E+02
  3.554485E+00 2.938E+02
  3.554516E+00 5.957E+01
  3.554547E+00 2.758E+01
  3.554579E+00 1.714E+01
  3.554610E+00 1.231E+01
  3.554641E+00 9.616E+00
  3.554672E+00 7.934E+00
  3.554703E+00 6.797E+00
  3.554734E+00 5.983E+00
  3.554765E+00 5.375E+00
  3.554827E+00 4.535E+00
  3.554888E+00 3.996E+00
  3.554949E+00 3.670E+00
  3.554980E+00 3.600E+00
  3.555010E+00 3.645E+00
  3.555041E+00 3.941E+00
  3.555071E+00 4.979E+00
  3.555101E+00 9.320E+00
  3.555131E+00 5.411E+01
  3.555161E+00 2.075E+02
  3.555191E+00 2.125E+01
  3.555221E+00 1.024E+01
  3.555251E+00 7.180E+00
  3.555281E+00 5.860E+00
  3.555311E+00 5.156E+00
  3.555340E+00 4.734E+00
  3.555399E+00 4.283E+00
  3.555488E+00 4.051E+00
  3.555575E+00 4.105E+00
  3.555662E+00 4.427E+00
  3.555720E+00 4.866E+00
  3.555749E+00 5.198E+00
  3.555778E+00 5.645E+00
  3.555806E+00 6.266E+00
  3.555835E+00 7.166E+00
  3.555864E+00 8.554E+00
  3.555892E+00 1.089E+01
  3.555921E+00 1.542E+01
  3.555949E+00 2.657E+01
  3.555977E+00 7.213E+01
  3.556005E+00 1.594E+03
  3.556034E+00 1.026E+02
  3.556062E+00 1.796E+01
  3.556090E+00 6.857E+00
  3.556118E+00 3.740E+00
  3.556146E+00 2.560E+00
  3.556174E+00 2.034E+00
  3.556202E+00 1.767E+00
  3.556229E+00 1.604E+00
  3.556312E+00 1.206E+00
  3.556340E+00 1.110E+00
  3.556367E+00 1.233E+00
  3.556395E+00 1.924E+00
  3.556422E+00 3.479E+00
  3.556477E+00 7.828E+00
  3.556558E+00 1.372E+01
  3.556585E+00 1.617E+01
  3.556612E+00 1.935E+01
  3.556639E+00 2.368E+01
  3.556666E+00 3.013E+01
  3.556693E+00 3.010E+02
  3.556719E+00 5.493E+01
  3.556746E+00 7.659E+01
  3.556773E+00 1.157E+02
  3.556799E+00 1.815E+02
  3.556826E+00 2.621E+02
  3.556852E+00 2.733E+02
  3.556905E+00 1.228E+02
  3.556931E+00 7.890E+01
  3.556958E+00 5.473E+01
  3.556984E+00 4.315E+01
  3.557010E+00 6.200E+01
  3.557036E+00 2.998E+01
  3.557062E+00 1.357E+01
  3.557088E+00 1.077E+01
  3.557114E+00 8.869E+00
  3.557140E+00 7.492E+00
  3.557166E+00 6.979E+00
  3.557191E+00 1.691E+01
  3.557217E+00 5.581E+01
  3.557243E+00 1.093E+01
  3.557268E+00 7.143E+00
  3.557294E+00 5.724E+00
  3.557320E+00 4.922E+00
  3.557345E+00 4.382E+00
  3.557370E+00 3.983E+00
  3.557421E+00 3.428E+00
  3.557471E+00 3.063E+00
  3.557547E+00 2.728E+00
  3.557622E+00 2.572E+00
  3.557671E+00 2.573E+00
  3.557696E+00 2.624E+00
  3.557721E+00 2.736E+00
  3.557745E+00 2.966E+00
  3.557770E+00 3.472E+00
  3.557794E+00 4.823E+00
  3.557819E+00 1.047E+01
  3.557843E+00 1.327E+02
  3.557868E+00 4.234E+01
  3.557892E+00 9.190E+00
  3.557916E+00 5.305E+00
  3.557941E+00 4.133E+00
  3.557965E+00 3.648E+00
  3.557989E+00 3.424E+00
  3.558013E+00 3.324E+00
  3.558061E+00 3.314E+00
  3.558133E+00 3.559E+00
  3.558204E+00 4.061E+00
  3.558251E+00 4.580E+00
  3.558298E+00 5.331E+00
  3.558322E+00 5.841E+00
  3.558345E+00 6.484E+00
  3.558369E+00 7.322E+00
  3.558392E+00 8.457E+00
  3.558415E+00 1.009E+01
  3.558439E+00 1.262E+01
  3.558462E+00 1.705E+01
  3.558485E+00 2.641E+01
  3.558508E+00 5.412E+01
  3.558531E+00 2.373E+02
  3.558554E+00 1.116E+03
  3.558577E+00 8.853E+01
  3.558600E+00 3.549E+01
  3.558623E+00 2.465E+01
  3.558646E+00 2.236E+01
  3.558669E+00 2.337E+01
  3.558691E+00 2.645E+01
  3.558714E+00 3.139E+01
  3.558737E+00 3.824E+01
  3.558782E+00 5.559E+01
  3.558804E+00 6.174E+01
  3.558827E+00 6.183E+01
  3.558849E+00 5.585E+01
  3.558872E+00 4.771E+01
  3.558894E+00 4.261E+01
  3.558916E+00 4.891E+01
  3.558939E+00 6.459E+01
  3.558961E+00 3.287E+01
  3.558983E+00 1.802E+01
  3.559005E+00 1.217E+01
  3.559027E+00 9.057E+00
  3.559049E+00 7.084E+00
  3.559071E+00 5.734E+00
  3.559093E+00 4.796E+00
  3.559115E+00 4.219E+00
  3.559137E+00 4.188E+00
  3.559159E+00 6.035E+00
  3.559181E+00 2.297E+01
  3.559202E+00 1.715E+01
  3.559224E+00 6.045E+00
  3.559246E+00 3.641E+00
  3.559267E+00 2.694E+00
  3.559289E+00 2.186E+00
  3.559310E+00 1.865E+00
  3.559332E+00 1.645E+00
  3.559353E+00 1.490E+00
  3.559375E+00 1.383E+00
  3.559396E+00 1.318E+00
  3.559417E+00 1.295E+00
  3.559439E+00 1.320E+00
  3.559460E+00 1.412E+00
  3.559481E+00 1.612E+00
  3.559502E+00 2.012E+00
  3.559523E+00 2.831E+00
  3.559544E+00 4.566E+00
  3.559566E+00 7.560E+00
  3.559587E+00 1.343E+01
  3.559607E+00 9.725E+01
  3.559628E+00 1.664E+01
  3.559649E+00 3.855E+00
  3.559670E+00 1.713E+00
  3.559691E+00 9.892E-01
  3.559712E+00 6.555E-01
  3.559732E+00 4.722E-01
  3.559753E+00 3.593E-01
  3.559774E+00 2.839E-01
  3.559794E+00 2.304E-01
  3.559815E+00 1.908E-01
  3.559835E+00 1.604E-01
  3.559856E+00 1.363E-01
  3.559876E+00 1.170E-01
  3.559897E+00 1.013E-01
  3.559917E+00 8.858E-02
  3.559937E+00 7.855E-02
  3.559958E+00 7.144E-02
  3.559978E+00 6.844E-02
  3.559998E+00 7.377E-02
  3.560018E+00 1.052E-01
  3.560038E+00 3.008E-01
  3.560059E+00 2.396E+01
  3.560079E+00 4.526E-01
  3.560099E+00 1.308E-01
  3.560119E+00 6.955E-02
  3.560139E+00 4.579E-02
  3.560159E+00 3.316E-02
  3.560178E+00 2.516E-02
  3.560198E+00 1.952E-02
  3.560218E+00 1.529E-02
  3.560238E+00 1.198E-02
  3.560258E+00 9.329E-03
  3.560277E+00 7.184E-03
  3.560297E+00 5.446E-03
  3.560316E+00 4.052E-03
  3.560336E+00 2.960E-03
  3.560356E+00 2.142E-03
  3.560375E+00 1.584E-03
  3.560395E+00 1.280E-03
  3.560414E+00 1.237E-03
  3.560433E+00 1.475E-03
  3.560453E+00 2.034E-03
  3.560472E+00 2.984E-03
  3.560491E+00 4.448E-03
  3.560511E+00 6.645E-03
  3.560530E+00 9.996E-03
  3.560549E+00 1.537E-02
  3.560568E+00 2.486E-02
  3.560587E+00 4.452E-02
  3.560606E+00 9.894E-02
  3.560625E+00 3.929E-01
  3.560644E+00 1.564E+01
  3.560663E+00 2.724E-01
  3.560682E+00 6.904E-02
  3.560701E+00 3.107E-02
  3.560720E+00 1.878E-02
  3.560739E+00 1.395E-02
  3.560758E+00 1.203E-02
  3.560776E+00 1.145E-02
  3.560795E+00 1.158E-02
  3.560814E+00 1.214E-02
  3.560832E+00 1.312E-02
  3.560851E+00 1.484E-02
  3.560870E+00 1.835E-02
  3.560888E+00 2.634E-02
  3.560907E+00 4.467E-02
  3.560925E+00 8.290E-02
  3.560944E+00 1.471E-01
  3.560962E+00 2.254E-01
  3.560980E+00 2.960E-01
  3.561035E+00 4.645E-01
  3.561054E+00 5.382E-01
  3.561072E+00 6.364E-01
  3.561090E+00 7.716E-01
  3.561108E+00 9.635E-01
  3.561126E+00 1.247E+00
  3.561144E+00 1.711E+00
  3.561162E+00 4.020E+00
  3.561180E+00 3.609E+00
  3.561198E+00 5.695E+00
  3.561216E+00 9.554E+00
  3.561234E+00 1.539E+01
  3.561252E+00 2.189E+01
  3.561270E+00 4.913E+00
  3.561288E+00 4.234E+00
  3.561305E+00 3.171E+00
  3.561323E+00 2.291E+00
  3.561341E+00 1.700E+00
  3.561359E+00 1.304E+00
  3.561376E+00 1.030E+00
  3.561394E+00 8.346E-01
  3.561411E+00 6.911E-01
  3.561429E+00 5.864E-01
  3.561447E+00 5.275E-01
  3.561464E+00 6.660E-01
  3.561482E+00 2.542E+01
  3.561499E+00 1.732E+00
  3.561516E+00 7.578E-01
  3.561534E+00 5.533E-01
  3.561551E+00 4.629E-01
  3.561568E+00 4.099E-01
  3.561586E+00 3.741E-01
  3.561620E+00 3.286E-01
  3.561654E+00 3.017E-01
  3.561706E+00 2.807E-01
  3.561757E+00 2.762E-01
  3.561791E+00 2.832E-01
  3.561824E+00 3.064E-01
  3.561841E+00 3.336E-01
  3.561858E+00 3.912E-01
  3.561875E+00 5.494E-01
  3.561891E+00 1.304E+00
  3.561908E+00 5.090E+01
  3.561925E+00 2.796E+00
  3.561941E+00 8.865E-01
  3.561958E+00 5.908E-01
  3.561975E+00 4.975E-01
  3.561991E+00 4.614E-01
  3.562008E+00 4.486E-01
  3.562041E+00 4.545E-01
  3.562090E+00 5.039E-01
  3.562139E+00 5.927E-01
  3.562171E+00 6.802E-01
  3.562204E+00 8.024E-01
  3.562220E+00 8.826E-01
  3.562236E+00 9.812E-01
  3.562252E+00 1.105E+00
  3.562268E+00 1.265E+00
  3.562284E+00 1.482E+00
  3.562300E+00 1.790E+00
  3.562316E+00 2.263E+00
  3.562332E+00 3.078E+00
  3.562348E+00 4.754E+00
  3.562364E+00 9.459E+00
  3.562380E+00 3.604E+01
  3.562396E+00 3.505E+02
  3.562411E+00 2.184E+01
  3.562427E+00 7.970E+00
  3.562443E+00 5.341E+00
  3.562459E+00 4.794E+00
  3.562474E+00 5.024E+00
  3.562490E+00 5.739E+00
  3.562506E+00 6.881E+00
  3.562521E+00 8.431E+00
  3.562552E+00 1.193E+01
  3.562568E+00 1.272E+01
  3.562583E+00 1.218E+01
  3.562614E+00 9.311E+00
  3.562630E+00 9.323E+00
  3.562645E+00 1.286E+01
  3.562661E+00 8.645E+00
  3.562676E+00 4.514E+00
  3.562691E+00 2.994E+00
  3.562707E+00 2.222E+00
  3.562722E+00 1.742E+00
  3.562737E+00 1.412E+00
  3.562752E+00 1.179E+00
  3.562767E+00 1.022E+00
  3.562783E+00 9.582E-01
  3.562798E+00 1.121E+00
  3.562813E+00 2.557E+00
  3.562828E+00 9.466E+00
  3.562843E+00 2.643E+00
  3.562858E+00 1.264E+00
  3.562873E+00 8.568E-01
  3.562888E+00 6.701E-01
  3.562903E+00 5.630E-01
  3.562918E+00 4.942E-01
  3.562933E+00 4.479E-01
  3.562948E+00 4.174E-01
  3.562963E+00 3.998E-01
  3.562977E+00 3.947E-01
  3.562992E+00 4.042E-01
  3.563007E+00 4.335E-01
  3.563022E+00 4.940E-01
  3.563037E+00 6.117E-01
  3.563051E+00 8.481E-01
  3.563066E+00 1.350E+00
  3.563081E+00 2.355E+00
  3.563095E+00 5.122E+00
  3.563110E+00 3.919E+01
  3.563124E+00 4.340E+00
  3.563139E+00 1.138E+00
  3.563153E+00 5.225E-01
  3.563168E+00 3.052E-01
  3.563182E+00 2.035E-01
  3.563197E+00 1.474E-01
  3.563211E+00 1.128E-01
  3.563226E+00 8.980E-02
  3.563240E+00 7.351E-02
  3.563254E+00 6.145E-02
  3.563269E+00 5.219E-02
  3.563283E+00 4.489E-02
  3.563297E+00 3.902E-02
  3.563326E+00 3.040E-02
  3.563340E+00 2.741E-02
  3.563354E+00 2.536E-02
  3.563368E+00 2.473E-02
  3.563383E+00 2.700E-02
  3.563397E+00 3.817E-02
  3.563411E+00 9.936E-02
  3.563425E+00 2.773E+00
  3.563439E+00 2.570E-01
  3.563453E+00 6.342E-02
  3.563467E+00 3.266E-02
  3.563481E+00 2.155E-02
  3.563495E+00 1.590E-02
  3.563509E+00 1.243E-02
  3.563523E+00 1.003E-02
  3.563537E+00 8.241E-03
  3.563550E+00 6.838E-03
  3.563564E+00 5.703E-03
  3.563578E+00 4.764E-03
  3.563592E+00 3.979E-03
  3.563619E+00 2.764E-03
  3.563633E+00 2.302E-03
  3.563647E+00 1.924E-03
  3.563661E+00 1.625E-03
  3.563674E+00 1.402E-03
  3.563688E+00 1.258E-03
  3.563701E+00 1.198E-03
  3.563715E+00 1.234E-03
  3.563729E+00 1.389E-03
  3.563742E+00 1.706E-03
  3.563756E+00 2.269E-03
  3.563769E+00 3.254E-03
  3.563783E+00 5.090E-03
  3.563796E+00 9.045E-03
  3.563809E+00 2.045E-02
  3.563823E+00 8.736E-02
  3.563836E+00 1.952E+00
  3.563850E+00 4.882E-02
  3.563863E+00 1.354E-02
  3.563876E+00 6.542E-03
  3.563890E+00 4.268E-03
  3.563903E+00 3.429E-03
  3.563916E+00 3.186E-03
  3.563929E+00 3.256E-03
  3.563943E+00 3.535E-03
  3.563956E+00 4.009E-03
  3.563969E+00 4.737E-03
  3.563982E+00 5.895E-03
  3.563995E+00 7.880E-03
  3.564008E+00 1.155E-02
  3.564021E+00 1.871E-02
  3.564034E+00 3.260E-02
  3.564047E+00 5.729E-02
  3.564073E+00 1.283E-01
  3.564086E+00 1.546E-01
  3.564125E+00 2.070E-01
  3.564138E+00 2.328E-01
  3.564151E+00 2.690E-01
  3.564164E+00 3.206E-01
  3.564177E+00 3.956E-01
  3.564189E+00 5.087E-01
  3.564202E+00 6.911E-01
  3.564215E+00 1.078E+00
  3.564228E+00 1.797E+00
  3.564240E+00 6.635E+00
  3.564253E+00 1.589E+00
  3.564266E+00 3.324E+00
  3.564279E+00 4.438E+00
  3.564291E+00 3.763E+00
  3.564304E+00 2.520E+00
  3.564316E+00 1.644E+00
  3.564329E+00 1.120E+00
  3.564342E+00 8.030E-01
  3.564354E+00 6.024E-01
  3.564367E+00 4.689E-01
  3.564379E+00 3.761E-01
  3.564392E+00 3.095E-01
  3.564404E+00 2.623E-01
  3.564416E+00 2.386E-01
  3.564429E+00 3.166E-01
  3.564441E+00 1.074E+01
  3.564454E+00 8.784E-01
  3.564466E+00 3.611E-01
  3.564478E+00 2.576E-01
  3.564491E+00 2.131E-01
  3.564503E+00 1.876E-01
  3.564515E+00 1.707E-01
  3.564527E+00 1.587E-01
  3.564552E+00 1.428E-01
  3.564588E+00 1.305E-01
  3.564625E+00 1.265E-01
  3.564661E+00 1.303E-01
  3.564673E+00 1.344E-01
  3.564685E+00 1.415E-01
  3.564697E+00 1.551E-01
  3.564709E+00 1.863E-01
  3.564721E+00 2.876E-01
  3.564733E+00 1.071E+00
  3.564745E+00 1.030E+01
  3.564757E+00 5.933E-01
  3.564769E+00 3.053E-01
  3.564780E+00 2.390E-01
  3.564792E+00 2.162E-01
  3.564804E+00 2.083E-01
  3.564828E+00 2.101E-01
  3.564863E+00 2.332E-01
  3.564886E+00 2.587E-01
  3.564910E+00 2.936E-01
  3.564933E+00 3.411E-01
  3.564956E+00 4.077E-01
  3.564968E+00 4.518E-01
  3.564991E+00 5.754E-01
  3.565002E+00 6.659E-01
  3.565014E+00 7.897E-01
  3.565025E+00 9.694E-01
  3.565036E+00 1.253E+00
  3.565048E+00 1.761E+00
  3.565059E+00 2.873E+00
  3.565071E+00 6.396E+00
  3.565082E+00 3.427E+01
  3.565093E+00 7.022E+01
  3.565105E+00 8.353E+00
  3.565116E+00 3.745E+00
  3.565127E+00 2.758E+00
  3.565139E+00 2.607E+00
  3.565150E+00 2.819E+00
  3.565161E+00 3.284E+00
  3.565172E+00 3.976E+00
  3.565184E+00 4.850E+00
  3.565195E+00 5.752E+00
  3.565206E+00 6.355E+00
  3.565217E+00 6.333E+00
  3.565240E+00 4.953E+00
  3.565251E+00 4.621E+00
  3.565262E+00 5.833E+00
  3.565273E+00 5.025E+00
  3.565284E+00 2.570E+00
  3.565295E+00 1.672E+00
  3.565306E+00 1.234E+00
  3.565317E+00 9.649E-01
  3.565328E+00 7.809E-01
  3.565339E+00 6.495E-01
  3.565350E+00 5.583E-01
  3.565361E+00 5.104E-01
  3.565372E+00 5.497E-01
  3.565383E+00 9.735E-01
  3.565394E+00 4.737E+00
  3.565404E+00 2.273E+00
  3.565415E+00 8.819E-01
  3.565426E+00 5.515E-01
  3.565437E+00 4.168E-01
  3.565448E+00 3.447E-01
  3.565459E+00 3.003E-01
  3.565469E+00 2.714E-01
  3.565480E+00 2.528E-01
  3.565491E+00 2.423E-01
  3.565502E+00 2.396E-01
  3.565512E+00 2.457E-01
  3.565523E+00 2.636E-01
  3.565534E+00 2.999E-01
  3.565544E+00 3.694E-01
  3.565555E+00 5.075E-01
  3.565566E+00 8.033E-01
  3.565576E+00 1.460E+00
  3.565587E+00 3.684E+00
  3.565597E+00 2.319E+01
  3.565608E+00 2.271E+00
  3.565618E+00 6.486E-01
  3.565629E+00 3.054E-01
  3.565640E+00 1.801E-01
  3.565650E+00 1.207E-01
  3.565661E+00 8.765E-02
  3.565671E+00 6.729E-02
  3.565681E+00 5.373E-02
  3.565692E+00 4.416E-02
  3.565702E+00 3.708E-02
  3.565713E+00 3.166E-02
  3.565723E+00 2.739E-02
  3.565733E+00 2.396E-02
  3.565754E+00 1.893E-02
  3.565764E+00 1.717E-02
  3.565775E+00 1.595E-02
  3.565785E+00 1.550E-02
  3.565795E+00 1.655E-02
  3.565806E+00 2.177E-02
  3.565816E+00 4.595E-02
  3.565826E+00 3.818E-01
  3.565836E+00 4.012E-01
  3.565847E+00 5.804E-02
  3.565857E+00 2.649E-02
  3.565867E+00 1.678E-02
  3.565877E+00 1.225E-02
  3.565887E+00 9.605E-03
  3.565897E+00 7.842E-03
  3.565907E+00 6.559E-03
  3.565917E+00 5.569E-03
  3.565938E+00 4.115E-03
  3.565948E+00 3.563E-03
  3.565958E+00 3.092E-03
  3.565975E+00 2.431E-03
  3.575965E+00 2.766E-01
  3.575975E+00 4.929E-01
  3.600918E+00 1.169E-01
  3.625862E+00 6.398E-02
  3.650805E+00 4.695E-02
  3.675748E+00 3.939E-02
  3.700692E+00 3.518E-02
  3.725635E+00 3.255E-02
  3.775522E+00 2.946E-02
  3.875295E+00 2.604E-02
  4.074841E+00 2.300E-02
  4.473934E+00 1.811E-02
  4.972800E+00 1.367E-02
  5.421780E+00 1.084E-02
  5.895703E+00 8.567E-03
  6.020419E+00 8.095E-03
  6.142041E+00 7.624E-03
  6.266115E+00 7.180E-03
  6.392698E+00 6.762E-03
  6.521843E+00 6.368E-03
  6.653593E+00 5.997E-03
  6.788002E+00 5.648E-03
  6.925127E+00 5.319E-03
  7.065025E+00 5.009E-03
  7.207747E+00 4.717E-03
  7.353358E+00 4.443E-03
  7.501903E+00 4.184E-03
  7.653450E+00 3.940E-03
  7.808064E+00 3.711E-03
  7.965795E+00 3.495E-03
  8.126712E+00 3.291E-03
  8.290885E+00 3.100E-03
  8.458371E+00 2.919E-03
  8.629245E+00 2.749E-03
  8.803562E+00 2.589E-03
  8.981412E+00 2.438E-03
  9.162844E+00 2.296E-03
  9.347945E+00 2.162E-03
  9.536789E+00 2.037E-03
  9.729445E+00 1.918E-03
  9.925989E+00 1.806E-03
  1.012651E+01 1.701E-03
  1.033108E+01 1.602E-03
  1.053978E+01 1.509E-03
  1.075270E+01 1.421E-03
  1.096992E+01 1.338E-03
  1.119152E+01 1.260E-03
  1.141761E+01 1.187E-03
  1.164826E+01 1.118E-03
  1.188357E+01 1.053E-03
  1.212364E+01 9.913E-04
  1.236855E+01 9.336E-04
  1.261841E+01 8.792E-04
  1.287332E+01 8.280E-04
  1.313337E+01 7.798E-04
  1.339869E+01 7.344E-04
  1.366936E+01 6.916E-04
  1.394550E+01 6.513E-04
  1.422721E+01 6.134E-04
  1.451462E+01 5.777E-04
  1.480784E+01 5.440E-04
  1.510698E+01 5.123E-04
  1.541216E+01 4.825E-04
  1.572351E+01 4.544E-04
  1.604114E+01 4.279E-04
  1.636519E+01 4.030E-04
  1.669579E+01 3.796E-04
  1.703307E+01 3.575E-04
  1.737715E+01 3.366E-04
  1.772820E+01 3.170E-04
  1.808632E+01 2.986E-04
  1.845169E+01 2.812E-04
  1.882443E+01 2.648E-04
  1.920473E+01 2.494E-04
  1.959267E+01 2.349E-04
  1.998848E+01 2.212E-04
  2.039227E+01 2.083E-04
  2.080423E+01 1.962E-04
  2.122449E+01 1.848E-04
  2.165326E+01 1.740E-04
  2.209068E+01 1.639E-04
  2.253696E+01 1.543E-04
  2.299222E+01 1.453E-04
  2.345670E+01 1.369E-04
  2.393054E+01 1.289E-04