  9.998041E-02 3.409E+01
  1.099804E-01 2.694E+01
  1.612651E-01 9.984E+00
  2.112459E-01 4.757E+00
  2.599666E-01 2.651E+00
  3.074693E-01 1.635E+00
  3.537941E-01 1.077E+00
  3.989798E-01 7.411E-01
  4.430633E-01 5.281E-01
  4.860802E-01 3.886E-01
  5.280647E-01 2.950E-01
  5.690495E-01 2.307E-01
  6.090661E-01 1.850E-01
  6.481448E-01 1.515E-01
  6.863146E-01 1.258E-01
  7.236036E-01 1.055E-01
  7.600386E-01 8.901E-02
  7.956454E-01 7.541E-02
  8.304491E-01 6.412E-02
  8.644736E-01 5.475E-02
  8.977419E-01 4.701E-02
  9.302764E-01 4.063E-02
  9.620983E-01 3.540E-02
  9.932285E-01 3.112E-02
  1.023687E+00 2.761E-02
  1.082664E+00 2.233E-02
  1.139175E+00 1.861E-02
  1.219612E+00 1.464E-02
  1.319421E+00 1.083E-02
  1.411529E+00 8.016E-03
  1.476024E+00 6.451E-03
  1.536915E+00 5.285E-03
  1.594464E+00 4.438E-03
  1.666410E+00 3.666E-03
  1.749360E+00 3.074E-03
  1.839795E+00 2.682E-03
  1.934354E+00 2.480E-03
  2.018733E+00 2.477E-03
  2.094344E+00 2.654E-03
  2.162360E+00 3.003E-03
  2.223765E+00 3.517E-03
  2.279390E+00 4.201E-03
  2.329937E+00 5.093E-03
  2.369679E+00 6.090E-03
  2.406460E+00 7.428E-03
  2.435056E+00 8.977E-03
  2.456697E+00 1.071E-02
  2.472251E+00 1.252E-02
  2.487256E+00 1.509E-02
  2.496967E+00 1.755E-02
  2.506453E+00 2.105E-02
  2.511114E+00 2.345E-02
  2.515721E+00 2.651E-02
  2.520275E+00 3.054E-02
  2.524776E+00 3.606E-02
  2.529227E+00 4.403E-02
  2.533626E+00 5.625E-02
  2.537976E+00 7.664E-02
  2.542277E+00 1.147E-01
  2.546530E+00 1.963E-01
  2.550735E+00 3.903E-01
  2.554893E+00 6.186E-01
  2.559005E+00 3.635E-01
  2.563071E+00 1.588E-01
  2.567093E+00 8.206E-02
  2.571070E+00 5.044E-02
  2.575004E+00 3.551E-02
  2.578894E+00 2.774E-02
  2.582743E+00 2.348E-02
  2.586550E+00 2.111E-02
  2.590316E+00 1.985E-02
  2.594041E+00 1.930E-02
  2.601372E+00 1.948E-02
  2.608549E+00 2.074E-02
  2.619032E+00 2.406E-02
  2.629189E+00 2.898E-02
  2.639035E+00 3.593E-02
  2.645431E+00 4.214E-02
  2.651699E+00 5.017E-02
  2.657840E+00 6.078E-02
  2.663858E+00 7.526E-02
  2.666823E+00 8.458E-02
  2.669758E+00 9.580E-02
  2.672663E+00 1.095E-01
  2.675541E+00 1.264E-01
  2.678389E+00 1.478E-01
  2.681210E+00 1.753E-01
  2.684004E+00 2.115E-01
  2.686770E+00 2.608E-01
  2.689509E+00 3.301E-01
  2.692222E+00 4.324E-01
  2.694909E+00 5.923E-01
  2.697569E+00 8.627E-01
  2.700205E+00 1.373E+00
  2.702815E+00 2.497E+00
  2.705400E+00 5.561E+00
  2.707961E+00 1.398E+01
  2.710497E+00 1.228E+01
  2.713010E+00 4.633E+00
  2.715499E+00 2.075E+00
  2.717964E+00 1.127E+00
  2.720407E+00 6.936E-01
  2.722826E+00 4.643E-01
  2.725224E+00 3.295E-01
  2.727599E+00 2.441E-01
  2.729952E+00 1.869E-01
  2.732283E+00 1.468E-01
  2.734594E+00 1.176E-01
  2.736883E+00 9.591E-02
  2.739151E+00 7.929E-02
  2.741398E+00 6.633E-02
  2.743625E+00 5.605E-02
  2.745832E+00 4.777E-02
  2.748019E+00 4.103E-02
  2.750187E+00 3.547E-02
  2.752335E+00 3.085E-02
  2.754464E+00 2.697E-02
  2.758665E+00 2.091E-02
  2.762792E+00 1.647E-02
  2.766847E+00 1.317E-02
  2.770831E+00 1.067E-02
  2.774746E+00 8.770E-03
  2.778594E+00 7.313E-03
  2.782376E+00 6.198E-03
  2.787929E+00 5.010E-03
  2.793341E+00 4.258E-03
  2.798619E+00 3.831E-03
  2.803765E+00 3.658E-03
  2.808785E+00 3.691E-03
  2.815289E+00 4.005E-03
  2.821584E+00 4.589E-03
  2.827679E+00 5.426E-03
  2.835031E+00 6.838E-03
  2.842099E+00 8.703E-03
  2.848898E+00 1.114E-02
  2.854152E+00 1.366E-02
  2.859250E+00 1.694E-02
  2.862973E+00 2.024E-02
  2.866615E+00 2.488E-02
  2.868998E+00 2.950E-02
  2.870176E+00 3.270E-02
  2.871346E+00 3.696E-02
  2.872507E+00 4.308E-02
  2.873660E+00 5.290E-02
  2.874804E+00 7.175E-02
  2.875941E+00 1.223E-01
  2.877069E+00 4.502E-01
  2.878188E+00 5.749E-01
  2.879300E+00 3.014E-02
  2.880404E+00 1.188E-02
  2.881500E+00 1.211E-02
  2.887913E+00 2.702E-02
  2.894060E+00 4.151E-02
  2.898017E+00 5.317E-02
  2.901867E+00 6.797E-02
  2.904685E+00 8.227E-02
  2.907447E+00 1.007E-01
  2.910154E+00 1.253E-01
  2.911928E+00 1.467E-01
  2.913679E+00 1.741E-01
  2.915406E+00 2.099E-01
  2.917111E+00 2.584E-01
  2.917955E+00 2.894E-01
  2.918794E+00 3.265E-01
  2.919627E+00 3.716E-01
  2.920455E+00 4.270E-01
  2.921277E+00 4.964E-01
  2.922094E+00 5.848E-01
  2.922906E+00 6.998E-01
  2.923712E+00 8.534E-01
  2.924513E+00 1.064E+00
  2.925309E+00 1.365E+00
  2.926100E+00 1.810E+00
  2.926886E+00 2.505E+00
  2.927667E+00 3.651E+00
  2.928442E+00 5.648E+00
  2.929213E+00 9.170E+00
  2.929979E+00 1.429E+01
  2.930740E+00 1.677E+01
  2.931497E+00 1.294E+01
  2.932248E+00 8.204E+00
  2.932995E+00 5.216E+00
  2.933737E+00 3.514E+00
  2.934475E+00 2.515E+00
  2.935207E+00 1.895E+00
  2.935936E+00 1.490E+00
  2.936659E+00 1.214E+00
  2.937378E+00 1.019E+00
  2.938093E+00 8.767E-01
  2.938803E+00 7.713E-01
  2.939509E+00 6.917E-01
  2.940211E+00 6.309E-01
  2.941601E+00 5.483E-01
  2.942974E+00 5.005E-01
  2.945003E+00 4.693E-01
  2.946994E+00 4.712E-01
  2.948950E+00 4.983E-01
  2.950871E+00 5.493E-01
  2.952758E+00 6.265E-01
  2.954611E+00 7.363E-01
  2.956432E+00 8.900E-01
  2.958221E+00 1.107E+00
  2.959396E+00 1.302E+00
  2.960558E+00 1.555E+00
  2.961706E+00 1.890E+00
  2.962841E+00 2.344E+00
  2.963404E+00 2.633E+00
  2.963963E+00 2.977E+00
  2.964520E+00 3.392E+00
  2.965073E+00 3.897E+00
  2.965623E+00 4.519E+00
  2.966169E+00 5.298E+00
  2.966713E+00 6.291E+00
  2.967254E+00 7.580E+00
  2.967791E+00 9.297E+00
  2.968326E+00 1.165E+01
  2.968857E+00 1.498E+01
  2.969386E+00 1.993E+01
  2.969912E+00 2.768E+01
  2.970434E+00 4.077E+01
  2.970954E+00 6.516E+01
  2.971471E+00 1.172E+02
  2.971985E+00 2.472E+02
  2.972496E+00 5.438E+02
  2.973004E+00 5.333E+02
  2.973510E+00 2.431E+02
  2.974012E+00 1.174E+02
  2.974512E+00 6.642E+01
  2.975009E+00 4.221E+01
  2.975504E+00 2.907E+01
  2.975995E+00 2.121E+01
  2.976484E+00 1.615E+01
  2.976971E+00 1.271E+01
  2.977454E+00 1.026E+01
  2.977935E+00 8.459E+00
  2.978414E+00 7.095E+00
  2.978890E+00 6.037E+00
  2.979363E+00 5.199E+00
  2.979834E+00 4.524E+00
  2.980302E+00 3.972E+00
  2.980767E+00 3.515E+00
  2.981691E+00 2.806E+00
  2.982605E+00 2.287E+00
  2.983509E+00 1.895E+00
  2.984848E+00 1.462E+00
  2.986165E+00 1.147E+00
  2.987461E+00 9.079E-01
  2.989159E+00 6.600E-01
  2.991231E+00 4.117E-01
  2.994044E+00 1.002E-01
  2.994438E+00 6.075E-02
  2.994829E+00 2.947E-02
  2.995219E+00 1.753E-02
  2.995607E+00 5.252E-02
  2.995992E+00 2.105E-01
  2.996376E+00 7.428E-01
  2.996758E+00 2.793E+00
  2.997138E+00 1.673E+01
  2.997516E+00 7.471E+03
  2.997892E+00 3.049E+01
  2.998267E+00 9.733E+00
  2.998639E+00 5.344E+00
  2.999009E+00 3.625E+00
  2.999378E+00 2.743E+00
  2.999745E+00 2.218E+00
  3.000110E+00 1.872E+00
  3.000473E+00 1.628E+00
  3.000835E+00 1.447E+00
  3.001194E+00 1.307E+00
  3.001908E+00 1.106E+00
  3.002615E+00 9.677E-01
  3.003663E+00 8.247E-01
  3.005036E+00 6.992E-01
  3.006715E+00 5.959E-01
  3.008999E+00 5.008E-01
  3.011207E+00 4.381E-01
  3.012132E+00 4.259E-01
  3.012741E+00 4.331E-01
  3.013044E+00 4.470E-01
  3.013345E+00 4.735E-01
  3.013644E+00 5.213E-01
  3.013943E+00 6.066E-01
  3.014240E+00 7.613E-01
  3.014535E+00 1.054E+00
  3.014829E+00 1.648E+00
  3.015122E+00 2.997E+00
  3.015413E+00 6.696E+00
  3.015703E+00 2.121E+01
  3.015992E+00 1.591E+02
  3.016280E+00 2.400E+02
  3.016566E+00 4.399E+01
  3.016851E+00 2.016E+01
  3.017134E+00 1.296E+01
  3.017416E+00 9.902E+00
  3.017697E+00 8.406E+00
  3.017977E+00 7.681E+00
  3.018255E+00 7.430E+00
  3.018532E+00 7.541E+00
  3.018808E+00 7.998E+00
  3.019083E+00 8.861E+00
  3.019356E+00 1.028E+01
  3.019628E+00 1.254E+01
  3.019899E+00 1.621E+01
  3.020169E+00 2.227E+01
  3.020437E+00 3.214E+01
  3.020705E+00 4.491E+01
  3.020971E+00 4.935E+01
  3.021236E+00 3.708E+01
  3.021499E+00 2.268E+01
  3.021762E+00 1.368E+01
  3.022023E+00 8.697E+00
  3.022284E+00 5.869E+00
  3.022543E+00 4.179E+00
  3.022801E+00 3.114E+00
  3.023057E+00 2.411E+00
  3.023313E+00 1.929E+00
  3.023568E+00 1.587E+00
  3.023821E+00 1.338E+00
  3.024073E+00 1.152E+00
  3.024325E+00 1.011E+00
  3.024575E+00 9.012E-01
  3.024824E+00 8.154E-01
  3.025318E+00 6.925E-01
  3.025809E+00 6.124E-01
  3.026537E+00 5.393E-01
  3.027492E+00 4.914E-01
  3.028664E+00 4.752E-01
  3.029811E+00 4.897E-01
  3.030934E+00 5.315E-01
  3.032033E+00 6.076E-01
  3.032896E+00 7.070E-01
  3.033534E+00 8.187E-01
  3.034164E+00 9.844E-01
  3.034580E+00 1.144E+00
  3.034992E+00 1.367E+00
  3.035197E+00 1.515E+00
  3.035401E+00 1.697E+00
  3.035604E+00 1.925E+00
  3.035807E+00 2.217E+00
  3.036008E+00 2.599E+00
  3.036209E+00 3.116E+00
  3.036409E+00 3.841E+00
  3.036608E+00 4.904E+00
  3.036806E+00 6.560E+00
  3.037004E+00 9.342E+00
  3.037201E+00 1.450E+01
  3.037397E+00 2.524E+01
  3.037592E+00 4.820E+01
  3.037786E+00 6.968E+01
  3.037980E+00 4.390E+01
  3.038172E+00 2.048E+01
  3.038364E+00 1.044E+01
  3.038556E+00 5.962E+00
  3.038746E+00 3.713E+00
  3.038936E+00 2.461E+00
  3.039125E+00 1.707E+00
  3.039313E+00 1.225E+00
  3.039500E+00 9.018E-01
  3.039687E+00 6.775E-01
  3.039873E+00 5.170E-01
  3.040058E+00 3.992E-01
  3.040243E+00 3.111E-01
  3.040426E+00 2.441E-01
  3.040609E+00 1.923E-01
  3.040792E+00 1.520E-01
  3.040973E+00 1.202E-01
  3.041154E+00 9.496E-02
  3.041334E+00 7.479E-02
  3.041514E+00 5.861E-02
  3.041693E+00 4.559E-02
  3.041871E+00 3.510E-02
  3.042048E+00 2.665E-02
  3.042225E+00 1.988E-02
  3.042401E+00 1.448E-02
  3.042576E+00 1.023E-02
  3.042751E+00 6.939E-03
  3.042925E+00 4.467E-03
  3.043098E+00 2.701E-03
  3.043271E+00 1.556E-03
  3.043442E+00 9.677E-04
  3.043614E+00 8.924E-04
  3.043784E+00 1.306E-03
  3.043954E+00 2.204E-03
  3.044124E+00 3.605E-03
  3.044292E+00 5.553E-03
  3.044460E+00 8.129E-03
  3.044628E+00 1.146E-02
  3.044794E+00 1.576E-02
  3.044960E+00 2.134E-02
  3.045126E+00 2.872E-02
  3.045291E+00 3.876E-02
  3.045455E+00 5.298E-02
  3.045618E+00 7.425E-02
  3.045781E+00 1.085E-01
  3.045944E+00 1.700E-01
  3.046105E+00 3.003E-01
  3.046267E+00 6.695E-01
  3.046427E+00 2.732E+00
  3.046587E+00 4.808E+02
  3.046746E+00 1.898E+00
  3.046905E+00 4.639E-01
  3.047063E+00 1.911E-01
  3.047220E+00 9.720E-02
  3.047377E+00 5.508E-02
  3.047534E+00 3.316E-02
  3.047689E+00 2.065E-02
  3.047845E+00 1.306E-02
  3.047999E+00 8.281E-03
  3.048153E+00 5.202E-03
  3.048307E+00 3.210E-03
  3.048459E+00 1.938E-03
  3.048612E+00 1.158E-03
  3.048763E+00 7.254E-04
  3.048915E+00 5.402E-04
  3.049065E+00 5.355E-04
  3.049215E+00 6.636E-04
  3.049365E+00 8.900E-04
  3.049514E+00 1.189E-03
  3.049662E+00 1.540E-03
  3.050250E+00 3.143E-03
  3.050396E+00 3.487E-03
  3.050541E+00 3.716E-03
  3.050686E+00 3.693E-03
  3.050830E+00 3.106E-03
  3.050973E+00 3.882E-03
  3.051116E+00 7.166E-02
  3.051259E+00 2.194E-02
  3.051401E+00 1.840E-02
  3.051542E+00 1.838E-02
  3.051683E+00 1.969E-02
  3.051824E+00 2.200E-02
  3.051964E+00 2.546E-02
  3.052103E+00 3.054E-02
  3.052242E+00 3.818E-02
  3.052381E+00 5.019E-02
  3.052519E+00 7.036E-02
  3.052656E+00 1.074E-01
  3.052793E+00 1.853E-01
  3.052930E+00 3.877E-01
  3.053066E+00 1.183E+00
  3.053201E+00 1.101E+01
  3.053336E+00 7.138E+00
  3.053471E+00 1.269E+00
  3.053605E+00 5.456E-01
  3.053738E+00 3.226E-01
  3.053871E+00 2.247E-01
  3.054004E+00 1.728E-01
  3.054136E+00 1.420E-01
  3.054268E+00 1.223E-01
  3.054399E+00 1.091E-01
  3.054530E+00 9.988E-02
  3.054660E+00 9.336E-02
  3.054920E+00 8.545E-02
  3.055305E+00 8.112E-02
  3.055686E+00 8.222E-02
  3.056064E+00 8.750E-02
  3.056438E+00 9.728E-02
  3.056807E+00 1.133E-01
  3.057052E+00 1.293E-01
  3.057294E+00 1.521E-01
  3.057415E+00 1.673E-01
  3.057535E+00 1.860E-01
  3.057655E+00 2.095E-01
  3.057775E+00 2.394E-01
  3.057894E+00 2.783E-01
  3.058012E+00 3.303E-01
  3.058130E+00 4.018E-01
  3.058248E+00 5.036E-01
  3.058366E+00 6.545E-01
  3.058483E+00 8.890E-01
  3.058599E+00 1.271E+00
  3.058716E+00 1.907E+00
  3.058947E+00 3.844E+00
  3.059062E+00 3.664E+00
  3.059177E+00 2.576E+00
  3.059291E+00 1.649E+00
  3.059405E+00 1.081E+00
  3.059518E+00 7.471E-01
  3.059632E+00 5.445E-01
  3.059744E+00 4.155E-01
  3.059857E+00 3.295E-01
  3.059969E+00 2.699E-01
  3.060080E+00 2.274E-01
  3.060192E+00 1.961E-01
  3.060303E+00 1.726E-01
  3.060413E+00 1.546E-01
  3.060523E+00 1.406E-01
  3.060742E+00 1.211E-01
  3.060960E+00 1.087E-01
  3.061284E+00 9.828E-02
  3.061711E+00 9.308E-02
  3.062237E+00 9.490E-02
  3.062754E+00 1.036E-01
  3.063263E+00 1.197E-01
  3.063664E+00 1.403E-01
  3.063962E+00 1.626E-01
  3.064256E+00 1.945E-01
  3.064451E+00 2.241E-01
  3.064645E+00 2.639E-01
  3.064837E+00 3.198E-01
  3.064933E+00 3.568E-01
  3.065029E+00 4.023E-01
  3.065124E+00 4.594E-01
  3.065219E+00 5.325E-01
  3.065313E+00 6.285E-01
  3.065407E+00 7.585E-01
  3.065501E+00 9.412E-01
  3.065595E+00 1.210E+00
  3.065688E+00 1.631E+00
  3.065781E+00 2.343E+00
  3.065874E+00 3.673E+00
  3.065967E+00 6.468E+00
  3.066059E+00 1.246E+01
  3.066151E+00 1.764E+01
  3.066242E+00 1.077E+01
  3.066334E+00 5.015E+00
  3.066425E+00 2.568E+00
  3.066515E+00 1.474E+00
  3.066606E+00 9.210E-01
  3.066696E+00 6.114E-01
  3.066786E+00 4.241E-01
  3.066875E+00 3.040E-01
  3.066965E+00 2.232E-01
  3.067054E+00 1.668E-01
  3.067143E+00 1.264E-01
  3.067231E+00 9.660E-02
  3.067319E+00 7.427E-02
  3.067407E+00 5.724E-02
  3.067495E+00 4.407E-02
  3.067582E+00 3.378E-02
  3.067670E+00 2.567E-02
  3.067756E+00 1.923E-02
  3.067843E+00 1.411E-02
  3.067929E+00 1.004E-02
  3.068015E+00 6.827E-03
  3.068101E+00 4.342E-03
  3.068187E+00 2.501E-03
  3.068272E+00 1.284E-03
  3.068357E+00 7.422E-04
  3.068442E+00 1.062E-03
  3.068526E+00 2.703E-03
  3.068611E+00 6.799E-03
  3.068695E+00 1.651E-02
  3.068778E+00 4.307E-02
  3.068862E+00 1.502E-01
  3.068945E+00 1.818E+00
  3.069028E+00 1.298E+00
  3.069111E+00 1.755E-01
  3.069193E+00 6.704E-02
  3.069276E+00 3.479E-02
  3.069358E+00 2.079E-02
  3.069439E+00 1.341E-02
  3.069521E+00 9.039E-03
  3.069602E+00 6.255E-03
  3.069683E+00 4.392E-03
  3.069764E+00 3.106E-03
  3.069844E+00 2.202E-03
  3.069925E+00 1.564E-03
  3.070005E+00 1.117E-03
  3.070084E+00 8.122E-04
  3.070164E+00 6.152E-04
  3.070243E+00 5.021E-04
  3.070322E+00 4.555E-04
  3.070401E+00 4.624E-04
  3.070480E+00 5.131E-04
  3.070558E+00 6.001E-04
  3.070636E+00 7.177E-04
  3.070714E+00 8.615E-04
  3.070792E+00 1.028E-03
  3.070947E+00 1.420E-03
  3.071100E+00 1.880E-03
  3.071329E+00 2.693E-03
  3.071556E+00 3.697E-03
  3.071631E+00 4.228E-03
  3.071706E+00 4.432E-03
  3.071856E+00 5.455E-03
  3.072004E+00 6.785E-03
  3.072078E+00 7.652E-03
  3.072152E+00 8.731E-03
  3.072225E+00 1.012E-02
  3.072298E+00 1.196E-02
  3.072371E+00 1.453E-02
  3.072444E+00 1.827E-02
  3.072517E+00 2.403E-02
  3.072589E+00 3.357E-02
  3.072661E+00 5.092E-02
  3.072733E+00 8.702E-02
  3.072805E+00 1.801E-01
  3.072877E+00 5.407E-01
  3.072948E+00 4.741E+00
  3.073019E+00 3.215E+00
  3.073090E+00 5.764E-01
  3.073161E+00 2.468E-01
  3.073231E+00 1.455E-01
  3.073302E+00 1.011E-01
  3.073372E+00 7.772E-02
  3.073442E+00 6.389E-02
  3.073512E+00 5.509E-02
  3.073581E+00 4.920E-02
  3.073650E+00 4.514E-02
  3.073788E+00 4.029E-02
  3.073926E+00 3.801E-02
  3.074130E+00 3.727E-02
  3.074333E+00 3.870E-02
  3.074534E+00 4.199E-02
  3.074733E+00 4.746E-02
  3.074931E+00 5.605E-02
  3.075062E+00 6.450E-02
  3.075192E+00 7.642E-02
  3.075257E+00 8.429E-02
  3.075321E+00 9.396E-02
  3.075386E+00 1.060E-01
  3.075450E+00 1.213E-01
  3.075514E+00 1.410E-01
  3.075578E+00 1.671E-01
  3.075642E+00 2.026E-01
  3.075705E+00 2.526E-01
  3.075769E+00 3.254E-01
  3.075832E+00 4.365E-01
  3.075895E+00 6.135E-01
  3.075958E+00 9.052E-01
  3.076020E+00 1.372E+00
  3.076083E+00 1.944E+00
  3.076145E+00 2.131E+00
  3.076207E+00 1.672E+00
  3.076269E+00 1.110E+00
  3.076331E+00 7.282E-01
  3.076393E+00 4.990E-01
  3.076454E+00 3.599E-01
  3.076515E+00 2.719E-01
  3.076576E+00 2.138E-01
  3.076637E+00 1.738E-01
  3.076698E+00 1.454E-01
  3.076759E+00 1.245E-01
  3.076819E+00 1.090E-01
  3.076880E+00 9.705E-02
  3.076940E+00 8.783E-02
  3.077059E+00 7.485E-02
  3.077179E+00 6.662E-02
  3.077356E+00 5.952E-02
  3.077532E+00 5.622E-02
  3.077765E+00 5.544E-02
  3.078052E+00 5.856E-02
  3.078335E+00 6.583E-02
  3.078559E+00 7.534E-02
  3.078780E+00 8.974E-02
  3.078945E+00 1.056E-01
  3.079108E+00 1.287E-01
  3.079217E+00 1.505E-01
  3.079324E+00 1.804E-01
  3.079378E+00 1.999E-01
  3.079431E+00 2.236E-01
  3.079485E+00 2.527E-01
  3.079538E+00 2.893E-01
  3.079591E+00 3.362E-01
  3.079644E+00 3.977E-01
  3.079697E+00 4.811E-01
  3.079749E+00 5.983E-01
  3.079802E+00 7.706E-01
  3.079854E+00 1.039E+00
  3.079906E+00 1.492E+00
  3.079958E+00 2.329E+00
  3.080010E+00 4.057E+00
  3.080062E+00 7.656E+00
  3.080114E+00 1.086E+01
  3.080165E+00 7.001E+00
  3.080217E+00 3.366E+00
  3.080268E+00 1.750E+00
  3.080319E+00 1.014E+00
  3.080370E+00 6.391E-01
  3.080421E+00 4.280E-01
  3.080472E+00 2.997E-01
  3.080522E+00 2.170E-01
  3.080573E+00 1.611E-01
  3.080623E+00 1.219E-01
  3.080673E+00 9.364E-02
  3.080723E+00 7.268E-02
  3.080773E+00 5.684E-02
  3.080823E+00 4.464E-02
  3.080873E+00 3.511E-02
  3.080923E+00 2.756E-02
  3.080972E+00 2.150E-02
  3.081021E+00 1.659E-02
  3.081071E+00 1.256E-02
  3.081120E+00 9.224E-03
  3.081169E+00 6.444E-03
  3.081217E+00 4.127E-03
  3.081266E+00 2.252E-03
  3.081315E+00 9.806E-04
  3.081363E+00 1.186E-03
  3.081412E+00 8.309E-03
  3.081460E+00 1.136E-01
  3.081508E+00 5.898E-01
  3.081556E+00 5.659E-02
  3.081604E+00 2.348E-02
  3.081651E+00 1.352E-02
  3.081699E+00 8.903E-03
  3.081747E+00 6.280E-03
  3.081794E+00 4.607E-03
  3.081841E+00 3.461E-03
  3.081888E+00 2.641E-03
  3.081935E+00 2.039E-03
  3.081982E+00 1.592E-03
  3.082029E+00 1.257E-03
  3.082076E+00 1.010E-03
  3.082122E+00 8.299E-04
  3.082169E+00 7.047E-04
  3.082215E+00 6.238E-04
  3.082261E+00 5.797E-04
  3.082307E+00 5.664E-04
  3.082353E+00 5.794E-04
  3.082399E+00 6.148E-04
  3.082445E+00 6.696E-04
  3.082536E+00 8.282E-04
  3.082627E+00 1.041E-03
  3.082762E+00 1.439E-03
  3.083029E+00 2.416E-03
  3.083073E+00 2.546E-03
  3.083117E+00 2.566E-03
  3.083161E+00 2.075E-03
  3.083205E+00 1.214E-02
  3.083249E+00 5.688E-03
  3.083293E+00 5.560E-03
  3.083336E+00 5.898E-03
  3.083380E+00 6.459E-03
  3.083423E+00 7.229E-03
  3.083466E+00 8.260E-03
  3.083509E+00 9.657E-03
  3.083552E+00 1.161E-02
  3.083595E+00 1.444E-02
  3.083638E+00 1.879E-02
  3.083681E+00 2.593E-02
  3.083723E+00 3.876E-02
  3.083766E+00 6.507E-02
  3.083808E+00 1.316E-01
  3.083850E+00 3.806E-01
  3.083893E+00 2.990E+00
  3.083935E+00 2.551E+00
  3.083977E+00 4.310E-01
  3.084019E+00 1.793E-01
  3.084060E+00 1.037E-01
  3.084102E+00 7.111E-02
  3.084144E+00 5.406E-02
  3.084185E+00 4.404E-02
  3.084226E+00 3.769E-02
  3.084268E+00 3.346E-02
  3.084309E+00 3.054E-02
  3.084350E+00 2.849E-02
  3.084432E+00 2.603E-02
  3.084554E+00 2.472E-02
  3.084675E+00 2.506E-02
  3.084795E+00 2.662E-02
  3.084915E+00 2.940E-02
  3.085033E+00 3.376E-02
  3.085112E+00 3.792E-02
  3.085190E+00 4.357E-02
  3.085268E+00 5.148E-02
  3.085307E+00 5.665E-02
  3.085346E+00 6.297E-02
  3.085384E+00 7.077E-02
  3.085423E+00 8.058E-02
  3.085461E+00 9.314E-02
  3.085499E+00 1.096E-01
  3.085538E+00 1.316E-01
  3.085576E+00 1.621E-01
  3.085614E+00 2.057E-01
  3.085652E+00 2.708E-01
  3.085690E+00 3.723E-01
  3.085728E+00 5.375E-01
  3.085765E+00 8.106E-01
  3.085803E+00 1.218E+00
  3.085841E+00 1.578E+00
  3.085878E+00 1.475E+00
  3.085915E+00 1.047E+00
  3.085953E+00 6.849E-01
  3.085990E+00 4.586E-01
  3.086027E+00 3.227E-01
  3.086064E+00 2.386E-01
  3.086101E+00 1.842E-01
  3.086138E+00 1.475E-01
  3.086175E+00 1.218E-01
  3.086211E+00 1.032E-01
  3.086248E+00 8.940E-02
  3.086284E+00 7.896E-02
  3.086321E+00 7.091E-02
  3.086357E+00 6.461E-02
  3.086430E+00 5.568E-02
  3.086502E+00 4.996E-02
  3.086609E+00 4.501E-02
  3.086716E+00 4.274E-02
  3.086857E+00 4.234E-02
  3.087032E+00 4.489E-02
  3.087205E+00 5.065E-02
  3.087342E+00 5.816E-02
  3.087443E+00 6.627E-02
  3.087545E+00 7.755E-02
  3.087645E+00 9.380E-02
  3.087712E+00 1.090E-01
  3.087778E+00 1.297E-01
  3.087844E+00 1.589E-01
  3.087877E+00 1.785E-01
  3.087910E+00 2.026E-01
  3.087942E+00 2.332E-01
  3.087975E+00 2.727E-01
  3.088008E+00 3.250E-01
  3.088040E+00 3.967E-01
  3.088073E+00 4.987E-01
  3.088105E+00 6.512E-01
  3.088137E+00 8.941E-01
  3.088170E+00 1.313E+00
  3.088202E+00 2.112E+00
  3.088234E+00 3.787E+00
  3.088266E+00 6.915E+00
  3.088298E+00 7.801E+00
  3.088330E+00 4.349E+00
  3.088362E+00 2.139E+00
  3.088393E+00 1.161E+00
  3.088425E+00 6.966E-01
  3.088457E+00 4.507E-01
  3.088488E+00 3.082E-01
  3.088520E+00 2.196E-01
  3.088551E+00 1.614E-01
  3.088582E+00 1.215E-01
  3.088614E+00 9.317E-02
  3.088645E+00 7.250E-02
  3.088676E+00 5.705E-02
  3.088707E+00 4.526E-02
  3.088738E+00 3.612E-02
  3.088769E+00 2.891E-02
  3.088800E+00 2.316E-02
  3.088831E+00 1.850E-02
  3.088861E+00 1.468E-02
  3.088892E+00 1.150E-02
  3.088923E+00 8.806E-03
  3.088953E+00 6.471E-03
  3.088983E+00 4.383E-03
  3.089014E+00 2.467E-03
  3.089044E+00 9.225E-04
  3.089074E+00 5.114E-03
  3.089105E+00 1.482E+00
  3.089135E+00 2.706E-02
  3.089165E+00 1.179E-02
  3.089195E+00 7.364E-03
  3.089225E+00 5.213E-03
  3.089255E+00 3.912E-03
  3.089284E+00 3.031E-03
  3.089314E+00 2.396E-03
  3.089344E+00 1.922E-03
  3.089373E+00 1.562E-03
  3.089403E+00 1.286E-03
  3.089432E+00 1.075E-03
  3.089462E+00 9.162E-04
  3.089491E+00 7.997E-04
  3.089520E+00 7.183E-04
  3.089550E+00 6.664E-04
  3.089579E+00 6.395E-04
  3.089608E+00 6.341E-04
  3.089637E+00 6.473E-04
  3.089666E+00 6.769E-04
  3.089724E+00 7.774E-04
  3.089781E+00 9.238E-04
  3.089867E+00 1.212E-03
  3.089981E+00 1.698E-03
  3.090093E+00 2.222E-03
  3.090121E+00 2.304E-03
  3.090149E+00 2.279E-03
  3.090177E+00 1.908E-03
  3.090205E+00 2.631E-01
  3.090233E+00 6.976E-03
  3.090261E+00 6.011E-03
  3.090288E+00 6.151E-03
  3.090316E+00 6.657E-03
  3.090343E+00 7.447E-03
  3.090371E+00 8.570E-03
  3.090398E+00 1.016E-02
  3.090426E+00 1.247E-02
  3.090453E+00 1.597E-02
  3.090480E+00 2.164E-02
  3.090507E+00 3.161E-02
  3.090535E+00 5.144E-02
  3.090562E+00 9.917E-02
  3.090589E+00 2.617E-01
  3.090616E+00 1.553E+00
  3.090643E+00 3.445E+00
  3.090669E+00 4.371E-01
  3.090696E+00 1.654E-01
  3.090723E+00 9.129E-02
  3.090750E+00 6.077E-02
  3.090776E+00 4.526E-02
  3.090803E+00 3.631E-02
  3.090829E+00 3.070E-02
  3.090856E+00 2.699E-02
  3.090882E+00 2.445E-02
  3.090909E+00 2.266E-02
  3.090961E+00 2.049E-02
  3.091040E+00 1.924E-02
  3.091118E+00 1.933E-02
  3.091221E+00 2.089E-02
  3.091298E+00 2.312E-02
  3.091374E+00 2.655E-02
  3.091450E+00 3.181E-02
  3.091500E+00 3.695E-02
  3.091550E+00 4.420E-02
  3.091575E+00 4.900E-02
  3.091600E+00 5.491E-02
  3.091625E+00 6.228E-02
  3.091650E+00 7.166E-02
  3.091675E+00 8.383E-02
  3.091699E+00 1.000E-01
  3.091724E+00 1.221E-01
  3.091749E+00 1.534E-01
  3.091773E+00 1.993E-01
  3.091798E+00 2.698E-01
  3.091822E+00 3.830E-01
  3.091847E+00 5.711E-01
  3.091871E+00 8.729E-01
  3.091896E+00 1.236E+00
  3.091920E+00 1.335E+00
  3.091944E+00 1.033E+00
  3.091968E+00 6.847E-01
  3.091992E+00 4.516E-01
  3.092017E+00 3.116E-01
  3.092041E+00 2.263E-01
  3.092065E+00 1.721E-01
  3.092089E+00 1.361E-01
  3.092112E+00 1.112E-01
  3.092136E+00 9.337E-02
  3.092160E+00 8.029E-02
  3.092184E+00 7.045E-02
  3.092208E+00 6.291E-02
  3.092231E+00 5.703E-02
  3.092278E+00 4.873E-02
  3.092325E+00 4.341E-02
  3.092396E+00 3.878E-02
  3.092465E+00 3.657E-02
  3.092558E+00 3.597E-02
  3.092672E+00 3.788E-02
  3.092785E+00 4.249E-02
  3.092875E+00 4.860E-02
  3.092942E+00 5.519E-02
  3.093009E+00 6.436E-02
  3.093075E+00 7.752E-02
  3.093119E+00 8.976E-02
  3.093162E+00 1.063E-01
  3.093206E+00 1.296E-01
  3.093228E+00 1.451E-01
  3.093249E+00 1.641E-01
  3.093271E+00 1.880E-01
  3.093292E+00 2.186E-01
  3.093314E+00 2.587E-01
  3.093335E+00 3.131E-01
  3.093357E+00 3.894E-01
  3.093378E+00 5.014E-01
  3.093400E+00 6.755E-01
  3.093421E+00 9.667E-01
  3.093442E+00 1.501E+00
  3.093463E+00 2.587E+00
  3.093506E+00 6.910E+00
  3.093527E+00 4.688E+00
  3.093548E+00 2.311E+00
  3.093569E+00 1.212E+00
  3.093590E+00 7.067E-01
  3.093611E+00 4.477E-01
  3.093632E+00 3.017E-01
  3.093653E+00 2.128E-01
  3.093674E+00 1.553E-01
  3.093694E+00 1.164E-01
  3.093715E+00 8.911E-02
  3.093736E+00 6.934E-02
  3.093757E+00 5.466E-02
  3.093777E+00 4.353E-02
  3.093798E+00 3.494E-02
  3.093818E+00 2.820E-02
  3.093839E+00 2.284E-02
  3.093859E+00 1.853E-02
  3.093880E+00 1.500E-02
  3.093900E+00 1.209E-02
  3.093921E+00 9.641E-03
  3.093941E+00 7.530E-03
  3.093961E+00 5.638E-03
  3.093982E+00 3.825E-03
  3.094002E+00 1.902E-03
  3.094022E+00 1.831E-03
  3.094042E+00 5.824E-02
  3.094062E+00 1.059E-02
  3.094082E+00 6.192E-03
  3.094102E+00 4.419E-03
  3.094122E+00 3.388E-03
  3.094142E+00 2.689E-03
  3.094162E+00 2.178E-03
  3.094182E+00 1.790E-03
  3.094202E+00 1.490E-03
  3.094222E+00 1.256E-03
  3.094241E+00 1.075E-03
  3.094261E+00 9.361E-04
  3.094281E+00 8.322E-04
  3.094300E+00 7.578E-04
  3.094320E+00 7.084E-04
  3.094340E+00 6.806E-04
  3.094359E+00 6.714E-04
  3.094379E+00 6.784E-04
  3.094418E+00 7.340E-04
  3.094456E+00 8.353E-04
  3.094495E+00 9.740E-04
  3.094553E+00 1.240E-03
  3.094629E+00 1.682E-03
  3.094705E+00 2.156E-03
  3.094724E+00 2.228E-03
  3.094742E+00 2.202E-03
  3.094761E+00 1.919E-03
  3.094780E+00 5.524E-01
  3.094799E+00 7.866E-03
  3.094817E+00 6.297E-03
  3.094836E+00 6.339E-03
  3.094855E+00 6.843E-03
  3.094873E+00 7.686E-03
  3.094892E+00 8.922E-03
  3.094910E+00 1.072E-02
  3.094929E+00 1.341E-02
  3.094947E+00 1.764E-02
  3.094966E+00 2.479E-02
  3.094984E+00 3.820E-02
  3.095002E+00 6.762E-02
  3.095021E+00 1.518E-01
  3.095039E+00 5.736E-01
  3.095057E+00 7.319E+00
  3.095075E+00 7.212E-01
  3.095093E+00 2.032E-01
  3.095112E+00 9.916E-02
  3.095130E+00 6.164E-02
  3.095148E+00 4.392E-02
  3.095166E+00 3.415E-02
  3.095184E+00 2.823E-02
  3.095202E+00 2.438E-02
  3.095220E+00 2.178E-02
  3.095238E+00 1.996E-02
  3.095273E+00 1.776E-02
  3.095309E+00 1.667E-02
  3.095362E+00 1.622E-02
  3.095433E+00 1.696E-02
  3.095503E+00 1.900E-02
  3.095555E+00 2.154E-02
  3.095606E+00 2.538E-02
  3.095641E+00 2.905E-02
  3.095675E+00 3.412E-02
  3.095709E+00 4.137E-02
  3.095726E+00 4.624E-02
  3.095743E+00 5.229E-02
  3.095760E+00 5.994E-02
  3.095777E+00 6.981E-02
  3.095794E+00 8.284E-02
  3.095811E+00 1.005E-01
  3.095828E+00 1.252E-01
  3.095845E+00 1.611E-01
  3.095861E+00 2.154E-01
  3.095878E+00 3.017E-01
  3.095895E+00 4.445E-01
  3.095912E+00 6.803E-01
  3.095928E+00 1.010E+00
  3.095945E+00 1.217E+00
  3.095962E+00 1.033E+00
  3.095978E+00 7.025E-01
  3.095995E+00 4.596E-01
  3.096011E+00 3.121E-01
  3.096028E+00 2.232E-01
  3.096044E+00 1.675E-01
  3.096061E+00 1.310E-01
  3.096077E+00 1.061E-01
  3.096093E+00 8.845E-02
  3.096110E+00 7.558E-02
  3.096126E+00 6.596E-02
  3.096142E+00 5.862E-02
  3.096175E+00 4.845E-02
  3.096207E+00 4.206E-02
  3.096240E+00 3.794E-02
  3.096288E+00 3.436E-02
  3.096352E+00 3.249E-02
  3.096431E+00 3.302E-02
  3.096509E+00 3.600E-02
  3.096572E+00 4.027E-02
  3.096633E+00 4.682E-02
  3.096680E+00 5.395E-02
  3.096725E+00 6.405E-02
  3.096756E+00 7.328E-02
  3.096786E+00 8.555E-02
  3.096817E+00 1.024E-01
  3.096832E+00 1.133E-01
  3.096847E+00 1.265E-01
  3.096862E+00 1.427E-01
  3.096877E+00 1.630E-01
  3.096892E+00 1.889E-01
  3.096907E+00 2.227E-01
  3.096922E+00 2.681E-01
  3.096937E+00 3.313E-01
  3.096951E+00 4.231E-01
  3.096966E+00 5.637E-01
  3.096981E+00 7.948E-01
  3.096996E+00 1.209E+00
  3.097011E+00 2.033E+00
  3.097025E+00 3.750E+00
  3.097040E+00 6.004E+00
  3.097055E+00 4.780E+00
  3.097070E+00 2.411E+00
  3.097084E+00 1.240E+00
  3.097099E+00 7.084E-01
  3.097113E+00 4.422E-01
  3.097128E+00 2.948E-01
  3.097143E+00 2.064E-01
  3.097157E+00 1.499E-01
  3.097172E+00 1.119E-01
  3.097186E+00 8.550E-02
  3.097201E+00 6.646E-02
  3.097215E+00 5.240E-02
  3.097229E+00 4.178E-02
  3.097244E+00 3.361E-02
  3.097258E+00 2.723E-02
  3.097272E+00 2.217E-02
  3.097287E+00 1.812E-02
  3.097301E+00 1.482E-02
  3.097315E+00 1.211E-02
  3.097344E+00 7.925E-03
  3.097372E+00 4.636E-03
  3.097386E+00 2.886E-03
  3.097400E+00 8.121E-04
  3.097414E+00 1.999E-02
  3.097429E+00 6.529E-03
  3.097443E+00 4.399E-03
  3.097457E+00 3.362E-03
  3.097471E+00 2.690E-03
  3.097485E+00 2.203E-03
  3.097499E+00 1.831E-03
  3.097512E+00 1.540E-03
  3.097526E+00 1.311E-03
  3.097540E+00 1.131E-03
  3.097554E+00 9.908E-04
  3.097568E+00 8.834E-04
  3.097582E+00 8.040E-04
  3.097596E+00 7.485E-04
  3.097609E+00 7.136E-04
  3.097623E+00 6.966E-04
  3.097637E+00 6.952E-04
  3.097664E+00 7.326E-04
  3.097691E+00 8.142E-04
  3.097719E+00 9.320E-04
  3.097759E+00 1.165E-03
  3.097800E+00 1.455E-03
  3.097880E+00 2.128E-03
  3.097893E+00 2.199E-03
  3.097907E+00 2.181E-03
  3.097920E+00 1.956E-03
  3.097933E+00 1.190E-01
  3.097946E+00 8.418E-03
  3.097959E+00 6.462E-03
  3.097973E+00 6.458E-03
  3.097986E+00 6.976E-03
  3.097999E+00 7.872E-03
  3.098012E+00 9.211E-03
  3.098025E+00 1.119E-02
  3.098038E+00 1.422E-02
  3.098051E+00 1.911E-02
  3.098064E+00 2.768E-02
  3.098077E+00 4.465E-02
  3.098090E+00 8.530E-02
  3.098103E+00 2.233E-01
  3.098116E+00 1.316E+00
  3.098129E+00 2.751E+00
  3.098142E+00 3.539E-01
  3.098155E+00 1.332E-01
  3.098168E+00 7.296E-02
  3.098180E+00 4.820E-02
  3.098193E+00 3.564E-02
  3.098206E+00 2.841E-02
  3.098219E+00 2.389E-02
  3.098231E+00 2.091E-02
  3.098244E+00 1.885E-02
  3.098257E+00 1.741E-02
  3.098282E+00 1.564E-02
  3.098307E+00 1.478E-02
  3.098345E+00 1.446E-02
  3.098395E+00 1.518E-02
  3.098445E+00 1.702E-02
  3.098482E+00 1.928E-02
  3.098519E+00 2.268E-02
  3.098556E+00 2.796E-02
  3.098580E+00 3.324E-02
  3.098592E+00 3.670E-02
  3.098604E+00 4.093E-02
  3.098629E+00 5.277E-02
  3.098641E+00 6.125E-02
  3.098653E+00 7.237E-02
  3.098665E+00 8.735E-02
  3.098677E+00 1.081E-01
  3.098689E+00 1.381E-01
  3.098701E+00 1.829E-01
  3.098713E+00 2.534E-01
  3.098725E+00 3.693E-01
  3.098737E+00 5.629E-01
  3.098760E+00 1.112E+00
  3.098772E+00 1.031E+00
  3.098784E+00 7.253E-01
  3.098796E+00 4.734E-01
  3.098808E+00 3.175E-01
  3.098820E+00 2.242E-01
  3.098831E+00 1.664E-01
  3.098843E+00 1.290E-01
  3.098855E+00 1.036E-01
  3.098867E+00 8.585E-02
  3.098878E+00 7.296E-02
  3.098890E+00 6.338E-02
  3.098913E+00 5.048E-02
  3.098937E+00 4.258E-02
  3.098960E+00 3.755E-02
  3.098983E+00 3.430E-02
  3.099017E+00 3.150E-02
  3.099063E+00 3.017E-02
  3.099120E+00 3.101E-02
  3.099176E+00 3.410E-02
  3.099221E+00 3.841E-02
  3.099266E+00 4.501E-02
  3.099299E+00 5.224E-02
  3.099332E+00 6.259E-02
  3.099354E+00 7.217E-02
  3.099376E+00 8.506E-02
  3.099397E+00 1.031E-01
  3.099408E+00 1.149E-01
  3.099419E+00 1.294E-01
  3.099430E+00 1.475E-01
  3.099441E+00 1.705E-01
  3.099452E+00 2.004E-01
  3.099462E+00 2.404E-01
  3.099473E+00 2.957E-01
  3.099484E+00 3.754E-01
  3.099495E+00 4.964E-01
  3.099505E+00 6.928E-01
  3.099516E+00 1.040E+00
  3.099527E+00 1.717E+00
  3.099537E+00 3.134E+00
  3.099548E+00 5.307E+00
  3.099559E+00 4.786E+00
  3.099569E+00 2.488E+00
  3.099580E+00 1.263E+00
  3.099591E+00 7.109E-01
  3.099601E+00 4.388E-01
  3.099612E+00 2.901E-01
  3.099622E+00 2.019E-01
  3.099633E+00 1.459E-01
  3.099643E+00 1.087E-01
  3.099654E+00 8.284E-02
  3.099664E+00 6.432E-02
  3.099675E+00 5.068E-02
  3.099685E+00 4.042E-02
  3.099696E+00 3.255E-02
  3.099706E+00 2.641E-02
  3.099716E+00 2.157E-02
  3.099727E+00 1.769E-02
  3.099737E+00 1.455E-02
  3.099758E+00 9.847E-03
  3.099768E+00 8.054E-03
  3.099789E+00 5.086E-03
  3.099799E+00 3.584E-03
  3.099809E+00 1.149E-03
  3.099820E+00 1.095E-02
  3.099830E+00 4.905E-03
  3.099840E+00 3.593E-03
  3.099850E+00 2.860E-03
  3.099861E+00 2.348E-03
  3.099871E+00 1.960E-03
  3.099881E+00 1.655E-03
  3.099891E+00 1.414E-03
  3.099901E+00 1.221E-03
  3.099911E+00 1.069E-03
  3.099921E+00 9.499E-04
  3.099931E+00 8.593E-04
  3.099941E+00 7.930E-04
  3.099962E+00 7.204E-04
  3.099980E+00 7.110E-04
  3.103340E+00 1.340E+00
  3.109971E+00 1.180E+00
  3.109980E+00 1.301E+00
  3.122197E+00 1.063E+00
  3.134016E+00 8.939E-01
  3.149183E+00 7.334E-01
  3.167246E+00 5.970E-01
  3.187698E+00 4.884E-01
  3.210006E+00 4.047E-01
  3.239261E+00 3.279E-01
  3.273261E+00 2.662E-01
  3.314007E+00 2.142E-01
  3.355733E+00 1.757E-01
  3.372282E+00 1.693E-01
  3.380064E+00 1.747E-01
  3.384585E+00 1.850E-01
  3.387540E+00 1.978E-01
  3.390448E+00 2.194E-01
  3.391885E+00 2.359E-01
  3.393311E+00 2.584E-01
  3.394726E+00 2.901E-01
  3.396130E+00 3.366E-01
  3.397523E+00 4.077E-01
  3.398905E+00 5.210E-01
  3.400276E+00 7.016E-01
  3.401637E+00 9.493E-01
  3.402987E+00 1.127E+00
  3.404328E+00 1.057E+00
  3.405657E+00 8.729E-01
  3.406977E+00 7.398E-01
  3.408287E+00 6.797E-01
  3.409587E+00 6.750E-01
  3.410877E+00 7.131E-01
  3.412157E+00 7.900E-01
  3.413427E+00 9.078E-01
  3.414688E+00 1.074E+00
  3.415940E+00 1.301E+00
  3.417182E+00 1.606E+00
  3.418415E+00 2.007E+00
  3.419639E+00 2.516E+00
  3.422060E+00 3.769E+00
  3.423257E+00 4.325E+00
  3.424445E+00 4.635E+00
  3.425624E+00 4.616E+00
  3.426795E+00 4.316E+00
  3.430256E+00 2.932E+00
  3.431393E+00 2.544E+00
  3.432522E+00 2.220E+00
  3.433643E+00 1.954E+00
  3.434756E+00 1.736E+00
  3.436957E+00 1.407E+00
  3.439127E+00 1.178E+00
  3.441266E+00 1.014E+00
  3.444419E+00 8.437E-01
  3.447505E+00 7.291E-01
  3.451521E+00 6.272E-01
  3.456387E+00 5.485E-01
  3.462009E+00 4.988E-01
  3.466524E+00 4.906E-01
  3.470028E+00 5.147E-01
  3.472596E+00 5.625E-01
  3.475113E+00 6.490E-01
  3.477582E+00 7.853E-01
  3.481590E+00 1.082E+00
  3.482377E+00 1.109E+00
  3.483158E+00 1.107E+00
  3.484706E+00 1.021E+00
  3.487743E+00 7.738E-01
  3.489971E+00 6.513E-01
  3.492157E+00 5.757E-01
  3.495009E+00 5.156E-01
  3.499156E+00 4.684E-01
  3.505100E+00 4.403E-01
  3.512542E+00 4.412E-01
  3.518355E+00 4.694E-01
  3.522770E+00 5.200E-01
  3.525429E+00 5.758E-01
  3.527504E+00 6.468E-01
  3.529029E+00 7.277E-01
  3.530530E+00 8.515E-01
  3.531516E+00 9.754E-01
  3.532492E+00 1.157E+00
  3.532976E+00 1.281E+00
  3.533458E+00 1.438E+00
  3.533936E+00 1.640E+00
  3.534412E+00 1.905E+00
  3.534886E+00 2.261E+00
  3.535357E+00 2.750E+00
  3.535825E+00 3.437E+00
  3.536291E+00 4.415E+00
  3.536754E+00 5.794E+00
  3.537215E+00 7.620E+00
  3.537674E+00 9.602E+00
  3.538130E+00 1.082E+01
  3.538583E+00 1.039E+01
  3.539034E+00 8.684E+00
  3.539483E+00 6.780E+00
  3.539929E+00 5.237E+00
  3.540373E+00 4.120E+00
  3.540815E+00 3.338E+00
  3.541254E+00 2.789E+00
  3.541691E+00 2.400E+00
  3.542126E+00 2.120E+00
  3.542558E+00 1.918E+00
  3.542988E+00 1.772E+00
  3.543842E+00 1.596E+00
  3.544687E+00 1.529E+00
  3.545522E+00 1.548E+00
  3.546350E+00 1.653E+00
  3.547168E+00 1.873E+00
  3.547574E+00 2.044E+00
  3.547979E+00 2.270E+00
  3.548381E+00 2.564E+00
  3.548780E+00 2.939E+00
  3.549574E+00 3.863E+00
  3.549968E+00 4.260E+00
  3.550360E+00 4.452E+00
  3.550750E+00 4.408E+00
  3.551138E+00 4.267E+00
  3.551524E+00 4.319E+00
  3.551908E+00 5.205E+00
  3.552290E+00 1.027E+01
  3.552670E+00 1.151E+02
  3.553048E+00 4.727E+01
  3.553424E+00 1.047E+01
  3.553799E+00 5.965E+00
  3.554171E+00 4.555E+00
  3.554542E+00 3.959E+00
  3.554911E+00 3.687E+00
  3.555278E+00 3.580E+00
  3.555643E+00 3.577E+00
  3.556368E+00 3.776E+00
  3.557086E+00 4.196E+00
  3.557797E+00 4.833E+00
  3.558500E+00 5.704E+00
  3.559543E+00 7.437E+00
  3.560910E+00 9.988E+00
  3.561248E+00 1.125E+01
  3.561584E+00 4.960E+01
  3.561918E+00 7.052E+00
  3.562251E+00 7.146E+00
  3.562582E+00 6.742E+00
  3.563891E+00 4.369E+00
  3.564536E+00 3.409E+00
  3.565175E+00 2.677E+00
  3.565807E+00 2.132E+00
  3.566434E+00 1.727E+00
  3.567055E+00 1.423E+00
  3.567670E+00 1.193E+00
  3.568582E+00 9.441E-01
  3.569482E+00 7.723E-01
  3.570369E+00 6.511E-01
  3.571532E+00 5.411E-01
  3.572675E+00 4.697E-01
  3.574073E+00 4.157E-01
  3.575441E+00 3.890E-01
  3.577042E+00 3.847E-01
  3.578343E+00 4.035E-01
  3.579617E+00 4.471E-01
  3.580615E+00 5.072E-01
  3.581353E+00 5.738E-01
  3.582081E+00 6.672E-01
  3.582799E+00 7.995E-01
  3.583509E+00 9.883E-01
  3.584209E+00 1.258E+00
  3.584671E+00 1.499E+00
  3.585129E+00 1.799E+00
  3.585583E+00 2.172E+00
  3.586701E+00 3.333E+00
  3.586922E+00 3.493E+00
  3.587142E+00 3.561E+00
  3.587361E+00 3.519E+00
  3.587579E+00 3.370E+00
  3.588013E+00 2.866E+00
  3.588656E+00 2.045E+00
  3.589081E+00 1.623E+00
  3.589502E+00 1.308E+00
  3.589919E+00 1.078E+00
  3.590333E+00 9.089E-01
  3.590744E+00 7.842E-01
  3.591354E+00 6.561E-01
  3.591756E+00 6.019E-01
  3.592156E+00 5.746E-01
  3.592354E+00 5.777E-01
  3.592552E+00 6.073E-01
  3.592748E+00 7.228E-01
  3.592944E+00 1.665E+00
  3.593139E+00 1.045E+00
  3.593334E+00 3.088E-01
  3.593527E+00 3.047E-01
  3.594104E+00 3.112E-01
  3.595975E+00 2.985E-01
  3.597063E+00 3.096E-01
  3.597950E+00 3.391E-01
  3.598474E+00 3.716E-01
  3.598992E+00 4.230E-01
  3.599334E+00 4.744E-01
  3.599673E+00 5.483E-01
  3.599842E+00 5.978E-01
  3.600010E+00 6.591E-01
  3.600178E+00 7.364E-01
  3.600344E+00 8.355E-01
  3.600510E+00 9.656E-01
  3.600676E+00 1.141E+00
  3.600841E+00 1.384E+00
  3.601005E+00 1.735E+00
  3.601169E+00 2.261E+00
  3.601332E+00 3.085E+00
  3.601494E+00 4.410E+00
  3.601656E+00 6.449E+00
  3.601817E+00 8.748E+00
  3.601977E+00 9.096E+00
  3.602137E+00 6.790E+00
  3.602297E+00 4.323E+00
  3.602455E+00 2.727E+00
  3.602614E+00 1.795E+00
  3.602771E+00 1.241E+00
  3.602928E+00 8.977E-01
  3.603084E+00 6.740E-01
  3.603240E+00 5.223E-01
  3.603395E+00 4.154E-01
  3.603550E+00 3.377E-01
  3.603704E+00 2.795E-01
  3.603857E+00 2.348E-01
  3.604010E+00 1.997E-01
  3.604163E+00 1.714E-01
  3.604314E+00 1.482E-01
  3.604466E+00 1.287E-01
  3.604616E+00 1.122E-01
  3.604766E+00 9.813E-02
  3.604916E+00 8.629E-02
  3.605065E+00 7.698E-02
  3.605213E+00 7.127E-02
  3.605361E+00 7.184E-02
  3.605508E+00 8.551E-02
  3.605655E+00 1.313E-01
  3.605802E+00 2.742E-01
  3.605947E+00 8.356E-01
  3.606092E+00 5.720E+00
  3.606237E+00 2.857E+01
  3.606381E+00 1.494E+02
  3.606525E+00 3.688E+00
  3.606668E+00 1.460E+00
  3.606810E+00 9.099E-01
  3.606953E+00 6.703E-01
  3.607094E+00 5.384E-01
  3.607235E+00 4.560E-01
  3.607376E+00 4.006E-01
  3.607516E+00 3.627E-01
  3.607655E+00 3.391E-01
  3.607794E+00 3.325E-01
  3.607933E+00 3.552E-01
  3.608071E+00 4.462E-01
  3.608208E+00 7.329E-01
  3.608345E+00 1.711E+00
  3.608482E+00 5.312E+00
  3.608618E+00 9.486E+00
  3.608753E+00 6.053E+00
  3.608888E+00 3.839E+00
  3.609023E+00 2.897E+00
  3.609157E+00 2.474E+00
  3.609291E+00 2.299E+00
  3.609424E+00 2.272E+00
  3.609556E+00 2.363E+00
  3.609689E+00 2.571E+00
  3.609820E+00 2.926E+00
  3.609952E+00 3.486E+00
  3.610082E+00 4.329E+00
  3.610213E+00 5.426E+00
  3.610343E+00 6.042E+00
  3.610472E+00 4.684E+00
  3.610601E+00 2.434E+00
  3.610730E+00 1.094E+00
  3.610858E+00 5.261E-01
  3.610985E+00 3.093E-01
  3.611113E+00 2.343E-01
  3.611239E+00 2.144E-01
  3.611366E+00 2.142E-01
  3.611742E+00 2.277E-01
  3.612237E+00 2.260E-01
  3.613088E+00 2.155E-01
  3.613802E+00 2.202E-01
  3.614501E+00 2.396E-01
  3.615072E+00 2.698E-01
  3.615634E+00 3.188E-01
  3.616077E+00 3.789E-01
  3.616405E+00 4.422E-01
  3.616730E+00 5.270E-01
  3.617052E+00 6.388E-01
  3.617477E+00 8.310E-01
  3.618206E+00 1.222E+00
  3.618411E+00 1.366E+00
  3.618615E+00 1.585E+00
  3.618716E+00 1.797E+00
  3.618817E+00 3.041E+00
  3.618918E+00 1.839E+00
  3.619019E+00 1.659E+00
  3.619119E+00 1.694E+00
  3.619219E+00 1.689E+00
  3.619417E+00 1.561E+00
  3.619909E+00 1.037E+00
  3.620103E+00 8.715E-01
  3.620296E+00 7.430E-01
  3.620583E+00 6.042E-01
  3.620868E+00 5.106E-01
  3.621150E+00 4.466E-01
  3.621521E+00 3.913E-01
  3.621979E+00 3.536E-01
  3.622430E+00 3.408E-01
  3.622874E+00 3.509E-01
  3.623225E+00 3.803E-01
  3.623485E+00 4.225E-01
  3.623657E+00 4.669E-01
  3.623827E+00 5.337E-01
  3.623912E+00 5.812E-01
  3.623997E+00 6.446E-01
  3.624082E+00 7.354E-01
  3.624166E+00 8.846E-01
  3.624250E+00 1.223E+00
  3.624334E+00 3.739E+00
  3.624417E+00 7.951E-01
  3.624501E+00 6.886E-01
  3.624584E+00 9.296E-01
  3.624666E+00 1.214E+00
  3.624749E+00 1.587E+00
  3.624831E+00 2.118E+00
  3.624913E+00 2.921E+00
  3.624995E+00 4.171E+00
  3.625076E+00 6.072E+00
  3.625158E+00 8.535E+00
  3.625239E+00 1.140E+01
  3.625319E+00 2.541E+01
  3.625400E+00 2.280E+01
  3.625480E+00 6.540E+00
  3.625560E+00 3.363E+00
  3.625640E+00 2.122E+00
  3.625720E+00 1.477E+00
  3.625799E+00 1.092E+00
  3.625878E+00 8.428E-01
  3.625957E+00 6.723E-01
  3.626035E+00 5.506E-01
  3.626114E+00 4.608E-01
  3.626192E+00 3.926E-01
  3.626270E+00 3.397E-01
  3.626348E+00 2.977E-01
  3.626425E+00 2.638E-01
  3.626579E+00 2.127E-01
  3.626733E+00 1.761E-01
  3.626961E+00 1.354E-01
  3.627262E+00 9.037E-02
  3.627337E+00 8.121E-02
  3.627412E+00 7.569E-02
  3.627486E+00 8.047E-02
  3.627560E+00 1.186E-01
  3.627634E+00 2.972E-01
  3.627708E+00 1.559E+00
  3.627781E+00 5.370E+01
  3.627854E+00 3.523E+00
  3.627927E+00 1.225E+00
  3.628000E+00 7.193E-01
  3.628073E+00 5.163E-01
  3.628145E+00 4.103E-01
  3.628217E+00 3.464E-01
  3.628289E+00 3.054E-01
  3.628361E+00 2.807E-01
  3.628433E+00 2.727E-01
  3.628504E+00 2.895E-01
  3.628575E+00 3.526E-01
  3.628646E+00 5.046E-01
  3.628717E+00 7.944E-01
  3.628787E+00 1.171E+00
  3.628858E+00 1.417E+00
  3.628928E+00 1.444E+00
  3.629137E+00 1.220E+00
  3.629276E+00 1.166E+00
  3.629618E+00 1.194E+00
  3.629754E+00 1.123E+00
  3.629889E+00 9.663E-01
  3.630090E+00 6.885E-01
  3.630223E+00 5.442E-01
  3.630356E+00 4.435E-01
  3.630487E+00 3.778E-01
  3.630618E+00 3.381E-01
  3.630748E+00 3.189E-01
  3.630878E+00 3.209E-01
  3.630942E+00 3.332E-01
  3.631006E+00 3.583E-01
  3.631070E+00 4.067E-01
  3.631134E+00 5.022E-01
  3.631198E+00 6.927E-01
  3.631262E+00 9.280E-01
  3.631325E+00 7.451E-01
  3.631388E+00 4.432E-01
  3.631451E+00 3.092E-01
  3.631514E+00 2.559E-01
  3.631577E+00 2.333E-01
  3.631639E+00 2.238E-01
  3.631764E+00 2.209E-01
  3.631949E+00 2.327E-01
  3.632194E+00 2.647E-01
  3.632376E+00 3.013E-01
  3.632556E+00 3.523E-01
  3.632735E+00 4.221E-01
  3.632913E+00 5.142E-01
  3.633321E+00 7.659E-01
  3.633722E+00 9.197E-01
  3.633835E+00 1.007E+00
  3.633892E+00 1.078E+00
  3.633948E+00 1.186E+00
  3.634004E+00 1.483E+00
  3.634060E+00 2.323E+00
  3.634116E+00 1.170E+00
  3.634171E+00 1.239E+00
  3.634227E+00 1.276E+00
  3.634282E+00 1.281E+00
  3.634392E+00 1.205E+00
  3.634719E+00 7.853E-01
  3.634881E+00 6.375E-01
  3.635041E+00 5.380E-01
  3.635201E+00 4.723E-01
  3.635411E+00 4.199E-01
  3.635619E+00 3.957E-01
  3.635825E+00 3.952E-01
  3.636029E+00 4.215E-01
  3.636180E+00 4.683E-01
  3.636280E+00 5.215E-01
  3.636380E+00 6.058E-01
  3.636430E+00 6.669E-01
  3.636479E+00 7.480E-01
  3.636529E+00 8.590E-01
  3.636578E+00 1.017E+00
  3.636627E+00 1.255E+00
  3.636677E+00 1.638E+00
  3.636726E+00 2.314E+00
  3.636774E+00 3.629E+00
  3.636823E+00 6.155E+00
  3.636872E+00 8.396E+00
  3.636920E+00 6.711E+00
  3.636968E+00 5.403E+00
  3.637017E+00 6.729E+00
  3.637065E+00 1.036E+01
  3.637113E+00 5.567E+00
  3.637161E+00 1.801E+00
  3.637208E+00 7.323E-01
  3.637256E+00 3.908E-01
  3.637303E+00 2.885E-01
  3.637351E+00 3.044E-01
  3.637398E+00 4.229E-01
  3.637445E+00 6.892E-01
  3.637492E+00 1.224E+00
  3.637539E+00 2.192E+00
  3.637586E+00 3.269E+00
  3.637633E+00 3.195E+00
  3.637679E+00 2.278E+00
  3.637726E+00 1.524E+00
  3.637772E+00 1.058E+00
  3.637818E+00 7.760E-01
  3.637864E+00 5.970E-01
  3.637910E+00 4.777E-01
  3.637956E+00 3.945E-01
  3.638002E+00 3.342E-01
  3.638047E+00 2.890E-01
  3.638093E+00 2.542E-01
  3.638138E+00 2.268E-01
  3.638229E+00 1.864E-01
  3.638319E+00 1.583E-01
  3.638453E+00 1.285E-01
  3.638630E+00 1.001E-01
  3.638893E+00 6.342E-02
  3.639023E+00 4.383E-02
  3.639066E+00 4.008E-02
  3.639109E+00 4.424E-02
  3.639152E+00 7.524E-02
  3.639195E+00 2.200E-01
  3.639238E+00 1.207E+00
  3.639280E+00 4.082E+01
  3.639323E+00 3.491E+00
  3.639365E+00 1.156E+00
  3.639408E+00 6.667E-01
  3.639450E+00 4.764E-01
  3.639492E+00 3.818E-01
  3.639534E+00 3.317E-01
  3.639576E+00 3.116E-01
  3.639617E+00 3.220E-01
  3.639659E+00 3.739E-01
  3.639701E+00 4.832E-01
  3.639784E+00 8.135E-01
  3.639825E+00 9.111E-01
  3.639866E+00 9.324E-01
  3.639989E+00 8.744E-01
  3.640070E+00 8.785E-01
  3.640151E+00 9.328E-01
  3.640272E+00 1.065E+00
  3.640312E+00 1.094E+00
  3.640352E+00 1.094E+00
  3.640392E+00 1.057E+00
  3.640432E+00 9.816E-01
  3.640551E+00 6.604E-01
  3.640591E+00 5.661E-01
  3.640630E+00 4.877E-01
  3.640669E+00 4.247E-01
  3.640708E+00 3.749E-01
  3.640747E+00 3.361E-01
  3.640786E+00 3.059E-01
  3.640864E+00 2.646E-01
  3.640941E+00 2.412E-01
  3.641018E+00 2.305E-01
  3.641095E+00 2.315E-01
  3.641133E+00 2.377E-01
  3.641171E+00 2.497E-01
  3.641209E+00 2.715E-01
  3.641247E+00 3.113E-01
  3.641285E+00 3.846E-01
  3.641323E+00 4.944E-01
  3.641360E+00 5.201E-01
  3.641398E+00 3.968E-01
  3.641435E+00 2.987E-01
  3.641473E+00 2.521E-01
  3.641510E+00 2.316E-01
  3.641547E+00 2.232E-01
  3.641621E+00 2.226E-01
  3.641732E+00 2.396E-01
  3.641842E+00 2.706E-01
  3.641951E+00 3.163E-01
  3.642059E+00 3.800E-01
  3.642309E+00 5.739E-01
  3.642415E+00 6.253E-01
  3.642589E+00 6.564E-01
  3.642659E+00 6.906E-01
  3.642728E+00 7.615E-01
  3.642762E+00 8.165E-01
  3.642796E+00 8.919E-01
  3.642831E+00 1.020E+00
  3.642865E+00 1.967E+00
  3.642899E+00 9.076E-01
  3.642967E+00 1.005E+00
  3.643001E+00 1.019E+00
  3.643068E+00 9.736E-01
  3.643269E+00 6.576E-01
  3.643368E+00 5.431E-01
  3.643467E+00 4.667E-01
  3.643565E+00 4.181E-01
  3.643695E+00 3.840E-01
  3.643823E+00 3.781E-01
  3.643919E+00 3.938E-01
  3.644014E+00 4.352E-01
  3.644077E+00 4.873E-01
  3.644108E+00 5.257E-01
  3.644140E+00 5.767E-01
  3.644171E+00 6.458E-01
  3.644202E+00 7.423E-01
  3.644233E+00 8.819E-01
  3.644264E+00 1.092E+00
  3.644295E+00 1.421E+00
  3.644326E+00 1.941E+00
  3.644357E+00 2.676E+00
  3.644388E+00 3.295E+00
  3.644419E+00 3.141E+00
  3.644449E+00 2.477E+00
  3.644480E+00 1.958E+00
  3.644510E+00 1.730E+00
  3.644541E+00 1.764E+00
  3.644571E+00 2.086E+00
  3.644602E+00 2.864E+00
  3.644632E+00 4.389E+00
  3.644662E+00 5.668E+00
  3.644692E+00 3.751E+00
  3.644722E+00 1.703E+00
  3.644752E+00 8.009E-01
  3.644782E+00 4.232E-01
  3.644812E+00 2.536E-01
  3.644842E+00 1.773E-01
  3.644871E+00 1.525E-01
  3.644901E+00 1.674E-01
  3.644931E+00 2.295E-01
  3.644960E+00 3.725E-01
  3.644990E+00 6.840E-01
  3.645019E+00 1.345E+00
  3.645049E+00 2.322E+00
  3.645078E+00 2.423E+00
  3.645107E+00 1.663E+00
  3.645136E+00 1.073E+00
  3.645165E+00 7.361E-01
  3.645194E+00 5.416E-01
  3.645223E+00 4.218E-01
  3.645252E+00 3.431E-01
  3.645281E+00 2.886E-01
  3.645310E+00 2.492E-01
  3.645339E+00 2.196E-01
  3.645367E+00 1.968E-01
  3.645425E+00 1.639E-01
  3.645481E+00 1.414E-01
  3.645566E+00 1.179E-01
  3.645707E+00 9.062E-02
  3.645873E+00 6.113E-02
  3.646010E+00 3.236E-02
  3.646038E+00 2.940E-02
  3.646065E+00 3.483E-02
  3.646092E+00 6.930E-02
  3.646119E+00 2.306E-01
  3.646146E+00 1.408E+00
  3.646173E+00 4.291E+01
  3.646200E+00 2.955E+00
  3.646227E+00 1.059E+00
  3.646254E+00 6.293E-01
  3.646280E+00 4.610E-01
  3.646307E+00 3.832E-01
  3.646334E+00 3.541E-01
  3.646360E+00 3.663E-01
  3.646387E+00 4.260E-01
  3.646413E+00 5.371E-01
  3.646440E+00 6.748E-01
  3.646466E+00 7.807E-01
  3.646492E+00 8.209E-01
  3.646519E+00 8.132E-01
  3.646597E+00 7.515E-01
  3.646649E+00 7.583E-01
  3.646701E+00 8.126E-01
  3.646804E+00 1.010E+00
  3.646829E+00 1.033E+00
  3.646855E+00 1.015E+00
  3.646880E+00 9.519E-01
  3.646906E+00 8.516E-01
  3.646957E+00 6.220E-01
  3.646982E+00 5.238E-01
  3.647007E+00 4.440E-01
  3.647032E+00 3.816E-01
  3.647058E+00 3.336E-01
  3.647083E+00 2.970E-01
  3.647108E+00 2.693E-01
  3.647133E+00 2.483E-01
  3.647183E+00 2.206E-01
  3.647232E+00 2.060E-01
  3.647282E+00 2.011E-01
  3.647331E+00 2.060E-01
  3.647355E+00 2.138E-01
  3.647380E+00 2.277E-01
  3.647404E+00 2.519E-01
  3.647429E+00 2.935E-01
  3.647453E+00 3.515E-01
  3.647477E+00 3.751E-01
  3.647502E+00 3.229E-01
  3.647526E+00 2.658E-01
  3.647550E+00 2.341E-01
  3.647574E+00 2.195E-01
  3.647598E+00 2.139E-01
  3.647646E+00 2.157E-01
  3.647718E+00 2.347E-01
  3.647789E+00 2.678E-01
  3.647859E+00 3.161E-01
  3.647953E+00 4.044E-01
  3.648046E+00 4.941E-01
  3.648115E+00 5.268E-01
  3.648229E+00 5.351E-01
  3.648275E+00 5.581E-01
  3.648320E+00 6.105E-01
  3.648343E+00 6.512E-01
  3.648365E+00 7.043E-01
  3.648388E+00 7.759E-01
  3.648410E+00 8.983E-01
  3.648433E+00 2.011E+00
  3.648455E+00 7.714E-01
  3.648477E+00 8.267E-01
  3.648499E+00 8.624E-01
  3.648522E+00 8.712E-01
  3.648566E+00 8.284E-01
  3.648698E+00 5.661E-01
  3.648763E+00 4.735E-01
  3.648828E+00 4.126E-01
  3.648893E+00 3.751E-01
  3.648978E+00 3.523E-01
  3.649042E+00 3.536E-01
  3.649105E+00 3.745E-01
  3.649147E+00 4.047E-01
  3.649189E+00 4.574E-01
  3.649210E+00 4.974E-01
  3.649231E+00 5.517E-01
  3.649252E+00 6.269E-01
  3.649273E+00 7.340E-01
  3.649293E+00 8.901E-01
  3.649314E+00 1.120E+00
  3.649335E+00 1.447E+00
  3.649355E+00 1.834E+00
  3.649376E+00 2.083E+00
  3.649396E+00 1.978E+00
  3.649437E+00 1.369E+00
  3.649458E+00 1.208E+00
  3.649478E+00 1.170E+00
  3.649498E+00 1.253E+00
  3.649519E+00 1.487E+00
  3.649539E+00 1.964E+00
  3.649559E+00 2.849E+00
  3.649579E+00 3.991E+00
  3.649599E+00 3.688E+00
  3.649620E+00 2.042E+00
  3.649640E+00 1.003E+00
  3.649660E+00 5.305E-01
  3.649680E+00 3.117E-01
  3.649700E+00 2.048E-01
  3.649719E+00 1.529E-01
  3.649739E+00 1.331E-01
  3.649759E+00 1.382E-01
  3.649779E+00 1.712E-01
  3.649799E+00 2.486E-01
  3.649818E+00 4.148E-01
  3.649838E+00 7.802E-01
  3.649858E+00 1.531E+00
  3.649877E+00 2.281E+00
  3.649897E+00 1.882E+00
  3.649917E+00 1.191E+00
  3.649936E+00 7.756E-01
  3.649955E+00 5.474E-01
  3.649975E+00 4.144E-01
  3.649994E+00 3.311E-01
  3.650014E+00 2.755E-01
  3.650033E+00 2.364E-01
  3.650052E+00 2.077E-01
  3.650072E+00 1.859E-01
  3.650110E+00 1.552E-01
  3.650148E+00 1.347E-01
  3.650205E+00 1.135E-01
  3.650300E+00 8.951E-02
  3.650431E+00 5.893E-02
  3.650486E+00 4.306E-02
  3.650523E+00 3.144E-02
  3.650541E+00 2.649E-02
  3.650560E+00 2.479E-02
  3.650578E+00 3.370E-02
  3.650596E+00 8.025E-02
  3.650614E+00 3.040E-01
  3.650633E+00 2.291E+00
  3.650651E+00 2.463E+01
  3.650669E+00 2.226E+00
  3.650687E+00 9.284E-01
  3.650705E+00 5.865E-01
  3.650723E+00 4.506E-01
  3.650741E+00 3.970E-01
  3.650759E+00 3.975E-01
  3.650777E+00 4.507E-01
  3.650795E+00 5.555E-01
  3.650813E+00 6.824E-01
  3.650831E+00 7.730E-01
  3.650849E+00 7.987E-01
  3.650920E+00 7.033E-01
  3.650955E+00 7.010E-01
  3.650990E+00 7.447E-01
  3.651025E+00 8.325E-01
  3.651060E+00 9.405E-01
  3.651077E+00 9.765E-01
  3.651095E+00 9.774E-01
  3.651112E+00 9.304E-01
  3.651129E+00 8.396E-01
  3.651164E+00 6.094E-01
  3.651181E+00 5.080E-01
  3.651198E+00 4.261E-01
  3.651215E+00 3.626E-01
  3.651233E+00 3.146E-01
  3.651250E+00 2.785E-01
  3.651267E+00 2.515E-01
  3.651284E+00 2.313E-01
  3.651318E+00 2.050E-01
  3.651352E+00 1.912E-01
  3.651385E+00 1.861E-01
  3.651419E+00 1.889E-01
  3.651436E+00 1.944E-01
  3.651452E+00 2.041E-01
  3.651469E+00 2.206E-01
  3.651486E+00 2.478E-01
  3.651502E+00 2.844E-01
  3.651519E+00 3.039E-01
  3.651536E+00 2.789E-01
  3.651552E+00 2.431E-01
  3.651569E+00 2.206E-01
  3.651585E+00 2.098E-01
  3.651618E+00 2.062E-01
  3.651667E+00 2.207E-01
  3.651716E+00 2.492E-01
  3.651765E+00 2.918E-01
  3.651845E+00 3.910E-01
  3.651893E+00 4.459E-01
  3.651941E+00 4.693E-01
  3.652020E+00 4.678E-01
  3.652051E+00 4.852E-01
  3.652082E+00 5.281E-01
  3.652098E+00 5.617E-01
  3.652129E+00 6.619E-01
  3.652144E+00 7.419E-01
  3.652160E+00 9.271E-01
  3.652175E+00 2.871E+00
  3.652191E+00 7.098E-01
  3.652206E+00 7.596E-01
  3.652222E+00 7.815E-01
  3.652237E+00 7.806E-01
  3.652268E+00 7.311E-01
  3.652344E+00 5.338E-01
  3.652389E+00 4.465E-01
  3.652434E+00 3.885E-01
  3.652479E+00 3.527E-01
  3.652538E+00 3.312E-01
  3.652583E+00 3.332E-01
  3.652627E+00 3.547E-01
  3.652656E+00 3.863E-01
  3.652671E+00 4.104E-01
  3.652700E+00 4.862E-01
  3.652714E+00 5.462E-01
  3.652729E+00 6.303E-01
  3.652743E+00 7.502E-01
  3.652758E+00 9.209E-01
  3.652787E+00 1.410E+00
  3.652801E+00 1.575E+00
  3.652815E+00 1.525E+00
  3.652844E+00 1.125E+00
  3.652858E+00 9.991E-01
  3.652873E+00 9.542E-01
  3.652887E+00 9.889E-01
  3.652901E+00 1.116E+00
  3.652915E+00 1.378E+00
  3.652929E+00 1.868E+00
  3.652958E+00 3.408E+00
  3.652972E+00 2.686E+00
  3.652986E+00 1.439E+00
  3.653000E+00 7.376E-01
  3.653014E+00 4.116E-01
  3.653028E+00 2.554E-01
  3.653042E+00 1.773E-01
  3.653056E+00 1.391E-01
  3.653070E+00 1.251E-01
  3.653084E+00 1.301E-01
  3.653098E+00 1.565E-01
  3.653111E+00 2.162E-01
  3.653125E+00 3.402E-01
  3.653139E+00 6.071E-01
  3.653153E+00 1.185E+00
  3.653167E+00 2.031E+00
  3.653180E+00 1.995E+00
  3.653194E+00 1.294E+00
  3.653208E+00 8.180E-01
  3.653221E+00 5.611E-01
  3.653235E+00 4.162E-01
  3.653249E+00 3.280E-01
  3.653262E+00 2.705E-01
  3.653276E+00 2.309E-01
  3.653290E+00 2.022E-01
  3.653303E+00 1.807E-01
  3.653330E+00 1.509E-01
  3.653370E+00 1.236E-01
  3.653411E+00 1.060E-01
  3.653490E+00 8.129E-02
  3.653556E+00 6.102E-02
  3.653595E+00 4.637E-02
  3.653634E+00 2.956E-02
  3.653647E+00 2.451E-02
  3.653660E+00 2.209E-02
  3.653673E+00 2.821E-02
  3.653686E+00 6.358E-02
  3.653699E+00 2.262E-01
  3.653712E+00 1.403E+00
  3.653725E+00 3.885E+01
  3.653738E+00 2.909E+00
  3.653750E+00 1.052E+00
  3.653763E+00 6.343E-01
  3.653776E+00 4.808E-01
  3.653789E+00 4.263E-01
  3.653801E+00 4.357E-01
  3.653814E+00 5.041E-01
  3.653839E+00 7.357E-01
  3.653852E+00 7.949E-01
  3.653865E+00 7.921E-01
  3.653902E+00 6.931E-01
  3.653928E+00 6.688E-01
  3.653952E+00 6.899E-01
  3.653977E+00 7.558E-01
  3.654015E+00 9.081E-01
  3.654027E+00 9.395E-01
  3.654039E+00 9.332E-01
  3.654052E+00 8.781E-01
  3.654064E+00 7.817E-01
  3.654088E+00 5.549E-01
  3.654101E+00 4.602E-01
  3.654113E+00 3.854E-01
  3.654125E+00 3.286E-01
  3.654137E+00 2.862E-01
  3.654149E+00 2.547E-01
  3.654174E+00 2.140E-01
  3.654198E+00 1.917E-01
  3.654222E+00 1.803E-01
  3.654258E+00 1.771E-01
  3.654282E+00 1.850E-01
  3.654294E+00 1.942E-01
  3.654306E+00 2.093E-01
  3.654329E+00 2.578E-01
  3.654341E+00 2.629E-01
  3.654365E+00 2.198E-01
  3.654377E+00 2.068E-01
  3.654389E+00 2.012E-01
  3.654412E+00 2.021E-01
  3.654447E+00 2.190E-01
  3.654482E+00 2.490E-01
  3.654517E+00 2.925E-01
  3.654586E+00 4.018E-01
  3.654620E+00 4.312E-01
  3.654688E+00 4.266E-01
  3.654711E+00 4.409E-01
  3.654733E+00 4.781E-01
  3.654745E+00 5.076E-01
  3.654767E+00 5.950E-01
  3.654778E+00 6.606E-01
  3.654789E+00 7.748E-01
  3.654800E+00 1.994E+00
  3.654812E+00 6.370E-01
  3.654823E+00 6.893E-01
  3.654834E+00 7.200E-01
  3.654845E+00 7.272E-01
  3.654867E+00 6.918E-01
  3.654933E+00 4.806E-01
  3.654965E+00 4.066E-01
  3.654998E+00 3.583E-01
  3.655041E+00 3.234E-01
  3.655084E+00 3.155E-01
  3.655116E+00 3.291E-01
  3.655137E+00 3.521E-01
  3.655148E+00 3.700E-01
  3.655169E+00 4.261E-01
  3.655179E+00 4.700E-01
  3.655190E+00 5.307E-01
  3.655200E+00 6.155E-01
  3.655211E+00 7.347E-01
  3.655221E+00 8.972E-01
  3.655242E+00 1.270E+00
  3.655253E+00 1.319E+00
  3.655263E+00 1.215E+00
  3.655284E+00 9.236E-01
  3.655294E+00 8.530E-01
  3.655305E+00 8.438E-01
  3.655315E+00 8.993E-01
  3.655325E+00 1.037E+00
  3.655336E+00 1.300E+00
  3.655346E+00 1.776E+00
  3.655356E+00 2.516E+00
  3.655367E+00 2.968E+00
  3.655377E+00 2.157E+00
  3.655387E+00 1.144E+00
  3.655397E+00 6.011E-01
  3.655407E+00 3.462E-01
  3.655418E+00 2.226E-01
  3.655428E+00 1.605E-01
  3.655438E+00 1.306E-01
  3.655448E+00 1.208E-01
  3.655458E+00 1.271E-01
  3.655468E+00 1.519E-01
  3.655478E+00 2.051E-01
  3.655489E+00 3.125E-01
  3.655499E+00 5.387E-01
  3.655509E+00 1.029E+00
  3.655519E+00 1.852E+00
  3.655536E+00 1.550E+00
  3.665526E+00 6.834E-01
  3.665536E+00 5.289E-01
  3.690479E+00 3.698E-01
  3.715423E+00 2.919E-01
  3.740366E+00 2.512E-01
  3.765309E+00 2.287E-01
  3.790253E+00 2.158E-01
  3.840139E+00 2.055E-01
  3.964856E+00 2.075E-01
  4.214289E+00 2.310E-01
  4.388892E+00 2.337E-01
  4.738098E+00 2.123E-01
  5.611114E+00 1.467E-01
  6.109980E+00 1.180E-01
  6.233411E+00 1.111E-01
  6.359331E+00 1.047E-01
  6.487798E+00 9.856E-02
  6.618862E+00 9.282E-02
  6.752573E+00 8.742E-02
  6.888982E+00 8.233E-02
  7.028146E+00 7.753E-02
  7.170125E+00 7.302E-02
  7.314971E+00 6.876E-02
  7.462748E+00 6.476E-02
  7.613503E+00 6.099E-02
  7.767303E+00 5.744E-02
  7.924217E+00 5.409E-02
  8.084294E+00 5.094E-02
  8.247606E+00 4.798E-02
  8.414222E+00 4.518E-02
  8.584199E+00 4.255E-02
  8.757614E+00 4.007E-02
  8.934525E+00 3.774E-02
  9.115021E+00 3.554E-02
  9.299151E+00 3.347E-02
  9.487006E+00 3.152E-02
  9.678659E+00 2.969E-02
  9.874182E+00 2.796E-02
  1.007365E+01 2.633E-02
  1.027715E+01 2.480E-02
  1.048477E+01 2.335E-02
  1.069657E+01 2.199E-02
  1.091266E+01 2.071E-02
  1.113311E+01 1.951E-02
  1.135801E+01 1.837E-02
  1.158746E+01 1.730E-02
  1.182154E+01 1.629E-02
  1.206035E+01 1.534E-02
  1.230399E+01 1.445E-02
  1.255254E+01 1.361E-02
  1.280612E+01 1.282E-02
  1.306482E+01 1.207E-02
  1.332875E+01 1.137E-02
  1.359801E+01 1.070E-02
  1.387270E+01 1.008E-02
  1.415296E+01 9.494E-03
  1.443886E+01 8.941E-03
  1.473054E+01 8.421E-03
  1.502813E+01 7.930E-03
  1.533171E+01 7.468E-03
  1.564143E+01 7.034E-03
  1.595741E+01 6.624E-03
  1.627977E+01 6.238E-03
  1.660864E+01 5.875E-03
  1.694415E+01 5.533E-03
  1.728645E+01 5.211E-03
  1.763565E+01 4.907E-03
  1.799193E+01 4.621E-03
  1.835538E+01 4.352E-03
  1.872618E+01 4.099E-03
  1.910448E+01 3.860E-03
  1.949042E+01 3.635E-03
  1.988414E+01 3.424E-03
  2.028583E+01 3.224E-03
  2.069562E+01 3.036E-03
  2.111372E+01 2.860E-03
  2.154024E+01 2.693E-03
  2.197539E+01 2.536E-03
  2.241930E+01 2.389E-03
  2.287222E+01 2.249E-03
  2.333424E+01 2.118E-03