  1.561969E-02 1.050E+02
  1.562966E-02 1.093E+02
  6.691438E-02 3.100E+00
  1.168952E-01 6.297E-01
  1.656159E-01 2.142E-01
  2.131185E-01 9.374E-02
  2.594434E-01 4.766E-02
  3.046290E-01 2.683E-02
  3.487125E-01 1.633E-02
  3.917295E-01 1.059E-02
  4.337139E-01 7.230E-03
  4.746987E-01 5.148E-03
  5.147154E-01 3.784E-03
  5.537940E-01 2.847E-03
  5.919639E-01 2.178E-03
  6.292528E-01 1.689E-03
  6.656878E-01 1.325E-03
  7.012947E-01 1.052E-03
  7.360984E-01 8.463E-04
  7.701228E-01 6.906E-04
  8.033912E-01 5.722E-04
  8.359256E-01 4.816E-04
  8.677476E-01 4.115E-04
  8.988777E-01 3.562E-04
  9.293360E-01 3.119E-04
  9.883129E-01 2.446E-04
  1.044824E+00 1.944E-04
  1.125261E+00 1.373E-04
  1.176180E+00 1.080E-04
  1.225070E+00 8.463E-05
  1.272036E+00 6.665E-05
  1.317178E+00 5.323E-05
  1.360589E+00 4.346E-05
  1.402357E+00 3.649E-05
  1.442564E+00 3.156E-05
  1.500113E+00 2.675E-05
  1.572060E+00 2.290E-05
  1.701393E+00 1.704E-05
  1.877324E+00 7.075E-06
  1.924382E+00 4.867E-06
  1.957787E+00 3.596E-06
  1.989681E+00 2.626E-06
  2.010150E+00 2.123E-06
  2.030011E+00 1.718E-06
  2.049290E+00 1.397E-06
  2.068009E+00 1.147E-06
  2.086189E+00 9.559E-07
  2.103851E+00 8.147E-07
  2.121014E+00 7.153E-07
  2.137697E+00 6.514E-07
  2.153918E+00 6.176E-07
  2.177419E+00 6.152E-07
  2.199971E+00 6.617E-07
  2.221626E+00 7.501E-07
  2.242429E+00 8.749E-07
  2.268919E+00 1.091E-06
  2.300160E+00 1.432E-06
  2.329480E+00 1.843E-06
  2.362346E+00 2.429E-06
  2.392905E+00 3.138E-06
  2.421370E+00 4.019E-06
  2.443626E+00 4.952E-06
  2.464654E+00 6.162E-06
  2.480653E+00 7.422E-06
  2.495965E+00 9.063E-06
  2.510629E+00 1.126E-05
  2.521223E+00 1.342E-05
  2.531488E+00 1.623E-05
  2.541436E+00 1.993E-05
  2.551081E+00 2.493E-05
  2.557348E+00 2.929E-05
  2.563489E+00 3.481E-05
  2.569508E+00 4.190E-05
  2.575407E+00 5.120E-05
  2.581190E+00 6.370E-05
  2.584039E+00 7.160E-05
  2.586860E+00 8.097E-05
  2.589653E+00 9.217E-05
  2.592419E+00 1.057E-04
  2.595158E+00 1.223E-04
  2.597871E+00 1.427E-04
  2.600558E+00 1.685E-04
  2.603219E+00 2.015E-04
  2.605854E+00 2.445E-04
  2.608464E+00 3.022E-04
  2.611049E+00 3.816E-04
  2.613610E+00 4.952E-04
  2.616146E+00 6.652E-04
  2.618659E+00 9.352E-04
  2.621148E+00 1.400E-03
  2.623613E+00 2.300E-03
  2.626056E+00 4.377E-03
  2.628476E+00 1.085E-02
  2.630873E+00 4.369E-02
  2.633248E+00 5.644E-02
  2.635601E+00 1.356E-02
  2.637933E+00 5.317E-03
  2.640243E+00 2.795E-03
  2.642532E+00 1.724E-03
  2.644800E+00 1.173E-03
  2.647047E+00 8.536E-04
  2.649275E+00 6.515E-04
  2.651482E+00 5.155E-04
  2.653669E+00 4.195E-04
  2.655836E+00 3.492E-04
  2.657984E+00 2.961E-04
  2.660113E+00 2.549E-04
  2.662223E+00 2.224E-04
  2.664314E+00 1.963E-04
  2.666387E+00 1.749E-04
  2.670478E+00 1.423E-04
  2.674497E+00 1.190E-04
  2.680396E+00 9.475E-05
  2.686143E+00 7.833E-05
  2.691743E+00 6.670E-05
  2.698991E+00 5.584E-05
  2.707713E+00 4.682E-05
  2.717713E+00 3.989E-05
  2.730305E+00 3.436E-05
  2.744954E+00 3.070E-05
  2.762369E+00 2.880E-05
  2.781590E+00 2.900E-05
  2.796668E+00 3.108E-05
  2.805604E+00 3.417E-05
  2.810335E+00 3.770E-05
  2.813097E+00 4.168E-05
  2.814907E+00 4.632E-05
  2.815803E+00 4.990E-05
  2.816693E+00 5.503E-05
  2.817577E+00 6.302E-05
  2.818456E+00 7.694E-05
  2.819328E+00 1.063E-04
  2.820195E+00 1.957E-04
  2.821056E+00 1.041E-03
  2.821911E+00 8.535E-04
  2.822761E+00 6.408E-05
  2.823605E+00 2.429E-05
  2.824443E+00 1.806E-05
  2.825276E+00 1.736E-05
  2.826926E+00 1.882E-05
  2.830958E+00 2.266E-05
  2.836390E+00 2.572E-05
  2.846557E+00 2.886E-05
  2.865628E+00 3.247E-05
  2.869613E+00 3.490E-05
  2.871819E+00 3.787E-05
  2.873441E+00 4.162E-05
  2.875035E+00 4.765E-05
  2.876083E+00 5.368E-05
  2.877120E+00 6.217E-05
  2.878145E+00 7.431E-05
  2.878653E+00 8.231E-05
  2.879159E+00 9.202E-05
  2.879662E+00 1.039E-04
  2.880161E+00 1.185E-04
  2.880659E+00 1.366E-04
  2.881153E+00 1.593E-04
  2.881645E+00 1.880E-04
  2.882134E+00 2.248E-04
  2.882620E+00 2.726E-04
  2.883104E+00 3.359E-04
  2.883585E+00 4.213E-04
  2.884063E+00 5.392E-04
  2.884539E+00 7.070E-04
  2.885012E+00 9.546E-04
  2.885483E+00 1.337E-03
  2.885951E+00 1.964E-03
  2.886417E+00 3.082E-03
  2.886880E+00 5.320E-03
  2.887341E+00 1.068E-02
  2.887799E+00 2.790E-02
  2.888254E+00 1.044E-01
  2.888708E+00 9.824E-02
  2.889159E+00 2.989E-02
  2.889607E+00 1.322E-02
  2.890053E+00 7.489E-03
  2.890497E+00 4.899E-03
  2.890938E+00 3.510E-03
  2.891377E+00 2.676E-03
  2.891814E+00 2.135E-03
  2.892249E+00 1.762E-03
  2.892681E+00 1.493E-03
  2.893111E+00 1.292E-03
  2.893538E+00 1.139E-03
  2.893964E+00 1.018E-03
  2.894808E+00 8.422E-04
  2.895643E+00 7.234E-04
  2.896880E+00 6.085E-04
  2.897694E+00 5.626E-04
  2.898098E+00 5.504E-04
  2.898500E+00 5.533E-04
  2.898900E+00 6.177E-04
  2.899298E+00 1.889E-02
  2.899693E+00 3.838E-04
  2.900868E+00 3.824E-04
  2.904659E+00 3.340E-04
  2.908264E+00 3.132E-04
  2.912031E+00 3.134E-04
  2.915286E+00 3.345E-04
  2.917166E+00 3.638E-04
  2.918390E+00 3.985E-04
  2.919294E+00 4.413E-04
  2.919889E+00 4.853E-04
  2.920478E+00 5.538E-04
  2.920771E+00 6.043E-04
  2.921063E+00 6.740E-04
  2.921353E+00 7.771E-04
  2.921641E+00 9.552E-04
  2.921929E+00 1.117E-01
  2.922215E+00 1.441E-03
  2.922500E+00 2.550E-03
  2.922783E+00 7.194E-03
  2.923065E+00 7.393E-01
  2.923346E+00 5.682E-03
  2.923626E+00 9.475E-04
  2.923904E+00 3.219E-04
  2.924182E+00 1.644E-04
  2.924457E+00 1.172E-04
  2.924732E+00 1.050E-04
  2.925005E+00 1.057E-04
  2.925549E+00 1.189E-04
  2.926885E+00 1.562E-04
  2.928450E+00 1.883E-04
  2.931213E+00 2.265E-04
  2.937464E+00 2.850E-04
  2.941858E+00 3.115E-04
  2.943629E+00 3.075E-04
  2.944774E+00 2.881E-04
  2.945892E+00 2.470E-04
  2.946076E+00 2.460E-04
  2.946259E+00 2.606E-04
  2.946441E+00 3.210E-04
  2.946623E+00 5.330E-04
  2.946804E+00 1.383E-03
  2.946984E+00 5.854E-03
  2.947163E+00 1.112E-02
  2.947342E+00 4.839E-03
  2.947520E+00 2.684E-03
  2.947697E+00 1.879E-03
  2.947874E+00 1.493E-03
  2.948050E+00 1.276E-03
  2.948225E+00 1.142E-03
  2.948400E+00 1.053E-03
  2.948747E+00 9.499E-04
  2.949263E+00 8.888E-04
  2.949773E+00 8.924E-04
  2.950110E+00 9.310E-04
  2.950444E+00 1.019E-03
  2.950610E+00 1.099E-03
  2.950775E+00 1.227E-03
  2.950940E+00 1.456E-03
  2.951104E+00 1.946E-03
  2.951268E+00 3.486E-03
  2.951431E+00 2.088E-02
  2.951593E+00 8.224E-03
  2.951755E+00 8.232E-04
  2.951916E+00 4.230E-04
  2.952076E+00 3.846E-04
  2.952236E+00 4.030E-04
  2.952395E+00 4.360E-04
  2.952554E+00 4.829E-04
  2.952712E+00 5.900E-04
  2.952870E+00 9.451E-03
  2.953027E+00 3.777E-04
  2.953183E+00 4.169E-04
  2.953494E+00 4.612E-04
  2.954109E+00 5.052E-04
  2.955459E+00 5.521E-04
  2.956766E+00 5.623E-04
  2.957473E+00 5.400E-04
  2.957891E+00 5.023E-04
  2.958168E+00 4.554E-04
  2.958305E+00 4.210E-04
  2.958442E+00 3.764E-04
  2.958579E+00 3.220E-04
  2.958715E+00 2.798E-04
  2.958850E+00 4.997E-04
  2.958985E+00 1.089E-02
  2.959120E+00 1.291E-02
  2.959254E+00 3.373E-03
  2.959388E+00 2.123E-03
  2.959521E+00 1.678E-03
  2.959653E+00 1.459E-03
  2.959785E+00 1.331E-03
  2.959917E+00 1.249E-03
  2.960179E+00 1.153E-03
  2.960698E+00 1.071E-03
  2.961713E+00 1.036E-03
  2.962579E+00 1.016E-03
  2.962701E+00 9.978E-04
  2.962822E+00 9.574E-04
  2.962943E+00 8.298E-04
  2.963064E+00 1.020E-02
  2.963184E+00 1.402E-03
  2.963304E+00 1.264E-03
  2.963543E+00 1.206E-03
  2.964249E+00 1.211E-03
  2.966062E+00 1.360E-03
  2.967677E+00 1.581E-03
  2.968912E+00 1.849E-03
  2.969808E+00 2.161E-03
  2.970391E+00 2.481E-03
  2.970868E+00 2.894E-03
  2.971151E+00 3.264E-03
  2.971431E+00 3.810E-03
  2.971616E+00 4.349E-03
  2.971800E+00 5.143E-03
  2.971891E+00 5.699E-03
  2.971983E+00 6.423E-03
  2.972074E+00 7.400E-03
  2.972165E+00 8.779E-03
  2.972255E+00 1.084E-02
  2.972345E+00 1.419E-02
  2.972435E+00 2.027E-02
  2.972525E+00 3.333E-02
  2.972614E+00 6.970E-02
  2.972703E+00 1.883E-01
  2.972792E+00 1.392E-01
  2.972880E+00 3.919E-02
  2.972969E+00 1.521E-02
  2.973057E+00 7.737E-03
  2.973144E+00 4.818E-03
  2.973232E+00 3.573E-03
  2.973319E+00 3.112E-03
  2.973406E+00 3.149E-03
  2.973492E+00 3.708E-03
  2.973579E+00 5.296E-03
  2.973665E+00 1.093E-02
  2.973751E+00 1.007E-01
  2.973836E+00 1.747E-02
  2.973921E+00 1.168E-03
  2.974006E+00 1.117E-04
  2.974091E+00 2.180E-05
  2.974176E+00 8.818E-05
  2.974428E+00 3.737E-04
  2.974677E+00 6.218E-04
  2.974925E+00 8.581E-04
  2.975089E+00 1.049E-03
  2.975170E+00 1.179E-03
  2.975251E+00 1.366E-03
  2.975332E+00 1.696E-03
  2.975413E+00 2.553E-03
  2.975494E+00 9.568E-03
  2.975574E+00 2.528E-03
  2.975654E+00 3.806E-04
  2.975813E+00 6.125E-04
  2.975893E+00 7.021E-04
  2.976051E+00 8.280E-04
  2.976286E+00 9.477E-04
  2.976596E+00 1.040E-03
  2.976902E+00 1.062E-03
  2.977054E+00 1.028E-03
  2.977130E+00 9.860E-04
  2.977205E+00 9.083E-04
  2.977281E+00 7.526E-04
  2.977356E+00 4.655E-04
  2.977430E+00 7.812E-03
  2.977505E+00 2.244E-03
  2.977579E+00 1.755E-03
  2.977653E+00 1.569E-03
  2.977801E+00 1.378E-03
  2.978093E+00 1.091E-03
  2.978166E+00 1.036E-03
  2.978238E+00 1.054E-03
  2.978311E+00 1.375E-03
  2.978383E+00 3.241E-03
  2.978454E+00 2.149E-02
  2.978526E+00 1.066E+00
  2.978597E+00 2.882E-02
  2.978668E+00 1.228E-02
  2.978739E+00 8.106E-03
  2.978810E+00 6.345E-03
  2.978881E+00 5.409E-03
  2.978951E+00 4.842E-03
  2.979021E+00 4.469E-03
  2.979161E+00 4.022E-03
  2.979369E+00 3.696E-03
  2.979712E+00 3.493E-03
  2.980515E+00 3.377E-03
  2.980646E+00 3.280E-03
  2.980711E+00 3.178E-03
  2.980776E+00 2.989E-03
  2.980841E+00 2.583E-03
  2.980906E+00 1.512E-03
  2.980971E+00 1.497E-02
  2.981035E+00 6.086E-03
  2.981099E+00 5.147E-03
  2.981163E+00 4.819E-03
  2.981291E+00 4.588E-03
  2.981607E+00 4.554E-03
  2.982287E+00 4.978E-03
  2.983064E+00 5.826E-03
  2.983701E+00 6.909E-03
  2.984208E+00 8.254E-03
  2.984540E+00 9.591E-03
  2.984812E+00 1.121E-02
  2.985027E+00 1.310E-02
  2.985187E+00 1.514E-02
  2.985346E+00 1.810E-02
  2.985451E+00 2.094E-02
  2.985555E+00 2.500E-02
  2.985608E+00 2.773E-02
  2.985659E+00 3.116E-02
  2.985711E+00 3.557E-02
  2.985763E+00 4.143E-02
  2.985814E+00 4.949E-02
  2.985866E+00 6.109E-02
  2.985917E+00 7.885E-02
  2.985968E+00 1.083E-01
  2.986019E+00 1.631E-01
  2.986070E+00 2.843E-01
  2.986121E+00 6.308E-01
  2.986172E+00 1.761E+00
  2.986222E+00 1.332E+00
  2.986272E+00 4.081E-01
  2.986323E+00 1.676E-01
  2.986373E+00 8.718E-02
  2.986423E+00 5.316E-02
  2.986473E+00 3.671E-02
  2.986522E+00 2.844E-02
  2.986572E+00 2.485E-02
  2.986621E+00 2.497E-02
  2.986671E+00 3.006E-02
  2.986720E+00 4.762E-02
  2.986769E+00 1.368E-01
  2.986818E+00 3.761E+02
  2.986867E+00 7.488E-02
  2.986915E+00 1.297E-02
  2.986964E+00 3.793E-03
  2.987012E+00 1.291E-03
  2.987061E+00 4.528E-04
  2.987109E+00 1.767E-04
  2.987157E+00 1.260E-04
  2.987205E+00 1.757E-04
  2.987253E+00 2.723E-04
  2.987301E+00 3.909E-04
  2.987538E+00 1.026E-03
  2.987678E+00 1.340E-03
  2.987771E+00 1.473E-03
  2.987818E+00 1.472E-03
  2.987864E+00 1.291E-03
  2.987910E+00 3.730E-02
  2.987956E+00 2.832E-03
  2.988002E+00 2.500E-03
  2.988048E+00 2.445E-03
  2.988366E+00 2.530E-03
  2.988501E+00 2.399E-03
  2.988590E+00 2.151E-03
  2.988634E+00 1.939E-03
  2.988678E+00 1.636E-03
  2.988723E+00 1.200E-03
  2.988767E+00 6.521E-04
  2.988811E+00 1.642E-03
  2.988855E+00 6.994E+00
  2.988898E+00 2.385E-02
  2.988942E+00 1.126E-02
  2.988985E+00 8.164E-03
  2.989029E+00 6.795E-03
  2.989072E+00 6.030E-03
  2.989115E+00 5.569E-03
  2.989159E+00 5.343E-03
  2.989202E+00 5.421E-03
  2.989244E+00 6.104E-03
  2.989287E+00 8.356E-03
  2.989330E+00 1.585E-02
  2.989373E+00 5.012E-02
  2.989415E+00 5.576E-01
  2.989457E+00 8.357E-01
  2.989500E+00 1.205E-01
  2.989542E+00 5.717E-02
  2.989584E+00 3.784E-02
  2.989626E+00 2.913E-02
  2.989668E+00 2.436E-02
  2.989710E+00 2.142E-02
  2.989751E+00 1.947E-02
  2.989834E+00 1.711E-02
  2.989958E+00 1.536E-02
  2.990122E+00 1.437E-02
  2.990445E+00 1.391E-02
  2.990722E+00 1.366E-02
  2.990839E+00 1.290E-02
  2.990878E+00 1.229E-02
  2.990917E+00 1.126E-02
  2.990956E+00 9.319E-03
  2.990995E+00 6.253E-03
  2.991033E+00 3.749E-01
  2.991072E+00 3.729E-02
  2.991110E+00 2.693E-02
  2.991149E+00 2.380E-02
  2.991187E+00 2.239E-02
  2.991263E+00 2.126E-02
  2.991415E+00 2.098E-02
  2.991713E+00 2.242E-02
  2.992115E+00 2.610E-02
  2.992471E+00 3.111E-02
  2.992751E+00 3.689E-02
  2.992991E+00 4.418E-02
  2.993160E+00 5.161E-02
  2.993328E+00 6.232E-02
  2.993460E+00 7.507E-02
  2.993559E+00 8.899E-02
  2.993624E+00 1.017E-01
  2.993690E+00 1.188E-01
  2.993754E+00 1.428E-01
  2.993787E+00 1.587E-01
  2.993819E+00 1.785E-01
  2.993851E+00 2.036E-01
  2.993883E+00 2.362E-01
  2.993915E+00 2.799E-01
  2.993947E+00 3.407E-01
  2.993979E+00 4.295E-01
  2.994011E+00 5.677E-01
  2.994043E+00 8.016E-01
  2.994074E+00 1.249E+00
  2.994106E+00 2.271E+00
  2.994137E+00 5.331E+00
  2.994169E+00 1.449E+01
  2.994232E+00 2.840E+00
  2.994263E+00 1.234E+00
  2.994294E+00 6.668E-01
  2.994325E+00 4.164E-01
  2.994356E+00 2.906E-01
  2.994387E+00 2.244E-01
  2.994418E+00 1.925E-01
  2.994449E+00 1.872E-01
  2.994480E+00 2.148E-01
  2.994511E+00 3.164E-01
  2.994541E+00 7.598E-01
  2.994572E+00 1.520E+01
  2.994602E+00 1.230E+00
  2.994633E+00 1.823E-01
  2.994663E+00 5.936E-02
  2.994693E+00 2.555E-02
  2.994724E+00 1.268E-02
  2.994754E+00 6.897E-03
  2.994784E+00 4.069E-03
  2.994814E+00 2.656E-03
  2.994844E+00 1.987E-03
  2.994874E+00 1.734E-03
  2.994904E+00 1.724E-03
  2.994934E+00 1.856E-03
  2.995052E+00 2.785E-03
  2.995082E+00 2.950E-03
  2.995111E+00 3.015E-03
  2.995140E+00 2.923E-03
  2.995170E+00 2.572E-03
  2.995199E+00 1.798E-03
  2.995228E+00 5.380E-04
  2.995257E+00 1.157E-02
  2.995286E+00 1.310E-01
  2.995315E+00 2.976E-02
  2.995344E+00 2.004E-02
  2.995373E+00 1.679E-02
  2.995402E+00 1.525E-02
  2.995459E+00 1.376E-02
  2.995573E+00 1.175E-02
  2.995602E+00 1.104E-02
  2.995630E+00 1.012E-02
  2.995658E+00 8.929E-03
  2.995686E+00 7.377E-03
  2.995715E+00 5.368E-03
  2.995743E+00 2.903E-03
  2.995771E+00 8.114E-04
  2.995799E+00 7.574E-03
  2.995826E+00 2.367E-01
  2.995854E+00 1.048E+00
  2.995882E+00 1.703E-01
  2.995910E+00 9.443E-02
  2.995937E+00 7.011E-02
  2.995965E+00 5.929E-02
  2.995993E+00 5.454E-02
  2.996020E+00 5.431E-02
  2.996048E+00 5.989E-02
  2.996075E+00 7.690E-02
  2.996102E+00 1.239E-01
  2.996129E+00 2.793E-01
  2.996157E+00 1.148E+00
  2.996184E+00 1.115E+02
  2.996211E+00 2.972E+00
  2.996238E+00 8.234E-01
  2.996265E+00 4.435E-01
  2.996292E+00 3.059E-01
  2.996319E+00 2.391E-01
  2.996345E+00 2.012E-01
  2.996372E+00 1.774E-01
  2.996399E+00 1.614E-01
  2.996452E+00 1.422E-01
  2.996505E+00 1.318E-01
  2.996610E+00 1.230E-01
  2.996767E+00 1.219E-01
  2.997049E+00 1.287E-01
  2.997124E+00 1.250E-01
  2.997149E+00 1.212E-01
  2.997175E+00 1.143E-01
  2.997200E+00 1.022E-01
  2.997225E+00 8.066E-02
  2.997249E+00 9.262E-02
  2.997274E+00 2.645E+00
  2.997299E+00 4.479E-01
  2.997324E+00 3.184E-01
  2.997349E+00 2.785E-01
  2.997373E+00 2.613E-01
  2.997423E+00 2.492E-01
  2.997520E+00 2.533E-01
  2.997666E+00 2.818E-01
  2.997833E+00 3.343E-01
  2.997998E+00 4.094E-01
  2.998138E+00 4.985E-01
  2.998276E+00 6.218E-01
  2.998389E+00 7.643E-01
  2.998480E+00 9.175E-01
  2.998569E+00 1.123E+00
  2.998636E+00 1.327E+00
  2.998702E+00 1.595E+00
  2.998768E+00 1.955E+00
  2.998812E+00 2.271E+00
  2.998877E+00 2.919E+00
  2.998920E+00 3.528E+00
  2.998942E+00 3.910E+00
  2.998985E+00 4.898E+00
  2.999006E+00 5.548E+00
  2.999027E+00 6.343E+00
  2.999049E+00 7.332E+00
  2.999070E+00 8.585E+00
  2.999091E+00 1.021E+01
  2.999113E+00 1.237E+01
  2.999134E+00 1.533E+01
  2.999155E+00 1.955E+01
  2.999176E+00 2.589E+01
  2.999197E+00 3.602E+01
  2.999218E+00 5.374E+01
  2.999239E+00 8.883E+01
  2.999260E+00 1.727E+02
  2.999281E+00 4.367E+02
  2.999302E+00 1.204E+03
  2.999323E+00 6.853E+02
  2.999344E+00 2.400E+02
  2.999364E+00 1.130E+02
  2.999385E+00 6.571E+01
  2.999406E+00 4.399E+01
  2.999427E+00 3.283E+01
  2.999447E+00 2.703E+01
  2.999468E+00 2.467E+01
  2.999488E+00 2.546E+01
  2.999509E+00 3.098E+01
  2.999529E+00 4.836E+01
  2.999550E+00 1.217E+02
  2.999570E+00 1.981E+03
  2.999590E+00 3.067E+02
  2.999611E+00 4.808E+01
  2.999631E+00 1.796E+01
  2.999651E+00 9.165E+00
  2.999671E+00 5.518E+00
  2.999691E+00 3.693E+00
  2.999711E+00 2.676E+00
  2.999731E+00 2.078E+00
  2.999751E+00 1.730E+00
  2.999771E+00 1.551E+00
  2.999791E+00 1.505E+00
  2.999811E+00 1.582E+00
  2.999831E+00 1.793E+00
  2.999851E+00 2.166E+00
  2.999871E+00 2.765E+00
  2.999891E+00 3.699E+00
  2.999910E+00 5.181E+00
  2.999930E+00 7.629E+00
  2.999950E+00 1.197E+01
  2.999969E+00 2.059E+01
  2.999989E+00 4.110E+01
  3.000008E+00 1.103E+02
  3.000028E+00 7.083E+02
  3.000047E+00 3.225E+03
  3.000067E+00 2.005E+02
  3.000086E+00 6.697E+01
  3.000106E+00 3.346E+01
  3.000125E+00 2.007E+01
  3.000144E+00 1.333E+01
  3.000163E+00 9.428E+00
  3.000183E+00 6.941E+00
  3.000202E+00 5.240E+00
  3.000221E+00 4.008E+00
  3.000240E+00 3.071E+00
  3.000259E+00 2.327E+00
  3.000278E+00 1.713E+00
  3.000297E+00 1.188E+00
  3.000316E+00 7.256E-01
  3.000335E+00 3.236E-01
  3.000354E+00 3.792E-02
  3.000373E+00 2.002E-01
  3.000392E+00 3.321E+00
  3.000410E+00 8.868E+01
  3.000429E+00 8.175E+01
  3.000448E+00 1.647E+01
  3.000467E+00 8.518E+00
  3.000485E+00 5.827E+00
  3.000504E+00 4.611E+00
  3.000522E+00 4.078E+00
  3.000541E+00 4.058E+00
  3.000559E+00 4.701E+00
  3.000578E+00 6.708E+00
  3.000596E+00 1.288E+01
  3.000615E+00 4.098E+01
  3.000633E+00 7.870E+02
  3.000652E+00 1.860E+02
  3.000670E+00 3.552E+01
  3.000688E+00 1.617E+01
  3.000706E+00 9.877E+00
  3.000725E+00 6.980E+00
  3.000743E+00 5.370E+00
  3.000761E+00 4.361E+00
  3.000779E+00 3.676E+00
  3.000797E+00 3.182E+00
  3.000815E+00 2.810E+00
  3.000833E+00 2.518E+00
  3.000869E+00 2.091E+00
  3.000905E+00 1.791E+00
  3.000958E+00 1.477E+00
  3.001029E+00 1.194E+00
  3.001099E+00 9.966E-01
  3.001221E+00 7.442E-01
  3.001290E+00 6.068E-01
  3.001324E+00 5.161E-01
  3.001342E+00 4.541E-01
  3.001359E+00 3.700E-01
  3.001376E+00 2.718E-01
  3.001393E+00 2.597E+00
  3.001410E+00 3.797E+00
  3.001426E+00 1.471E+00
  3.001443E+00 1.080E+00
  3.001460E+00 9.205E-01
  3.001477E+00 8.315E-01
  3.001494E+00 7.729E-01
  3.001527E+00 6.974E-01
  3.001594E+00 6.112E-01
  3.001693E+00 5.374E-01
  3.001840E+00 4.732E-01
  3.002017E+00 4.338E-01
  3.002174E+00 4.279E-01
  3.002298E+00 4.499E-01
  3.002390E+00 4.933E-01
  3.002451E+00 5.457E-01
  3.002496E+00 6.069E-01
  3.002541E+00 7.002E-01
  3.002571E+00 7.921E-01
  3.002601E+00 9.239E-01
  3.002616E+00 1.013E+00
  3.002645E+00 1.265E+00
  3.002660E+00 1.451E+00
  3.002675E+00 1.701E+00
  3.002689E+00 2.051E+00
  3.002704E+00 2.565E+00
  3.002719E+00 3.370E+00
  3.002733E+00 4.745E+00
  3.002748E+00 7.403E+00
  3.002763E+00 1.360E+01
  3.002777E+00 3.251E+01
  3.002792E+00 8.216E+01
  3.002806E+00 4.186E+01
  3.002821E+00 1.382E+01
  3.002835E+00 6.117E+00
  3.002850E+00 3.322E+00
  3.002864E+00 2.068E+00
  3.002879E+00 1.429E+00
  3.002893E+00 1.085E+00
  3.002907E+00 9.094E-01
  3.002922E+00 8.586E-01
  3.002936E+00 9.529E-01
  3.002950E+00 1.357E+00
  3.002965E+00 3.129E+00
  3.002979E+00 4.884E+01
  3.002993E+00 6.335E+00
  3.003007E+00 9.268E-01
  3.003021E+00 3.199E-01
  3.003036E+00 1.504E-01
  3.003050E+00 8.312E-02
  3.003064E+00 5.073E-02
  3.003078E+00 3.315E-02
  3.003092E+00 2.283E-02
  3.003106E+00 1.644E-02
  3.003120E+00 1.232E-02
  3.003134E+00 9.603E-03
  3.003148E+00 7.763E-03
  3.003162E+00 6.486E-03
  3.003176E+00 5.560E-03
  3.003203E+00 4.216E-03
  3.003217E+00 3.595E-03
  3.003231E+00 2.898E-03
  3.003245E+00 2.057E-03
  3.003259E+00 1.072E-03
  3.003272E+00 3.493E-04
  3.003286E+00 3.659E-03
  3.003300E+00 8.731E-02
  3.003313E+00 7.825E-01
  3.003327E+00 9.044E-02
  3.003341E+00 4.692E-02
  3.003354E+00 3.338E-02
  3.003368E+00 2.688E-02
  3.003382E+00 2.296E-02
  3.003395E+00 2.021E-02
  3.003422E+00 1.613E-02
  3.003462E+00 1.056E-02
  3.003476E+00 8.462E-03
  3.003503E+00 3.637E-03
  3.003516E+00 1.211E-03
  3.003529E+00 1.344E-04
  3.003543E+00 6.700E-03
  3.003556E+00 6.805E-02
  3.003569E+00 1.797E+00
  3.003582E+00 1.359E+00
  3.003595E+00 2.982E-01
  3.003609E+00 1.646E-01
  3.003622E+00 1.212E-01
  3.003635E+00 1.045E-01
  3.003648E+00 1.025E-01
  3.003661E+00 1.157E-01
  3.003674E+00 1.561E-01
  3.003687E+00 2.676E-01
  3.003700E+00 6.590E-01
  3.003713E+00 3.593E+00
  3.003726E+00 8.069E+01
  3.003739E+00 2.319E+00
  3.003752E+00 8.120E-01
  3.003765E+00 4.550E-01
  3.003778E+00 3.123E-01
  3.003791E+00 2.393E-01
  3.003804E+00 1.962E-01
  3.003817E+00 1.682E-01
  3.003830E+00 1.488E-01
  3.003842E+00 1.346E-01
  3.003868E+00 1.154E-01
  3.003893E+00 1.031E-01
  3.003931E+00 9.123E-02
  3.003994E+00 7.955E-02
  3.004131E+00 6.494E-02
  3.004180E+00 5.883E-02
  3.004205E+00 5.408E-02
  3.004217E+00 5.072E-02
  3.004229E+00 4.619E-02
  3.004241E+00 3.975E-02
  3.004254E+00 3.095E-02
  3.004266E+00 4.449E-02
  3.004278E+00 4.281E+00
  3.004290E+00 2.319E-01
  3.004302E+00 1.415E-01
  3.004314E+00 1.149E-01
  3.004326E+00 1.025E-01
  3.004338E+00 9.528E-02
  3.004362E+00 8.735E-02
  3.004410E+00 8.051E-02
  3.004492E+00 7.658E-02
  3.004632E+00 7.680E-02
  3.004769E+00 8.252E-02
  3.004870E+00 9.208E-02
  3.004937E+00 1.033E-01
  3.004992E+00 1.182E-01
  3.005036E+00 1.369E-01
  3.005068E+00 1.581E-01
  3.005101E+00 1.901E-01
  3.005112E+00 2.047E-01
  3.005133E+00 2.430E-01
  3.005144E+00 2.687E-01
  3.005155E+00 3.008E-01
  3.005165E+00 3.417E-01
  3.005176E+00 3.952E-01
  3.005187E+00 4.675E-01
  3.005197E+00 5.687E-01
  3.005208E+00 7.178E-01
  3.005219E+00 9.518E-01
  3.005229E+00 1.353E+00
  3.005240E+00 2.130E+00
  3.005250E+00 3.951E+00
  3.005261E+00 9.536E+00
  3.005272E+00 2.420E+01
  3.005282E+00 1.239E+01
  3.005293E+00 4.138E+00
  3.005303E+00 1.850E+00
  3.005314E+00 1.014E+00
  3.005324E+00 6.368E-01
  3.005334E+00 4.436E-01
  3.005345E+00 3.392E-01
  3.005355E+00 2.862E-01
  3.005366E+00 2.720E-01
  3.005376E+00 3.043E-01
  3.005387E+00 4.387E-01
  3.005397E+00 1.038E+00
  3.005407E+00 1.884E+01
  3.005418E+00 1.959E+00
  3.005428E+00 3.046E-01
  3.012319E+00 1.318E+00
  3.015620E+00 7.758E-01
  3.015630E+00 1.194E+00
  3.019747E+00 7.646E-01
  3.023819E+00 5.368E-01
  3.027847E+00 4.010E-01
  3.031829E+00 3.132E-01
  3.035769E+00 2.529E-01
  3.039665E+00 2.097E-01
  3.043519E+00 1.774E-01
  3.047331E+00 1.527E-01
  3.051102E+00 1.333E-01
  3.054832E+00 1.177E-01
  3.062173E+00 9.440E-02
  3.069359E+00 7.795E-02
  3.076394E+00 6.579E-02
  3.086672E+00 5.262E-02
  3.096633E+00 4.327E-02
  3.109444E+00 3.441E-02
  3.121742E+00 2.814E-02
  3.136437E+00 2.259E-02
  3.153138E+00 1.801E-02
  3.171435E+00 1.443E-02
  3.190912E+00 1.170E-02
  3.213320E+00 9.469E-03
  3.237689E+00 7.797E-03
  3.263100E+00 6.662E-03
  3.285713E+00 6.111E-03
  3.303172E+00 6.065E-03
  3.315236E+00 6.417E-03
  3.322832E+00 7.029E-03
  3.327709E+00 7.786E-03
  3.331273E+00 8.691E-03
  3.334760E+00 1.008E-02
  3.338171E+00 1.213E-02
  3.342606E+00 1.529E-02
  3.343695E+00 1.571E-02
  3.344776E+00 1.580E-02
  3.346915E+00 1.500E-02
  3.350068E+00 1.295E-02
  3.352133E+00 1.225E-02
  3.353154E+00 1.230E-02
  3.354169E+00 1.270E-02
  3.355176E+00 1.359E-02
  3.356177E+00 1.524E-02
  3.357170E+00 1.825E-02
  3.358157E+00 2.412E-02
  3.359137E+00 3.762E-02
  3.360110E+00 8.127E-02
  3.361076E+00 3.892E-01
  3.362036E+00 3.346E-01
  3.362989E+00 5.298E-02
  3.363936E+00 1.953E-02
  3.364876E+00 1.061E-02
  3.365810E+00 7.225E-03
  3.366737E+00 5.669E-03
  3.367659E+00 4.872E-03
  3.368574E+00 4.437E-03
  3.369483E+00 4.192E-03
  3.371282E+00 3.986E-03
  3.373937E+00 3.976E-03
  3.379089E+00 4.302E-03
  3.384850E+00 4.974E-03
  3.388807E+00 5.702E-03
  3.391883E+00 6.544E-03
  3.394882E+00 7.789E-03
  3.397082E+00 9.179E-03
  3.398526E+00 1.046E-02
  3.399952E+00 1.219E-02
  3.401360E+00 1.458E-02
  3.402058E+00 1.613E-02
  3.402751E+00 1.800E-02
  3.403440E+00 2.027E-02
  3.404125E+00 2.303E-02
  3.404806E+00 2.639E-02
  3.405482E+00 3.045E-02
  3.406823E+00 4.058E-02
  3.407487E+00 4.596E-02
  3.408148E+00 5.033E-02
  3.408804E+00 5.226E-02
  3.409456E+00 5.075E-02
  3.410105E+00 4.602E-02
  3.411390E+00 3.259E-02
  3.412027E+00 2.644E-02
  3.412660E+00 2.136E-02
  3.413289E+00 1.735E-02
  3.413915E+00 1.423E-02
  3.414536E+00 1.182E-02
  3.415155E+00 9.954E-03
  3.415769E+00 8.505E-03
  3.416380E+00 7.369E-03
  3.416987E+00 6.473E-03
  3.417591E+00 5.759E-03
  3.418191E+00 5.186E-03
  3.419381E+00 4.349E-03
  3.420557E+00 3.791E-03
  3.422295E+00 3.275E-03
  3.424004E+00 2.988E-03
  3.426237E+00 2.807E-03
  3.429492E+00 2.769E-03
  3.433664E+00 2.949E-03
  3.437655E+00 3.314E-03
  3.440535E+00 3.754E-03
  3.441940E+00 4.124E-03
  3.442404E+00 4.327E-03
  3.442865E+00 4.653E-03
  3.443323E+00 5.367E-03
  3.443779E+00 8.328E-03
  3.444233E+00 3.597E-01
  3.444684E+00 8.730E-03
  3.445132E+00 5.350E-03
  3.445579E+00 4.933E-03
  3.446023E+00 4.897E-03
  3.447341E+00 5.222E-03
  3.449491E+00 6.175E-03
  3.451172E+00 7.280E-03
  3.452409E+00 8.414E-03
  3.453628E+00 9.954E-03
  3.454828E+00 1.214E-02
  3.455617E+00 1.415E-02
  3.456399E+00 1.684E-02
  3.457173E+00 2.056E-02
  3.457557E+00 2.298E-02
  3.457939E+00 2.593E-02
  3.458319E+00 2.962E-02
  3.458697E+00 3.443E-02
  3.459074E+00 4.121E-02
  3.459448E+00 5.256E-02
  3.459821E+00 7.965E-02
  3.460191E+00 2.167E-01
  3.460560E+00 2.119E+00
  3.460927E+00 2.160E-01
  3.461292E+00 1.021E-01
  3.461656E+00 7.444E-02
  3.462017E+00 6.088E-02
  3.462377E+00 5.137E-02
  3.462735E+00 4.372E-02
  3.463091E+00 3.737E-02
  3.463446E+00 3.212E-02
  3.463799E+00 2.783E-02
  3.464150E+00 2.436E-02
  3.464499E+00 2.157E-02
  3.464847E+00 1.936E-02
  3.465193E+00 1.760E-02
  3.465879E+00 1.514E-02
  3.466559E+00 1.371E-02
  3.467233E+00 1.302E-02
  3.468231E+00 1.300E-02
  3.469215E+00 1.402E-02
  3.470185E+00 1.610E-02
  3.471141E+00 1.949E-02
  3.471771E+00 2.269E-02
  3.472395E+00 2.680E-02
  3.473320E+00 3.491E-02
  3.474833E+00 5.042E-02
  3.475428E+00 5.406E-02
  3.476602E+00 5.572E-02
  3.476893E+00 6.011E-02
  3.477181E+00 9.465E-02
  3.477469E+00 7.674E-02
  3.477755E+00 3.008E-02
  3.478606E+00 3.186E-02
  3.478887E+00 3.312E-02
  3.479167E+00 3.539E-02
  3.479445E+00 3.931E-02
  3.479723E+00 4.594E-02
  3.479999E+00 5.742E-02
  3.480273E+00 7.862E-02
  3.480547E+00 1.227E-01
  3.480819E+00 2.360E-01
  3.481090E+00 6.730E-01
  3.481360E+00 3.371E+00
  3.481628E+00 1.083E+00
  3.481896E+00 4.451E-01
  3.482162E+00 1.610E-01
  3.482427E+00 8.178E-02
  3.482691E+00 5.210E-02
  3.482954E+00 3.689E-02
  3.483215E+00 2.797E-02
  3.483475E+00 2.227E-02
  3.483735E+00 1.839E-02
  3.483993E+00 1.563E-02
  3.484250E+00 1.359E-02
  3.484505E+00 1.204E-02
  3.484760E+00 1.083E-02
  3.485266E+00 9.104E-03
  3.485767E+00 7.962E-03
  3.486511E+00 6.889E-03
  3.487246E+00 6.279E-03
  3.488210E+00 5.913E-03
  3.489158E+00 5.913E-03
  3.490089E+00 6.239E-03
  3.491005E+00 6.944E-03
  3.491682E+00 7.819E-03
  3.492350E+00 9.154E-03
  3.492791E+00 1.044E-02
  3.493228E+00 1.223E-02
  3.493662E+00 1.480E-02
  3.493877E+00 1.653E-02
  3.494092E+00 1.868E-02
  3.494305E+00 2.141E-02
  3.494518E+00 2.492E-02
  3.494730E+00 2.954E-02
  3.494941E+00 3.569E-02
  3.495151E+00 4.400E-02
  3.495360E+00 5.511E-02
  3.495776E+00 8.460E-02
  3.495983E+00 9.483E-02
  3.496188E+00 9.175E-02
  3.496393E+00 7.569E-02
  3.496598E+00 5.604E-02
  3.496801E+00 3.975E-02
  3.497003E+00 2.818E-02
  3.497205E+00 2.038E-02
  3.497406E+00 1.518E-02
  3.497606E+00 1.169E-02
  3.497805E+00 9.327E-03
  3.498003E+00 7.728E-03
  3.498201E+00 6.664E-03
  3.498398E+00 5.994E-03
  3.498594E+00 5.629E-03
  3.498789E+00 5.524E-03
  3.498983E+00 5.662E-03
  3.499177E+00 6.054E-03
  3.499370E+00 6.745E-03
  3.499562E+00 7.826E-03
  3.499753E+00 9.467E-03
  3.499943E+00 1.197E-02
  3.500133E+00 1.591E-02
  3.500322E+00 2.240E-02
  3.500510E+00 3.362E-02
  3.500698E+00 5.341E-02
  3.500885E+00 8.311E-02
  3.501071E+00 1.004E-01
  3.501256E+00 7.907E-02
  3.501441E+00 4.975E-02
  3.501624E+00 3.112E-02
  3.501807E+00 2.067E-02
  3.501990E+00 1.466E-02
  3.502172E+00 1.099E-02
  3.502352E+00 8.649E-03
  3.502533E+00 7.079E-03
  3.502712E+00 5.993E-03
  3.502891E+00 5.222E-03
  3.503069E+00 4.665E-03
  3.503247E+00 4.258E-03
  3.503423E+00 3.960E-03
  3.503775E+00 3.588E-03
  3.504123E+00 3.419E-03
  3.504469E+00 3.392E-03
  3.504813E+00 3.512E-03
  3.504983E+00 3.663E-03
  3.505153E+00 3.952E-03
  3.505323E+00 4.602E-03
  3.505491E+00 6.562E-03
  3.505659E+00 1.761E-02
  3.505827E+00 6.128E-01
  3.505994E+00 2.965E-02
  3.506160E+00 1.203E-02
  3.506325E+00 8.630E-03
  3.506490E+00 7.484E-03
  3.506654E+00 7.042E-03
  3.506818E+00 6.906E-03
  3.507143E+00 7.078E-03
  3.507627E+00 7.949E-03
  3.508105E+00 9.452E-03
  3.508420E+00 1.092E-02
  3.508734E+00 1.296E-02
  3.509045E+00 1.590E-02
  3.509199E+00 1.788E-02
  3.509353E+00 2.037E-02
  3.509507E+00 2.353E-02
  3.509660E+00 2.760E-02
  3.509812E+00 3.293E-02
  3.509964E+00 3.988E-02
  3.510115E+00 4.871E-02
  3.510416E+00 6.821E-02
  3.510565E+00 7.167E-02
  3.510714E+00 6.590E-02
  3.511010E+00 4.109E-02
  3.511158E+00 3.116E-02
  3.511305E+00 2.436E-02
  3.511451E+00 2.007E-02
  3.511596E+00 1.767E-02
  3.511742E+00 1.678E-02
  3.511886E+00 1.757E-02
  3.512030E+00 2.657E-02
  3.512174E+00 1.839E-02
  3.512317E+00 2.429E-02
  3.512460E+00 3.470E-02
  3.512602E+00 5.651E-02
  3.512743E+00 1.157E-01
  3.512884E+00 3.954E-01
  3.513025E+00 5.887E+00
  3.513165E+00 3.772E-01
  3.513304E+00 1.132E-01
  3.513443E+00 2.883E-01
  3.513582E+00 1.189E+00
  3.513720E+00 2.170E-01
  3.513857E+00 1.014E-01
  3.513994E+00 6.606E-02
  3.514131E+00 5.016E-02
  3.514267E+00 4.159E-02
  3.514402E+00 3.650E-02
  3.514538E+00 3.333E-02
  3.514672E+00 3.133E-02
  3.514940E+00 2.944E-02
  3.515206E+00 2.924E-02
  3.515601E+00 3.087E-02
  3.515992E+00 3.421E-02
  3.516507E+00 4.089E-02
  3.517266E+00 5.315E-02
  3.517516E+00 5.490E-02
  3.517640E+00 5.409E-02
  3.517763E+00 5.140E-02
  3.517887E+00 4.619E-02
  3.518132E+00 2.981E-02
  3.518254E+00 3.290E-02
  3.518375E+00 8.857E-02
  3.518617E+00 4.110E-01
  3.518738E+00 4.457E-01
  3.518858E+00 4.173E-01
  3.519215E+00 3.034E-01
  3.519451E+00 2.453E-01
  3.519685E+00 2.016E-01
  3.519918E+00 1.712E-01
  3.520034E+00 1.611E-01
  3.520150E+00 1.544E-01
  3.520265E+00 1.516E-01
  3.520380E+00 1.535E-01
  3.520494E+00 1.614E-01
  3.520608E+00 1.782E-01
  3.520721E+00 2.092E-01
  3.520835E+00 2.660E-01
  3.520947E+00 3.762E-01
  3.521060E+00 6.201E-01
  3.521172E+00 1.304E+00
  3.521283E+00 4.136E+00
  3.521395E+00 8.520E+00
  3.521506E+00 2.322E+00
  3.521616E+00 8.431E-01
  3.521726E+00 4.209E-01
  3.521836E+00 2.496E-01
  3.521946E+00 1.708E-01
  3.522055E+00 2.223E-01
  3.522163E+00 1.372E-01
  3.522272E+00 9.971E-02
  3.522380E+00 7.940E-02
  3.522487E+00 6.608E-02
  3.522595E+00 5.657E-02
  3.522702E+00 4.944E-02
  3.522808E+00 4.391E-02
  3.522914E+00 3.954E-02
  3.523126E+00 3.313E-02
  3.523336E+00 2.880E-02
  3.523648E+00 2.468E-02
  3.523958E+00 2.244E-02
  3.524264E+00 2.155E-02
  3.524567E+00 2.182E-02
  3.524868E+00 2.329E-02
  3.525166E+00 2.625E-02
  3.525362E+00 2.933E-02
  3.525558E+00 3.367E-02
  3.525752E+00 3.977E-02
  3.525945E+00 4.848E-02
  3.526041E+00 5.420E-02
  3.526137E+00 6.112E-02
  3.526233E+00 6.946E-02
  3.526423E+00 9.082E-02
  3.526517E+00 1.021E-01
  3.526611E+00 1.070E-01
  3.526705E+00 9.039E-02
  3.526799E+00 9.611E-02
  3.526892E+00 1.850E-01
  3.526985E+00 2.680E-01
  3.527078E+00 3.229E-01
  3.527171E+00 3.405E-01
  3.527263E+00 3.183E-01
  3.527355E+00 2.705E-01
  3.527446E+00 2.169E-01
  3.527538E+00 1.694E-01
  3.527629E+00 1.315E-01
  3.527720E+00 1.027E-01
  3.527810E+00 8.105E-02
  3.527900E+00 6.478E-02
  3.527990E+00 5.244E-02
  3.528080E+00 4.297E-02
  3.528169E+00 3.561E-02
  3.528258E+00 2.982E-02
  3.528347E+00 2.522E-02
  3.528435E+00 2.152E-02
  3.528524E+00 1.852E-02
  3.528612E+00 1.607E-02
  3.528699E+00 1.406E-02
  3.528787E+00 1.240E-02
  3.528874E+00 1.103E-02
  3.528961E+00 9.893E-03
  3.529134E+00 8.212E-03
  3.529220E+00 7.620E-03
  3.529306E+00 7.184E-03
  3.529391E+00 6.912E-03
  3.529477E+00 6.838E-03
  3.529562E+00 7.052E-03
  3.529647E+00 7.772E-03
  3.529731E+00 9.610E-03
  3.529815E+00 1.472E-02
  3.529899E+00 3.432E-02
  3.529983E+00 1.547E-01
  3.530067E+00 8.619E-02
  3.530150E+00 2.805E-02
  3.530233E+00 1.580E-02
  3.530316E+00 1.158E-02
  3.530398E+00 9.715E-03
  3.530480E+00 8.774E-03
  3.530562E+00 8.272E-03
  3.530644E+00 8.001E-03
  3.530726E+00 7.898E-03
  3.530807E+00 8.205E-03
  3.530888E+00 1.198E-02
  3.530969E+00 1.388E-01
  3.531049E+00 7.715E-02
  3.531129E+00 3.449E-02
  3.531209E+00 2.768E-02
  3.531289E+00 2.627E-02
  3.531369E+00 2.678E-02
  3.531448E+00 2.839E-02
  3.531527E+00 3.088E-02
  3.531606E+00 3.423E-02
  3.531685E+00 3.850E-02
  3.531763E+00 4.380E-02
  3.531919E+00 5.736E-02
  3.532074E+00 7.072E-02
  3.532152E+00 7.307E-02
  3.532229E+00 6.994E-02
  3.532305E+00 6.167E-02
  3.532458E+00 4.006E-02
  3.532534E+00 3.110E-02
  3.532610E+00 2.429E-02
  3.532686E+00 1.938E-02
  3.532761E+00 1.599E-02
  3.532836E+00 1.374E-02
  3.532911E+00 1.236E-02
  3.532986E+00 1.164E-02
  3.533061E+00 1.144E-02
  3.533135E+00 1.169E-02
  3.533209E+00 1.235E-02
  3.533283E+00 1.342E-02
  3.533357E+00 1.496E-02
  3.533430E+00 1.705E-02
  3.533504E+00 1.989E-02
  3.533577E+00 2.377E-02
  3.533649E+00 2.925E-02
  3.533722E+00 3.733E-02
  3.533794E+00 4.997E-02
  3.533867E+00 7.148E-02
  3.533939E+00 1.126E-01
  3.534010E+00 2.069E-01
  3.534082E+00 5.018E-01
  3.534153E+00 2.360E+00
  3.534224E+00 1.218E+01
  3.534295E+00 1.259E+00
  3.534366E+00 4.386E-01
  3.534437E+00 2.377E-01
  3.534507E+00 1.596E-01
  3.534577E+00 1.219E-01
  3.534647E+00 1.013E-01
  3.534717E+00 8.933E-02
  3.534786E+00 8.226E-02
  3.534856E+00 7.822E-02
  3.534994E+00 7.564E-02
  3.535131E+00 7.757E-02
  3.535336E+00 8.583E-02
  3.535471E+00 9.466E-02
  3.535538E+00 1.010E-01
  3.535606E+00 1.117E-01
  3.535673E+00 1.415E-01
  3.535739E+00 2.846E-01
  3.535806E+00 2.495E-01
  3.535873E+00 1.651E-01
  3.535939E+00 1.421E-01
  3.536136E+00 1.076E-01
  3.536202E+00 9.426E-02
  3.536267E+00 8.869E-02
  3.536332E+00 1.225E-01
  3.536397E+00 2.915E-01
  3.536462E+00 7.958E-01
  3.536527E+00 1.589E+00
  3.536591E+00 1.960E+00
  3.536656E+00 1.823E+00
  3.536784E+00 1.341E+00
  3.536847E+00 1.155E+00
  3.536911E+00 1.004E+00
  3.536974E+00 8.807E-01
  3.537037E+00 7.786E-01
  3.537100E+00 6.941E-01
  3.537163E+00 6.246E-01
  3.537226E+00 5.683E-01
  3.537288E+00 5.242E-01
  3.537351E+00 4.916E-01
  3.537413E+00 4.706E-01
  3.537475E+00 4.624E-01
  3.537537E+00 4.697E-01
  3.537598E+00 4.975E-01
  3.537660E+00 5.563E-01
  3.537721E+00 6.671E-01
  3.537782E+00 8.772E-01
  3.537843E+00 1.309E+00
  3.537904E+00 2.355E+00
  3.537964E+00 5.762E+00
  3.538025E+00 2.053E+01
  3.538085E+00 1.449E+01
  3.538145E+00 4.237E+00
  3.538205E+00 1.851E+00
  3.538265E+00 1.032E+00
  3.538325E+00 6.591E-01
  3.538384E+00 4.554E-01
  3.538444E+00 3.568E-01
  3.538503E+00 4.896E-01
  3.538562E+00 3.212E-01
  3.538621E+00 2.500E-01
  3.538679E+00 2.084E-01
  3.538738E+00 1.796E-01
  3.538796E+00 1.582E-01
  3.538854E+00 1.416E-01
  3.538970E+00 1.176E-01
  3.539086E+00 1.013E-01
  3.539200E+00 8.993E-02
  3.539371E+00 7.886E-02
  3.539541E+00 7.296E-02
  3.539709E+00 7.123E-02
  3.539876E+00 7.362E-02
  3.540041E+00 8.102E-02
  3.540151E+00 8.974E-02
  3.540260E+00 1.028E-01
  3.540369E+00 1.223E-01
  3.540423E+00 1.354E-01
  3.540477E+00 1.515E-01
  3.540530E+00 1.715E-01
  3.540584E+00 1.964E-01
  3.540637E+00 2.277E-01
  3.540691E+00 2.672E-01
  3.540744E+00 3.178E-01
  3.540797E+00 3.859E-01
  3.540850E+00 4.998E-01
  3.540903E+00 9.189E-01
  3.540955E+00 3.278E+00
  3.541008E+00 1.560E+00
  3.541060E+00 1.024E+00
  3.541112E+00 7.847E-01
  3.541164E+00 6.100E-01
  3.541216E+00 4.711E-01
  3.541268E+00 3.631E-01
  3.541320E+00 2.812E-01
  3.541371E+00 2.198E-01
  3.541423E+00 1.737E-01
  3.541474E+00 1.388E-01
  3.541525E+00 1.121E-01
  3.541576E+00 9.142E-02
  3.541627E+00 7.514E-02
  3.541678E+00 6.217E-02
  3.541728E+00 5.172E-02
  3.541779E+00 4.319E-02
  3.541829E+00 3.616E-02
  3.541879E+00 3.030E-02
  3.541930E+00 2.536E-02
  3.541980E+00 2.117E-02
  3.542029E+00 1.759E-02
  3.542079E+00 1.452E-02
  3.542129E+00 1.192E-02
  3.542178E+00 9.857E-03
  3.542228E+00 8.672E-03
  3.542277E+00 9.830E-03
  3.542326E+00 2.058E-02
  3.542375E+00 8.280E-02
  3.542424E+00 1.213E-01
  3.542472E+00 5.613E-02
  3.542521E+00 3.229E-02
  3.542569E+00 2.239E-02
  3.542618E+00 1.724E-02
  3.542666E+00 1.416E-02
  3.542714E+00 1.217E-02
  3.542762E+00 1.083E-02
  3.542810E+00 9.932E-03
  3.542858E+00 9.351E-03
  3.542905E+00 9.025E-03
  3.542953E+00 8.934E-03
  3.543000E+00 1.052E-02
  3.543047E+00 9.071E-03
  3.543142E+00 1.006E-02
  3.543235E+00 1.172E-02
  3.543328E+00 1.420E-02
  3.543375E+00 1.582E-02
  3.543421E+00 1.777E-02
  3.543467E+00 2.022E-02
  3.543513E+00 2.401E-02
  3.543559E+00 3.731E-02
  3.543605E+00 4.099E-01
  3.543651E+00 2.087E-01
  3.543697E+00 2.809E-01
  3.543742E+00 1.648E+00
  3.543788E+00 2.206E-01
  3.543833E+00 1.092E-01
  3.543878E+00 7.691E-02
  3.543923E+00 5.767E-02
  3.543968E+00 4.321E-02
  3.544013E+00 3.227E-02
  3.544058E+00 2.439E-02
  3.544102E+00 1.900E-02
  3.544147E+00 1.552E-02
  3.544191E+00 1.344E-02
  3.544236E+00 1.239E-02
  3.544280E+00 1.210E-02
  3.544324E+00 1.239E-02
  3.544368E+00 1.313E-02
  3.544412E+00 1.424E-02
  3.544499E+00 1.741E-02
  3.544586E+00 2.174E-02
  3.544673E+00 2.731E-02
  3.544759E+00 3.443E-02
  3.544802E+00 3.875E-02
  3.544887E+00 4.956E-02
  3.544930E+00 5.647E-02
  3.544972E+00 6.483E-02
  3.545015E+00 7.522E-02
  3.545057E+00 8.850E-02
  3.545099E+00 1.062E-01
  3.545141E+00 1.308E-01
  3.545183E+00 1.672E-01
  3.545225E+00 2.253E-01
  3.545267E+00 3.283E-01
  3.545308E+00 5.403E-01
  3.545350E+00 1.094E+00
  3.545391E+00 3.403E+00
  3.545433E+00 3.764E+01
  3.545474E+00 1.006E+01
  3.545515E+00 2.255E+00
  3.545556E+00 1.052E+00
  3.545597E+00 6.635E-01
  3.545638E+00 4.943E-01
  3.545679E+00 4.087E-01
  3.545720E+00 3.625E-01
  3.545760E+00 3.377E-01
  3.545801E+00 3.258E-01
  3.545881E+00 3.254E-01
  3.545962E+00 3.454E-01
  3.546042E+00 3.857E-01
  3.546081E+00 4.204E-01
  3.546121E+00 4.821E-01
  3.546161E+00 6.281E-01
  3.546200E+00 1.140E+00
  3.546240E+00 2.712E+00
  3.546279E+00 1.535E+00
  3.546318E+00 8.731E-01
  3.546358E+00 8.005E-01
  3.546397E+00 1.268E+00
  3.546436E+00 3.521E+00
  3.546475E+00 9.839E+00
  3.546513E+00 1.083E+01
  3.546552E+00 7.726E+00
  3.546591E+00 5.825E+00
  3.546629E+00 4.705E+00
  3.546668E+00 4.111E+00
  3.546706E+00 3.629E+00
  3.546782E+00 2.936E+00
  3.546858E+00 2.418E+00
  3.546934E+00 2.013E+00
  3.547009E+00 1.710E+00
  3.547085E+00 1.508E+00
  3.547122E+00 1.447E+00
  3.547159E+00 1.416E+00
  3.547196E+00 1.421E+00
  3.547233E+00 1.472E+00
  3.547270E+00 1.587E+00
  3.547307E+00 1.800E+00
  3.547344E+00 2.178E+00
  3.547381E+00 2.864E+00
  3.547418E+00 4.209E+00
  3.547454E+00 7.261E+00
  3.547491E+00 1.618E+01
  3.547527E+00 5.429E+01
  3.547564E+00 8.475E+01
  3.547600E+00 2.358E+01
  3.547636E+00 9.216E+00
  3.547672E+00 4.807E+00
  3.547708E+00 2.950E+00
  3.547744E+00 2.105E+00
  3.547780E+00 2.977E+00
  3.547816E+00 2.722E+00
  3.547851E+00 1.675E+00
  3.547887E+00 1.253E+00
  3.547923E+00 1.018E+00
  3.547958E+00 8.637E-01
  3.547993E+00 7.526E-01
  3.548029E+00 6.687E-01
  3.548064E+00 6.032E-01
  3.548134E+00 5.080E-01
  3.548204E+00 4.436E-01
  3.548308E+00 3.822E-01
  3.548411E+00 3.487E-01
  3.548514E+00 3.363E-01
  3.548616E+00 3.440E-01
  3.548718E+00 3.760E-01
  3.548785E+00 4.159E-01
  3.548852E+00 4.782E-01
  3.548885E+00 5.211E-01
  3.548918E+00 5.747E-01
  3.548951E+00 6.422E-01
  3.548985E+00 7.284E-01
  3.549018E+00 8.401E-01
  3.549051E+00 9.885E-01
  3.549083E+00 1.193E+00
  3.549116E+00 1.491E+00
  3.549149E+00 1.974E+00
  3.549182E+00 2.954E+00
  3.549214E+00 6.245E+00
  3.549247E+00 2.816E+01
  3.549279E+00 9.240E+00
  3.549312E+00 4.584E+00
  3.549344E+00 3.541E+00
  3.549376E+00 2.927E+00
  3.549408E+00 2.383E+00
  3.549441E+00 1.899E+00
  3.549473E+00 1.498E+00
  3.549504E+00 1.182E+00
  3.549536E+00 9.390E-01
  3.549568E+00 7.527E-01
  3.549600E+00 6.095E-01
  3.549632E+00 4.985E-01
  3.549663E+00 4.113E-01
  3.549695E+00 3.419E-01
  3.549726E+00 2.861E-01
  3.549758E+00 2.405E-01
  3.549789E+00 2.028E-01
  3.549820E+00 1.711E-01
  3.549851E+00 1.443E-01
  3.549914E+00 1.006E-01
  3.549976E+00 6.488E-02
  3.550006E+00 4.829E-02
  3.550037E+00 3.278E-02
  3.550068E+00 3.037E-02
  3.550099E+00 1.329E-01
  3.550129E+00 1.666E-01
  3.550160E+00 1.121E-01
  3.550190E+00 8.222E-02
  3.550220E+00 6.467E-02
  3.550251E+00 5.292E-02
  3.550281E+00 4.435E-02
  3.550311E+00 3.778E-02
  3.550341E+00 3.261E-02
  3.550371E+00 2.854E-02
  3.550401E+00 2.554E-02
  3.550431E+00 2.431E-02
  3.550461E+00 4.067E-02
  3.550491E+00 2.610E-02
  3.550521E+00 1.634E-02
  3.550550E+00 1.495E-02
  3.550580E+00 1.443E-02
  3.550610E+00 1.439E-02
  3.550639E+00 1.481E-02
  3.550668E+00 1.570E-02
  3.550698E+00 1.708E-02
  3.550727E+00 1.903E-02
  3.550756E+00 2.163E-02
  3.550786E+00 2.505E-02
  3.550815E+00 2.957E-02
  3.550844E+00 3.573E-02
  3.550873E+00 4.478E-02
  3.550902E+00 5.997E-02
  3.550930E+00 9.095E-02
  3.550959E+00 1.745E-01
  3.550988E+00 5.941E-01
  3.551017E+00 2.414E+00
  3.551045E+00 5.049E+00
  3.551074E+00 9.525E-01
  3.551102E+00 3.525E-01
  3.551131E+00 1.950E-01
  3.551159E+00 1.340E-01
  3.551187E+00 1.062E-01
  3.551216E+00 9.305E-02
  3.551244E+00 8.759E-02
  3.551272E+00 8.668E-02
  3.551300E+00 8.879E-02
  3.551356E+00 9.912E-02
  3.551412E+00 1.155E-01
  3.551495E+00 1.500E-01
  3.551550E+00 1.801E-01
  3.551605E+00 2.172E-01
  3.551660E+00 2.630E-01
  3.551714E+00 3.204E-01
  3.551768E+00 3.943E-01
  3.551822E+00 4.928E-01
  3.551849E+00 5.557E-01
  3.551876E+00 6.318E-01
  3.551903E+00 7.259E-01
  3.551930E+00 8.458E-01
  3.551956E+00 1.004E+00
  3.551983E+00 1.224E+00
  3.552009E+00 1.546E+00
  3.552036E+00 2.059E+00
  3.552062E+00 2.968E+00
  3.552089E+00 4.849E+00
  3.552115E+00 9.866E+00
  3.552142E+00 3.205E+01
  3.552168E+00 4.241E+02
  3.552194E+00 6.815E+01
  3.552220E+00 1.694E+01
  3.552246E+00 8.331E+00
  3.552272E+00 5.492E+00
  3.552298E+00 4.267E+00
  3.552324E+00 3.676E+00
  3.552350E+00 3.392E+00
  3.552376E+00 3.283E+00
  3.552402E+00 3.289E+00
  3.552427E+00 3.383E+00
  3.552453E+00 3.557E+00
  3.552479E+00 3.822E+00
  3.552504E+00 4.221E+00
  3.552530E+00 4.861E+00
  3.552555E+00 6.048E+00
  3.552581E+00 8.808E+00
  3.552606E+00 1.770E+01
  3.552631E+00 4.450E+01
  3.552656E+00 4.536E+01
  3.552682E+00 1.181E+02
  3.552707E+00 1.384E+02
  3.552732E+00 7.086E+01
  3.552757E+00 4.671E+01
  3.552782E+00 3.683E+01
  3.552807E+00 3.186E+01
  3.552832E+00 2.886E+01
  3.552857E+00 2.646E+01
  3.552881E+00 2.560E+01
  3.553005E+00 1.861E+01
  3.553078E+00 1.535E+01
  3.553127E+00 1.384E+01
  3.553175E+00 1.306E+01
  3.553199E+00 1.301E+01
  3.553223E+00 1.328E+01
  3.553247E+00 1.395E+01
  3.553271E+00 1.520E+01
  3.553295E+00 1.733E+01
  3.553319E+00 2.089E+01
  3.553343E+00 2.703E+01
  3.553367E+00 3.827E+01
  3.553391E+00 6.131E+01
  3.553414E+00 1.181E+02
  3.553438E+00 3.093E+02
  3.553462E+00 1.130E+03
  3.553485E+00 7.019E+02
  3.553509E+00 2.141E+02
  3.553532E+00 9.640E+01
  3.553556E+00 5.512E+01
  3.553579E+00 3.908E+01
  3.553602E+00 5.274E+01
  3.553626E+00 6.445E+01
  3.553649E+00 3.577E+01
  3.553672E+00 2.479E+01
  3.553695E+00 1.942E+01
  3.553718E+00 1.619E+01
  3.553741E+00 1.401E+01
  3.553764E+00 1.243E+01
  3.553787E+00 1.125E+01
  3.553833E+00 9.612E+00
  3.553879E+00 8.576E+00
  3.553924E+00 7.919E+00
  3.553992E+00 7.424E+00
  3.554059E+00 7.404E+00
  3.554126E+00 7.868E+00
  3.554171E+00 8.516E+00
  3.554215E+00 9.540E+00
  3.554259E+00 1.111E+01
  3.554281E+00 1.220E+01
  3.554303E+00 1.355E+01
  3.554325E+00 1.526E+01
  3.554347E+00 1.744E+01
  3.554369E+00 2.029E+01
  3.554391E+00 2.410E+01
  3.554412E+00 2.936E+01
  3.554434E+00 3.697E+01
  3.554456E+00 4.883E+01
  3.554477E+00 6.976E+01
  3.554499E+00 1.163E+02
  3.554521E+00 2.823E+02
  3.554542E+00 1.379E+03
  3.554563E+00 4.026E+02
  3.554585E+00 1.731E+02
  3.554606E+00 1.350E+02
  3.554649E+00 1.081E+02
  3.554691E+00 7.844E+01
  3.554712E+00 6.523E+01
  3.554734E+00 5.428E+01
  3.554755E+00 4.549E+01
  3.554776E+00 3.853E+01
  3.554797E+00 3.301E+01
  3.554818E+00 2.861E+01
  3.554839E+00 2.506E+01
  3.554859E+00 2.217E+01
  3.554880E+00 1.978E+01
  3.554922E+00 1.610E+01
  3.554963E+00 1.335E+01
  3.555025E+00 9.958E+00
  3.555046E+00 8.666E+00
  3.555066E+00 6.883E+00
  3.555087E+00 4.109E+00
  3.555107E+00 6.073E+00
  3.555127E+00 1.150E+01
  3.555148E+00 1.144E+01
  3.555188E+00 1.038E+01
  3.555229E+00 9.860E+00
  3.555249E+00 9.813E+00
  3.555269E+00 9.976E+00
  3.555289E+00 1.055E+01
  3.555309E+00 1.243E+01
  3.555329E+00 2.440E+01
  3.555349E+00 1.031E+02
  3.555369E+00 9.900E+00
  3.555389E+00 8.283E+00
  3.555408E+00 8.253E+00
  3.555448E+00 8.922E+00
  3.555468E+00 9.476E+00
  3.555507E+00 1.118E+01
  3.555527E+00 1.247E+01
  3.555546E+00 1.419E+01
  3.555566E+00 1.652E+01
  3.555585E+00 1.964E+01
  3.555605E+00 2.381E+01
  3.555624E+00 2.930E+01
  3.555644E+00 3.644E+01
  3.555663E+00 4.600E+01
  3.555682E+00 6.065E+01
  3.555702E+00 8.972E+01
  3.555721E+00 1.721E+02
  3.555740E+00 5.865E+02
  3.555759E+00 1.568E+03
  3.555778E+00 2.975E+02
  3.555797E+00 1.089E+02
  3.555816E+00 5.920E+01
  3.555836E+00 3.943E+01
  3.555855E+00 2.955E+01
  3.555873E+00 2.387E+01
  3.555892E+00 2.027E+01
  3.555911E+00 1.784E+01
  3.555930E+00 1.612E+01
  3.555949E+00 1.486E+01
  3.555987E+00 1.320E+01
  3.556024E+00 1.223E+01
  3.556080E+00 1.150E+01
  3.556154E+00 1.138E+01
  3.556227E+00 1.203E+01
  3.556282E+00 1.316E+01
  3.556318E+00 1.438E+01
  3.556354E+00 1.629E+01
  3.556372E+00 1.765E+01
  3.556390E+00 1.947E+01
  3.556408E+00 2.196E+01
  3.556426E+00 2.557E+01
  3.556444E+00 3.112E+01
  3.556462E+00 4.045E+01
  3.556480E+00 5.824E+01
  3.556498E+00 9.962E+01
  3.556516E+00 2.386E+02
  3.556533E+00 1.412E+03
  3.556551E+00 2.093E+03
  3.556569E+00 2.739E+02
  3.556586E+00 1.067E+02
  3.556604E+00 6.187E+01
  3.556622E+00 4.425E+01
  3.556639E+00 3.598E+01
  3.556657E+00 3.185E+01
  3.556674E+00 2.992E+01
  3.556692E+00 2.942E+01
  3.556709E+00 3.009E+01
  3.556727E+00 3.205E+01
  3.556744E+00 3.595E+01
  3.556761E+00 4.357E+01
  3.556779E+00 6.013E+01
  3.556796E+00 1.042E+02
  3.556813E+00 2.691E+02
  3.556830E+00 1.010E+03
  3.556847E+00 6.761E+02
  3.556865E+00 2.740E+02
  3.556882E+00 1.628E+02
  3.556899E+00 1.202E+02
  3.556916E+00 9.939E+01
  3.556933E+00 8.716E+01
  3.556950E+00 7.876E+01
  3.556967E+00 7.197E+01
  3.556984E+00 5.012E+02
  3.557001E+00 6.281E+01
  3.557051E+00 4.752E+01
  3.557102E+00 3.518E+01
  3.557135E+00 2.895E+01
  3.557168E+00 2.444E+01
  3.557201E+00 2.165E+01
  3.557218E+00 2.095E+01
  3.557234E+00 2.076E+01
  3.557251E+00 2.121E+01
  3.557267E+00 2.249E+01
  3.557284E+00 2.495E+01
  3.557300E+00 2.924E+01
  3.557316E+00 3.667E+01
  3.557333E+00 5.013E+01
  3.557349E+00 7.699E+01
  3.557365E+00 1.404E+02
  3.557381E+00 3.408E+02
  3.557398E+00 1.201E+03
  3.557414E+00 9.469E+02
  3.557430E+00 2.680E+02
  3.557446E+00 1.123E+02
  3.557462E+00 6.149E+01
  3.557478E+00 4.500E+01
  3.557494E+00 6.830E+01
  3.557510E+00 6.860E+01
  3.557526E+00 3.612E+01
  3.557542E+00 2.354E+01
  3.557558E+00 1.741E+01
  3.557574E+00 1.376E+01
  3.557590E+00 1.132E+01
  3.557606E+00 9.582E+00
  3.557622E+00 8.277E+00
  3.557637E+00 7.265E+00
  3.557653E+00 6.462E+00
  3.557669E+00 5.813E+00
  3.557700E+00 4.839E+00
  3.557731E+00 4.162E+00
  3.557778E+00 3.504E+00
  3.557825E+00 3.139E+00
  3.557871E+00 3.006E+00
  3.557917E+00 3.107E+00
  3.557947E+00 3.342E+00
  3.557978E+00 3.780E+00
  3.557993E+00 4.113E+00
  3.558008E+00 4.559E+00
  3.558023E+00 5.167E+00
  3.558038E+00 6.024E+00
  3.558053E+00 7.295E+00
  3.558068E+00 9.340E+00
  3.558083E+00 1.311E+01
  3.558098E+00 2.194E+01
  3.558113E+00 5.541E+01
  3.558128E+00 2.546E+02
  3.558143E+00 5.914E+01
  3.558158E+00 2.281E+01
  3.558173E+00 1.634E+01
  3.558188E+00 1.414E+01
  3.558232E+00 8.525E+00
  3.558247E+00 6.775E+00
  3.558261E+00 5.343E+00
  3.558276E+00 4.224E+00
  3.558291E+00 3.365E+00
  3.558305E+00 2.707E+00
  3.558320E+00 2.202E+00
  3.558335E+00 1.809E+00
  3.558349E+00 1.501E+00
  3.558364E+00 1.256E+00
  3.558378E+00 1.060E+00
  3.558393E+00 8.999E-01
  3.558407E+00 7.688E-01
  3.558436E+00 5.686E-01
  3.558450E+00 4.909E-01
  3.558493E+00 2.985E-01
  3.558508E+00 2.077E-01
  3.558522E+00 8.480E-02
  3.558536E+00 1.518E-01
  3.558550E+00 1.741E-01
  3.558565E+00 1.661E-01
  3.558607E+00 1.249E-01
  3.558621E+00 1.141E-01
  3.558635E+00 1.067E-01
  3.558649E+00 1.057E-01
  3.558663E+00 1.276E-01
  3.558677E+00 5.911E-01
  3.558691E+00 1.195E-01
  3.558705E+00 4.240E-02
  3.558719E+00 3.356E-02
  3.558733E+00 2.897E-02
  3.558747E+00 2.547E-02
  3.558761E+00 2.271E-02
  3.558775E+00 2.074E-02
  3.558788E+00 1.973E-02
  3.558802E+00 1.998E-02
  3.558816E+00 2.191E-02
  3.558830E+00 2.617E-02
  3.558843E+00 3.359E-02
  3.558857E+00 4.507E-02
  3.558871E+00 6.108E-02
  3.558898E+00 1.017E-01
  3.558939E+00 1.569E-01
  3.558952E+00 2.046E-01
  3.558966E+00 3.908E-01
  3.558979E+00 1.554E+00
  3.558993E+00 3.025E+00
  3.559006E+00 8.293E-01
  3.559020E+00 4.401E-01
  3.559033E+00 3.202E-01
  3.559046E+00 2.671E-01
  3.559060E+00 2.396E-01
  3.559073E+00 2.243E-01
  3.559086E+00 2.159E-01
  3.559113E+00 2.112E-01
  3.559153E+00 2.207E-01
  3.559192E+00 2.431E-01
  3.559245E+00 2.902E-01
  3.559284E+00 3.406E-01
  3.559323E+00 4.087E-01
  3.559361E+00 5.044E-01
  3.559387E+00 5.933E-01
  3.559400E+00 6.495E-01
  3.559425E+00 7.999E-01
  3.559438E+00 9.047E-01
  3.559451E+00 1.042E+00
  3.559463E+00 1.230E+00
  3.559476E+00 1.503E+00
  3.559489E+00 1.932E+00
  3.559501E+00 2.685E+00
  3.559514E+00 4.229E+00
  3.559527E+00 8.358E+00
  3.559539E+00 2.724E+01
  3.559552E+00 3.681E+02
  3.559564E+00 4.041E+01
  3.559577E+00 1.068E+01
  3.559589E+00 5.401E+00
  3.559602E+00 3.670E+00
  3.559614E+00 2.962E+00
  3.559627E+00 2.675E+00
  3.559639E+00 2.617E+00
  3.559651E+00 2.733E+00
  3.559664E+00 3.039E+00
  3.559676E+00 3.647E+00
  3.559689E+00 4.892E+00
  3.559701E+00 7.914E+00
  3.559713E+00 1.804E+01
  3.559725E+00 6.884E+01
  3.559738E+00 6.584E+01
  3.559750E+00 3.976E+01
  3.559762E+00 2.633E+01
  3.559774E+00 1.392E+01
  3.559786E+00 9.961E+00
  3.559799E+00 8.303E+00
  3.559811E+00 7.440E+00
  3.559835E+00 6.492E+00
  3.559847E+00 6.067E+00
  3.559859E+00 6.164E+00
  3.559871E+00 5.640E+00
  3.559931E+00 3.846E+00
  3.559955E+00 3.274E+00
  3.559979E+00 2.843E+00
  3.560002E+00 2.573E+00
  3.560014E+00 2.508E+00
  3.560026E+00 2.497E+00
  3.560038E+00 2.554E+00
  3.560050E+00 2.698E+00
  3.560061E+00 2.965E+00
  3.560073E+00 3.417E+00
  3.560085E+00 4.168E+00
  3.560096E+00 5.456E+00
  3.560108E+00 7.813E+00
  3.560120E+00 1.266E+01
  3.560131E+00 2.476E+01
  3.560143E+00 6.666E+01
  3.560155E+00 2.268E+02
  3.560166E+00 1.086E+02
  3.560178E+00 3.398E+01
  3.560189E+00 1.556E+01
  3.560201E+00 9.362E+00
  3.560212E+00 8.691E+00
  3.560224E+00 1.569E+01
  3.560235E+00 1.052E+01
  3.560247E+00 5.874E+00
  3.560258E+00 3.992E+00
  3.560270E+00 3.020E+00
  3.560281E+00 2.426E+00
  3.560292E+00 2.024E+00
  3.560304E+00 1.735E+00
  3.560315E+00 1.517E+00
  3.560326E+00 1.347E+00
  3.560349E+00 1.103E+00
  3.560371E+00 9.394E-01
  3.560405E+00 7.843E-01
  3.560427E+00 7.209E-01
  3.560461E+00 6.702E-01
  3.560494E+00 6.680E-01
  3.560516E+00 6.968E-01
  3.560538E+00 7.585E-01
  3.560560E+00 8.696E-01
  3.560571E+00 9.537E-01
  3.560582E+00 1.067E+00
  3.560593E+00 1.222E+00
  3.560604E+00 1.444E+00
  3.560615E+00 1.779E+00
  3.560626E+00 2.332E+00
  3.560636E+00 3.385E+00
  3.560647E+00 5.971E+00
  3.560658E+00 1.644E+01
  3.560669E+00 7.115E+01
  3.560680E+00 1.453E+01
  3.560690E+00 5.630E+00
  3.560701E+00 3.987E+00
  3.560712E+00 3.500E+00
  3.560733E+00 2.778E+00
  3.560755E+00 1.887E+00
  3.560765E+00 1.510E+00
  3.560776E+00 1.207E+00
  3.560786E+00 9.705E-01
  3.560797E+00 7.877E-01
  3.560808E+00 6.462E-01
  3.560818E+00 5.359E-01
  3.560829E+00 4.491E-01
  3.560839E+00 3.801E-01
  3.560860E+00 2.793E-01
  3.560881E+00 2.115E-01
  3.560902E+00 1.643E-01
  3.560912E+00 1.460E-01
  3.560933E+00 1.153E-01
  3.560944E+00 9.457E-02
  3.560954E+00 4.308E-02
  3.560964E+00 3.542E-02
  3.560975E+00 4.885E-02
  3.560985E+00 5.118E-02
  3.561006E+00 4.715E-02
  3.561026E+00 4.258E-02
  3.561036E+00 4.189E-02
  3.561047E+00 4.470E-02
  3.561057E+00 6.461E-02
  3.561067E+00 3.297E+00
  3.561077E+00 3.277E-02
  3.561087E+00 1.896E-02
  3.561097E+00 1.693E-02
  3.561107E+00 1.606E-02
  3.561118E+00 1.560E-02
  3.561128E+00 1.554E-02
  3.561138E+00 1.598E-02
  3.561148E+00 1.707E-02
  3.561158E+00 1.909E-02
  3.561168E+00 2.235E-02
  3.561185E+00 3.219E-02
  3.571175E+00 5.474E-01
  3.571185E+00 6.074E-01
  3.596129E+00 1.041E-01
  3.621072E+00 4.994E-02
  3.646015E+00 3.427E-02
  3.670959E+00 2.765E-02
  3.695902E+00 2.415E-02
  3.720845E+00 2.209E-02
  3.770732E+00 1.975E-02
  3.845562E+00 1.738E-02
  3.920392E+00 1.597E-02
  4.194768E+00 1.345E-02
  4.519031E+00 1.123E-02
  5.067784E+00 8.354E-03
  5.616537E+00 6.337E-03
  6.015630E+00 5.228E-03
  6.137156E+00 4.924E-03
  6.261130E+00 4.637E-03
  6.387613E+00 4.367E-03
  6.516654E+00 4.112E-03
  6.648300E+00 3.873E-03
  6.782602E+00 3.647E-03
  6.919618E+00 3.435E-03
  7.059404E+00 3.235E-03
  7.202014E+00 3.047E-03
  7.347508E+00 2.869E-03
  7.495934E+00 2.702E-03
  7.647362E+00 2.545E-03
  7.801852E+00 2.397E-03
  7.959457E+00 2.257E-03
  8.120247E+00 2.126E-03
  8.284289E+00 2.002E-03
  8.451642E+00 1.885E-03
  8.622379E+00 1.775E-03
  8.796559E+00 1.672E-03
  8.974267E+00 1.575E-03
  9.155555E+00 1.483E-03
  9.340508E+00 1.397E-03
  9.529202E+00 1.315E-03
  9.721705E+00 1.239E-03
  9.918093E+00 1.167E-03
  1.011846E+01 1.099E-03
  1.032286E+01 1.035E-03
  1.053140E+01 9.744E-04
  1.074415E+01 9.176E-04
  1.096119E+01 8.642E-04
  1.118262E+01 8.139E-04
  1.140852E+01 7.665E-04
  1.163900E+01 7.218E-04
  1.187412E+01 6.798E-04
  1.211399E+01 6.402E-04
  1.235871E+01 6.029E-04
  1.260837E+01 5.678E-04
  1.286308E+01 5.347E-04
  1.312293E+01 5.036E-04
  1.338803E+01 4.743E-04
  1.365848E+01 4.467E-04
  1.393441E+01 4.206E-04
  1.421590E+01 3.961E-04
  1.450308E+01 3.731E-04
  1.479606E+01 3.514E-04
  1.509496E+01 3.309E-04
  1.539990E+01 3.116E-04
  1.571100E+01 2.935E-04
  1.602838E+01 2.764E-04
  1.635217E+01 2.603E-04
  1.668250E+01 2.451E-04
  1.701952E+01 2.309E-04
  1.736333E+01 2.174E-04
  1.771410E+01 2.047E-04
  1.807193E+01 1.928E-04
  1.843701E+01 1.816E-04
  1.880946E+01 1.710E-04
  1.918945E+01 1.611E-04
  1.957709E+01 1.517E-04
  1.997258E+01 1.428E-04
  2.037604E+01 1.345E-04
  2.078769E+01 1.267E-04
  2.120761E+01 1.193E-04
  2.163603E+01 1.124E-04
  2.207310E+01 1.058E-04