  2.779591E-02 7.389E+01
  7.908058E-02 4.992E+00
  1.290614E-01 1.182E+00
  1.777821E-01 4.300E-01
  2.252848E-01 1.959E-01
  2.716096E-01 1.023E-01
  3.167953E-01 5.881E-02
  3.608788E-01 3.637E-02
  4.038957E-01 2.389E-02
  4.458802E-01 1.651E-02
  4.868650E-01 1.188E-02
  5.268816E-01 8.821E-03
  5.659603E-01 6.703E-03
  6.041301E-01 5.180E-03
  6.414191E-01 4.057E-03
  6.778541E-01 3.214E-03
  7.134609E-01 2.575E-03
  7.482646E-01 2.089E-03
  7.822891E-01 1.718E-03
  8.155574E-01 1.433E-03
  8.480919E-01 1.213E-03
  8.799138E-01 1.041E-03
  9.110440E-01 9.053E-04
  9.415023E-01 7.960E-04
  1.000479E+00 6.302E-04
  1.056990E+00 5.075E-04
  1.137427E+00 3.685E-04
  1.213038E+00 2.662E-04
  1.260953E+00 2.148E-04
  1.306995E+00 1.748E-04
  1.351261E+00 1.444E-04
  1.393840E+00 1.216E-04
  1.454730E+00 9.797E-05
  1.512279E+00 8.295E-05
  1.584226E+00 7.043E-05
  1.799484E+00 4.152E-05
  1.901536E+00 2.749E-05
  1.958991E+00 2.105E-05
  2.012159E+00 1.635E-05
  2.061456E+00 1.295E-05
  2.116017E+00 1.002E-05
  2.174026E+00 7.586E-06
  2.226671E+00 5.861E-06
  2.281085E+00 4.502E-06
  2.341646E+00 3.371E-06
  2.409956E+00 2.177E-06
  2.438090E+00 1.641E-06
  2.447042E+00 1.523E-06
  2.451442E+00 1.499E-06
  2.455792E+00 1.516E-06
  2.460093E+00 1.593E-06
  2.464345E+00 1.764E-06
  2.468550E+00 2.081E-06
  2.472708E+00 2.633E-06
  2.476820E+00 3.576E-06
  2.480887E+00 5.197E-06
  2.484908E+00 8.069E-06
  2.488885E+00 1.345E-05
  2.492819E+00 2.446E-05
  2.496710E+00 5.060E-05
  2.500559E+00 1.316E-04
  2.504365E+00 5.944E-04
  2.508131E+00 7.119E-02
  2.511856E+00 8.521E-04
  2.515542E+00 2.396E-04
  2.519188E+00 1.200E-04
  2.522795E+00 7.580E-05
  2.526364E+00 5.425E-05
  2.529895E+00 4.195E-05
  2.533390E+00 3.416E-05
  2.536847E+00 2.888E-05
  2.540268E+00 2.510E-05
  2.543654E+00 2.228E-05
  2.547005E+00 2.012E-05
  2.553602E+00 1.704E-05
  2.560065E+00 1.498E-05
  2.569514E+00 1.298E-05
  2.581674E+00 1.140E-05
  2.596205E+00 1.037E-05
  2.612724E+00 9.874E-06
  2.633314E+00 9.982E-06
  2.654698E+00 1.083E-05
  2.676481E+00 1.249E-05
  2.698309E+00 1.513E-05
  2.718164E+00 1.861E-05
  2.737845E+00 2.341E-05
  2.755707E+00 2.941E-05
  2.773256E+00 3.748E-05
  2.789161E+00 4.759E-05
  2.803621E+00 6.039E-05
  2.815833E+00 7.548E-05
  2.826171E+00 9.334E-05
  2.834927E+00 1.148E-04
  2.841527E+00 1.382E-04
  2.846258E+00 1.626E-04
  2.849312E+00 1.858E-04
  2.851553E+00 2.109E-04
  2.853023E+00 2.354E-04
  2.854475E+00 2.735E-04
  2.855194E+00 3.030E-04
  2.855909E+00 3.469E-04
  2.856619E+00 4.203E-04
  2.857325E+00 5.681E-04
  2.858026E+00 9.885E-04
  2.858724E+00 3.995E-03
  2.859417E+00 7.862E-03
  2.860105E+00 5.388E-04
  2.860790E+00 2.292E-04
  2.861470E+00 1.808E-04
  2.862146E+00 1.761E-04
  2.862818E+00 1.831E-04
  2.864150E+00 2.085E-04
  2.865466E+00 2.442E-04
  2.866118E+00 2.688E-04
  2.866766E+00 3.029E-04
  2.867410E+00 3.567E-04
  2.868050E+00 4.598E-04
  2.868686E+00 7.367E-04
  2.869319E+00 2.355E-03
  2.869948E+00 5.456E-02
  2.870573E+00 1.060E-03
  2.871195E+00 4.482E-04
  2.871812E+00 3.381E-04
  2.872426E+00 3.089E-04
  2.873037E+00 3.032E-04
  2.874247E+00 3.147E-04
  2.876626E+00 3.655E-04
  2.878949E+00 4.363E-04
  2.881219E+00 5.316E-04
  2.882888E+00 6.278E-04
  2.884529E+00 7.574E-04
  2.886141E+00 9.411E-04
  2.887201E+00 1.112E-03
  2.888250E+00 1.345E-03
  2.888769E+00 1.496E-03
  2.889286E+00 1.678E-03
  2.889800E+00 1.903E-03
  2.890311E+00 2.185E-03
  2.890820E+00 2.546E-03
  2.891325E+00 3.021E-03
  2.891828E+00 3.667E-03
  2.892328E+00 4.581E-03
  2.892825E+00 5.943E-03
  2.893319E+00 8.117E-03
  2.893811E+00 1.194E-02
  2.894300E+00 1.971E-02
  2.894786E+00 3.992E-02
  2.895270E+00 1.283E-01
  2.895751E+00 4.225E+00
  2.896229E+00 2.575E-01
  2.896705E+00 4.879E-02
  2.897178E+00 1.918E-02
  2.897649E+00 9.874E-03
  2.898117E+00 5.856E-03
  2.898583E+00 3.789E-03
  2.899046E+00 2.599E-03
  2.899507E+00 1.859E-03
  2.899965E+00 1.373E-03
  2.900421E+00 1.038E-03
  2.900874E+00 8.011E-04
  2.901325E+00 6.280E-04
  2.901773E+00 4.990E-04
  2.902219E+00 4.011E-04
  2.902663E+00 3.259E-04
  2.903105E+00 2.673E-04
  2.903544E+00 2.213E-04
  2.903980E+00 1.850E-04
  2.904415E+00 1.561E-04
  2.904847E+00 1.331E-04
  2.905277E+00 1.148E-04
  2.905705E+00 1.003E-04
  2.906130E+00 8.880E-05
  2.906553E+00 7.981E-05
  2.906974E+00 7.287E-05
  2.907393E+00 6.765E-05
  2.908224E+00 6.126E-05
  2.909047E+00 5.899E-05
  2.909861E+00 5.973E-05
  2.911066E+00 6.488E-05
  2.912645E+00 7.695E-05
  2.914574E+00 9.758E-05
  2.917194E+00 1.335E-04
  2.920078E+00 1.830E-04
  2.923190E+00 2.500E-04
  2.926169E+00 3.330E-04
  2.928712E+00 4.276E-04
  2.930253E+00 5.089E-04
  2.930557E+00 5.370E-04
  2.930859E+00 6.679E-04
  2.931160E+00 4.982E-04
  2.931460E+00 5.412E-04
  2.933808E+00 7.325E-04
  2.935232E+00 8.893E-04
  2.936348E+00 1.059E-03
  2.937172E+00 1.230E-03
  2.937984E+00 1.460E-03
  2.938786E+00 1.793E-03
  2.939315E+00 2.114E-03
  2.939578E+00 2.321E-03
  2.939839E+00 2.573E-03
  2.940099E+00 2.884E-03
  2.940358E+00 3.278E-03
  2.940616E+00 3.792E-03
  2.940873E+00 4.482E-03
  2.941129E+00 5.451E-03
  2.941383E+00 6.882E-03
  2.941637E+00 9.150E-03
  2.941889E+00 1.312E-02
  2.942140E+00 2.116E-02
  2.942390E+00 4.204E-02
  2.942639E+00 1.337E-01
  2.942887E+00 3.082E+00
  2.943134E+00 2.256E-01
  2.943380E+00 4.579E-02
  2.943624E+00 1.848E-02
  2.943868E+00 9.821E-03
  2.944111E+00 6.093E-03
  2.944352E+00 4.196E-03
  2.944593E+00 3.125E-03
  2.944832E+00 2.478E-03
  2.945070E+00 2.070E-03
  2.945308E+00 1.807E-03
  2.945544E+00 1.638E-03
  2.945779E+00 1.531E-03
  2.946014E+00 1.471E-03
  2.946247E+00 1.447E-03
  2.946479E+00 1.452E-03
  2.946711E+00 1.488E-03
  2.946941E+00 1.558E-03
  2.947171E+00 1.672E-03
  2.947399E+00 1.859E-03
  2.947626E+00 2.179E-03
  2.947853E+00 2.786E-03
  2.948078E+00 4.164E-03
  2.948303E+00 8.445E-03
  2.948527E+00 3.601E-02
  2.948749E+00 2.766E+00
  2.948971E+00 3.008E-02
  2.949192E+00 1.065E-02
  2.949412E+00 6.514E-03
  2.949631E+00 5.006E-03
  2.949849E+00 4.326E-03
  2.950066E+00 3.997E-03
  2.950282E+00 3.849E-03
  2.950712E+00 3.838E-03
  2.951138E+00 4.047E-03
  2.951771E+00 4.651E-03
  2.952395E+00 5.622E-03
  2.952808E+00 6.545E-03
  2.953217E+00 7.791E-03
  2.953622E+00 9.518E-03
  2.953824E+00 1.064E-02
  2.954025E+00 1.201E-02
  2.954224E+00 1.369E-02
  2.954424E+00 1.581E-02
  2.954622E+00 1.851E-02
  2.954819E+00 2.205E-02
  2.955016E+00 2.683E-02
  2.955212E+00 3.352E-02
  2.955407E+00 4.333E-02
  2.955601E+00 5.861E-02
  2.955795E+00 8.447E-02
  2.955988E+00 1.339E-01
  2.956180E+00 2.483E-01
  2.956371E+00 6.291E-01
  2.956562E+00 4.089E+00
  2.956751E+00 1.074E+01
  2.956940E+00 8.007E-01
  2.957128E+00 2.603E-01
  2.957316E+00 1.247E-01
  2.957503E+00 7.171E-02
  2.957688E+00 4.584E-02
  2.957874E+00 3.140E-02
  2.958058E+00 2.257E-02
  2.958242E+00 1.682E-02
  2.958425E+00 1.288E-02
  2.958607E+00 1.007E-02
  2.958789E+00 8.012E-03
  2.958970E+00 6.462E-03
  2.959150E+00 5.271E-03
  2.959329E+00 4.339E-03
  2.959508E+00 3.600E-03
  2.959686E+00 3.005E-03
  2.959864E+00 2.522E-03
  2.960040E+00 2.125E-03
  2.960216E+00 1.797E-03
  2.960392E+00 1.524E-03
  2.960566E+00 1.294E-03
  2.960740E+00 1.101E-03
  2.960913E+00 9.372E-04
  2.961086E+00 7.980E-04
  2.961258E+00 6.795E-04
  2.961429E+00 5.782E-04
  2.961600E+00 4.916E-04
  2.961770E+00 4.174E-04
  2.961939E+00 3.540E-04
  2.962108E+00 2.997E-04
  2.962276E+00 2.534E-04
  2.962443E+00 2.141E-04
  2.962610E+00 1.808E-04
  2.962776E+00 1.528E-04
  2.962941E+00 1.295E-04
  2.963106E+00 1.103E-04
  2.963270E+00 9.481E-05
  2.963434E+00 8.259E-05
  2.963597E+00 7.331E-05
  2.963759E+00 6.665E-05
  2.963921E+00 6.235E-05
  2.964082E+00 6.017E-05
  2.964243E+00 5.989E-05
  2.964562E+00 6.381E-05
  2.964720E+00 2.703E-01
  2.964878E+00 8.007E-05
  2.965036E+00 8.567E-05
  2.965349E+00 1.033E-04
  2.965815E+00 1.382E-04
  2.966427E+00 1.968E-04
  2.967180E+00 2.846E-04
  2.968211E+00 4.159E-04
  2.968501E+00 4.406E-04
  2.968645E+00 4.425E-04
  2.968789E+00 4.274E-04
  2.968932E+00 3.903E-04
  2.969074E+00 1.184E-01
  2.969216E+00 1.374E-03
  2.969358E+00 9.989E-04
  2.969499E+00 9.251E-04
  2.969639E+00 9.106E-04
  2.969919E+00 9.362E-04
  2.970609E+00 1.092E-03
  2.971554E+00 1.395E-03
  2.972476E+00 1.780E-03
  2.973375E+00 2.270E-03
  2.974253E+00 2.909E-03
  2.974989E+00 3.638E-03
  2.975590E+00 4.454E-03
  2.976064E+00 5.329E-03
  2.976415E+00 6.201E-03
  2.976763E+00 7.390E-03
  2.976992E+00 8.483E-03
  2.977220E+00 1.001E-02
  2.977334E+00 1.106E-02
  2.977447E+00 1.240E-02
  2.977560E+00 1.423E-02
  2.977672E+00 1.690E-02
  2.977784E+00 2.123E-02
  2.977896E+00 2.948E-02
  2.978007E+00 5.073E-02
  2.978118E+00 1.641E-01
  2.978229E+00 1.653E+00
  2.978339E+00 3.590E-02
  2.978449E+00 9.243E-03
  2.978558E+00 6.109E-03
  2.978667E+00 6.251E-03
  2.978776E+00 7.223E-03
  2.978884E+00 8.532E-03
  2.978992E+00 1.008E-02
  2.979100E+00 1.190E-02
  2.979207E+00 1.407E-02
  2.979314E+00 1.675E-02
  2.979420E+00 2.017E-02
  2.979527E+00 2.472E-02
  2.979632E+00 3.108E-02
  2.979738E+00 4.049E-02
  2.979843E+00 5.544E-02
  2.979948E+00 8.167E-02
  2.980052E+00 1.347E-01
  2.980156E+00 2.696E-01
  2.980260E+00 8.157E-01
  2.980364E+00 1.285E+01
  2.980467E+00 3.302E+00
  2.980570E+00 5.436E-01
  2.980672E+00 2.217E-01
  2.980774E+00 1.246E-01
  2.980876E+00 8.315E-02
  2.980977E+00 6.198E-02
  2.981079E+00 4.996E-02
  2.981179E+00 4.272E-02
  2.981280E+00 3.823E-02
  2.981380E+00 3.547E-02
  2.981480E+00 3.389E-02
  2.981579E+00 3.314E-02
  2.981777E+00 3.351E-02
  2.981974E+00 3.584E-02
  2.982170E+00 4.004E-02
  2.982364E+00 4.644E-02
  2.982557E+00 5.585E-02
  2.982653E+00 6.214E-02
  2.982749E+00 6.987E-02
  2.982844E+00 7.949E-02
  2.982939E+00 9.165E-02
  2.983034E+00 1.073E-01
  2.983129E+00 1.280E-01
  2.983223E+00 1.560E-01
  2.983317E+00 1.956E-01
  2.983410E+00 2.541E-01
  2.983504E+00 3.460E-01
  2.983597E+00 5.038E-01
  2.983690E+00 8.115E-01
  2.983782E+00 1.549E+00
  2.983874E+00 4.194E+00
  2.983966E+00 3.684E+01
  2.984058E+00 3.375E+01
  2.984149E+00 3.752E+00
  2.984240E+00 1.313E+00
  2.984331E+00 6.483E-01
  2.984421E+00 3.787E-01
  2.984511E+00 2.442E-01
  2.984601E+00 1.681E-01
  2.984691E+00 1.212E-01
  2.984780E+00 9.032E-02
  2.984869E+00 6.905E-02
  2.984958E+00 5.384E-02
  2.985047E+00 4.263E-02
  2.985135E+00 3.415E-02
  2.985223E+00 2.761E-02
  2.985310E+00 2.248E-02
  2.985398E+00 1.838E-02
  2.985485E+00 1.507E-02
  2.985572E+00 1.236E-02
  2.985659E+00 1.012E-02
  2.985745E+00 8.235E-03
  2.985831E+00 6.635E-03
  2.985917E+00 5.255E-03
  2.986002E+00 4.037E-03
  2.986257E+00 7.863E-04
  2.986342E+00 1.204E-05
  2.986426E+00 1.061E-01
  2.986510E+00 1.576E-02
  2.986594E+00 5.868E-03
  2.986677E+00 3.547E-03
  2.986761E+00 2.452E-03
  2.986844E+00 1.785E-03
  2.986926E+00 1.325E-03
  2.987009E+00 9.880E-04
  2.987091E+00 7.322E-04
  2.987173E+00 5.355E-04
  2.987255E+00 3.842E-04
  2.987336E+00 2.693E-04
  2.987418E+00 1.845E-04
  2.987499E+00 1.253E-04
  2.987579E+00 8.823E-05
  2.987660E+00 7.059E-05
  2.987740E+00 7.027E-05
  2.987820E+00 8.556E-05
  2.987900E+00 1.151E-04
  2.987980E+00 1.577E-04
  2.988059E+00 2.124E-04
  2.988138E+00 2.786E-04
  2.988217E+00 3.555E-04
  2.988374E+00 5.399E-04
  2.988530E+00 7.634E-04
  2.988685E+00 1.027E-03
  2.988839E+00 1.341E-03
  2.988916E+00 1.528E-03
  2.988992E+00 1.756E-03
  2.989069E+00 2.078E-03
  2.989145E+00 2.728E-03
  2.989221E+00 5.671E-03
  2.989296E+00 3.845E+01
  2.989372E+00 7.905E-03
  2.989447E+00 4.240E-03
  2.989522E+00 3.740E-03
  2.989597E+00 3.707E-03
  2.989746E+00 3.997E-03
  2.990041E+00 4.985E-03
  2.990405E+00 6.574E-03
  2.990835E+00 8.959E-03
  2.991257E+00 1.197E-02
  2.991673E+00 1.581E-02
  2.992081E+00 2.077E-02
  2.992416E+00 2.610E-02
  2.992746E+00 3.295E-02
  2.993072E+00 4.201E-02
  2.993330E+00 5.162E-02
  2.993584E+00 6.449E-02
  2.993773E+00 7.751E-02
  2.993960E+00 9.539E-02
  2.994085E+00 1.119E-01
  2.994208E+00 1.351E-01
  2.994269E+00 1.510E-01
  2.994331E+00 1.718E-01
  2.994392E+00 2.008E-01
  2.994453E+00 2.452E-01
  2.994514E+00 3.243E-01
  2.994574E+00 5.087E-01
  2.994635E+00 1.310E+00
  2.994695E+00 3.863E+01
  2.994755E+00 3.927E-01
  2.994815E+00 1.121E-01
  2.994875E+00 9.918E-02
  2.994935E+00 1.162E-01
  2.994994E+00 1.404E-01
  2.995053E+00 1.684E-01
  2.995113E+00 2.004E-01
  2.995172E+00 2.379E-01
  2.995230E+00 2.830E-01
  2.995289E+00 3.392E-01
  2.995348E+00 4.114E-01
  2.995406E+00 5.080E-01
  2.995464E+00 6.428E-01
  2.995522E+00 8.414E-01
  2.995580E+00 1.154E+00
  2.995638E+00 1.692E+00
  2.995695E+00 2.742E+00
  2.995753E+00 5.245E+00
  2.995810E+00 1.392E+01
  2.995867E+00 1.002E+02
  2.995924E+00 2.289E+02
  2.995981E+00 1.971E+01
  2.996038E+00 7.097E+00
  2.996094E+00 3.801E+00
  2.996150E+00 2.481E+00
  2.996207E+00 1.830E+00
  2.996263E+00 1.470E+00
  2.996319E+00 1.258E+00
  2.996374E+00 1.131E+00
  2.996430E+00 1.058E+00
  2.996485E+00 1.021E+00
  2.996541E+00 1.012E+00
  2.996651E+00 1.057E+00
  2.996761E+00 1.177E+00
  2.996870E+00 1.378E+00
  2.996924E+00 1.517E+00
  2.996978E+00 1.687E+00
  2.997032E+00 1.895E+00
  2.997086E+00 2.154E+00
  2.997140E+00 2.476E+00
  2.997193E+00 2.882E+00
  2.997247E+00 3.401E+00
  2.997300E+00 4.079E+00
  2.997353E+00 4.983E+00
  2.997406E+00 6.224E+00
  2.997459E+00 7.986E+00
  2.997512E+00 1.060E+01
  2.997565E+00 1.473E+01
  2.997617E+00 2.175E+01
  2.997669E+00 3.518E+01
  2.997722E+00 6.592E+01
  2.997774E+00 1.637E+02
  2.997826E+00 8.845E+02
  2.997878E+00 8.256E+03
  2.997929E+00 3.377E+02
  2.997981E+00 1.049E+02
  2.998032E+00 5.074E+01
  2.998083E+00 2.996E+01
  2.998135E+00 1.984E+01
  2.998186E+00 1.415E+01
  2.998236E+00 1.063E+01
  2.998287E+00 8.298E+00
  2.998338E+00 6.674E+00
  2.998388E+00 5.496E+00
  2.998439E+00 4.614E+00
  2.998489E+00 3.936E+00
  2.998539E+00 3.403E+00
  2.998589E+00 2.977E+00
  2.998639E+00 2.630E+00
  2.998688E+00 2.343E+00
  2.998788E+00 1.903E+00
  2.998886E+00 1.585E+00
  2.998984E+00 1.348E+00
  2.999130E+00 1.097E+00
  2.999227E+00 9.903E-01
  2.999275E+00 9.712E-01
  2.999323E+00 1.116E+00
  2.999371E+00 5.477E-01
  2.999419E+00 6.601E-01
  2.999467E+00 6.555E-01
  2.999844E+00 4.823E-01
  3.000123E+00 3.916E-01
  3.000351E+00 3.400E-01
  3.000442E+00 3.289E-01
  3.000487E+00 3.293E-01
  3.000532E+00 3.406E-01
  3.000577E+00 3.831E-01
  3.000622E+00 5.552E-01
  3.000667E+00 1.994E+00
  3.000711E+00 3.478E+01
  3.000756E+00 1.639E+00
  3.000800E+00 1.113E+00
  3.000845E+00 2.859E-01
  3.000889E+00 2.940E-01
  3.000933E+00 2.959E-01
  3.001195E+00 2.510E-01
  3.001539E+00 2.179E-01
  3.002001E+00 1.926E-01
  3.002531E+00 1.791E-01
  3.003006E+00 1.801E-01
  3.003315E+00 1.908E-01
  3.003543E+00 2.092E-01
  3.003694E+00 2.324E-01
  3.003805E+00 2.635E-01
  3.003879E+00 3.000E-01
  3.003916E+00 3.288E-01
  3.003953E+00 3.720E-01
  3.003990E+00 4.448E-01
  3.004027E+00 5.949E-01
  3.004063E+00 1.062E+00
  3.004100E+00 7.007E+00
  3.004136E+00 1.249E+00
  3.004173E+00 1.803E-01
  3.004209E+00 1.410E-01
  3.004245E+00 1.584E-01
  3.004353E+00 2.372E-01
  3.004425E+00 3.024E-01
  3.004460E+00 3.437E-01
  3.004496E+00 3.947E-01
  3.004531E+00 4.603E-01
  3.004567E+00 5.481E-01
  3.004602E+00 6.716E-01
  3.004638E+00 8.552E-01
  3.004673E+00 1.149E+00
  3.004708E+00 1.669E+00
  3.004743E+00 2.734E+00
  3.004778E+00 5.526E+00
  3.004813E+00 1.776E+01
  3.004848E+00 5.335E+02
  3.004882E+00 4.108E+01
  3.004917E+00 8.014E+00
  3.004951E+00 3.365E+00
  3.004986E+00 1.893E+00
  3.005020E+00 1.252E+00
  3.005055E+00 9.192E-01
  3.005089E+00 7.281E-01
  3.005123E+00 6.106E-01
  3.005157E+00 5.356E-01
  3.005191E+00 4.868E-01
  3.005225E+00 4.556E-01
  3.005259E+00 4.367E-01
  3.005326E+00 4.247E-01
  3.005394E+00 4.385E-01
  3.005461E+00 4.747E-01
  3.005527E+00 5.364E-01
  3.005593E+00 6.326E-01
  3.005627E+00 6.993E-01
  3.005659E+00 7.834E-01
  3.005692E+00 8.908E-01
  3.005725E+00 1.031E+00
  3.005758E+00 1.218E+00
  3.005791E+00 1.477E+00
  3.005823E+00 1.849E+00
  3.005856E+00 2.413E+00
  3.005888E+00 3.335E+00
  3.005921E+00 5.009E+00
  3.005953E+00 8.587E+00
  3.005985E+00 1.878E+01
  3.006017E+00 7.542E+01
  3.006049E+00 9.645E+03
  3.006081E+00 5.604E+01
  3.006113E+00 1.408E+01
  3.006145E+00 6.066E+00
  3.006177E+00 3.277E+00
  3.006209E+00 2.006E+00
  3.006241E+00 1.329E+00
  3.006272E+00 9.299E-01
  3.006304E+00 6.769E-01
  3.006335E+00 5.078E-01
  3.006367E+00 3.900E-01
  3.006398E+00 3.053E-01
  3.006429E+00 2.426E-01
  3.006460E+00 1.953E-01
  3.006491E+00 1.590E-01
  3.006522E+00 1.306E-01
  3.006553E+00 1.081E-01
  3.006584E+00 9.014E-02
  3.006615E+00 7.564E-02
  3.006646E+00 6.387E-02
  3.006677E+00 5.426E-02
  3.006707E+00 4.640E-02
  3.006738E+00 3.998E-02
  3.006769E+00 3.478E-02
  3.006799E+00 3.066E-02
  3.006829E+00 2.760E-02
  3.006860E+00 2.574E-02
  3.006890E+00 2.573E-02
  3.006920E+00 3.029E-02
  3.006950E+00 6.398E-02
  3.006980E+00 1.479E-01
  3.007010E+00 5.327E-04
  3.007040E+00 6.174E-04
  3.007070E+00 9.822E-04
  3.007100E+00 1.038E-03
  3.007130E+00 9.383E-04
  3.007218E+00 4.442E-04
  3.007248E+00 3.078E-04
  3.007277E+00 2.007E-04
  3.007307E+00 1.242E-04
  3.007336E+00 7.781E-05
  3.007365E+00 6.021E-05
  3.007394E+00 6.949E-05
  3.007423E+00 1.037E-04
  3.007453E+00 1.610E-04
  3.007482E+00 2.401E-04
  3.007510E+00 3.402E-04
  3.007539E+00 4.621E-04
  3.007568E+00 6.096E-04
  3.007597E+00 7.926E-04
  3.007625E+00 1.038E-03
  3.007654E+00 1.425E-03
  3.007683E+00 2.241E-03
  3.007711E+00 5.115E-03
  3.007740E+00 4.201E-02
  3.007768E+00 6.279E-02
  3.007796E+00 9.853E-03
  3.007824E+00 5.645E-03
  3.007853E+00 4.679E-03
  3.007881E+00 2.761E-03
  3.007909E+00 3.725E-03
  3.007993E+00 4.112E-03
  3.008159E+00 5.289E-03
  3.008538E+00 8.586E-03
  3.008907E+00 1.234E-02
  3.009189E+00 1.594E-02
  3.009391E+00 1.936E-02
  3.009564E+00 2.353E-02
  3.009687E+00 2.793E-02
  3.009760E+00 3.181E-02
  3.009808E+00 3.543E-02
  3.009856E+00 4.075E-02
  3.009880E+00 4.463E-02
  3.009904E+00 5.010E-02
  3.009928E+00 5.866E-02
  3.009952E+00 7.464E-02
  3.009976E+00 1.164E-01
  3.009999E+00 3.940E-01
  3.010023E+00 4.444E-01
  3.010047E+00 3.180E-02
  3.010070E+00 2.409E-02
  3.010094E+00 2.754E-02
  3.010164E+00 4.195E-02
  3.010188E+00 4.750E-02
  3.010211E+00 5.382E-02
  3.010234E+00 6.130E-02
  3.010258E+00 7.048E-02
  3.010281E+00 8.215E-02
  3.010304E+00 9.757E-02
  3.010327E+00 1.188E-01
  3.010350E+00 1.498E-01
  3.010373E+00 1.977E-01
  3.010396E+00 2.788E-01
  3.010419E+00 4.339E-01
  3.010442E+00 7.936E-01
  3.010465E+00 1.987E+00
  3.010488E+00 1.245E+01
  3.010510E+00 4.348E+01
  3.010533E+00 2.956E+00
  3.010556E+00 9.990E-01
  3.010578E+00 5.125E-01
  3.010601E+00 3.225E-01
  3.010623E+00 2.300E-01
  3.010646E+00 1.789E-01
  3.010668E+00 1.484E-01
  3.010691E+00 1.294E-01
  3.010713E+00 1.173E-01
  3.010735E+00 1.097E-01
  3.010758E+00 1.053E-01
  3.010802E+00 1.032E-01
  3.010846E+00 1.077E-01
  3.010890E+00 1.180E-01
  3.010934E+00 1.350E-01
  3.010978E+00 1.613E-01
  3.011000E+00 1.794E-01
  3.011021E+00 2.022E-01
  3.011043E+00 2.313E-01
  3.011065E+00 2.691E-01
  3.011086E+00 3.196E-01
  3.011108E+00 3.890E-01
  3.011129E+00 4.883E-01
  3.011151E+00 6.382E-01
  3.011172E+00 8.808E-01
  3.011194E+00 1.315E+00
  3.011215E+00 2.219E+00
  3.011236E+00 4.666E+00
  3.011258E+00 1.643E+01
  3.011279E+00 1.462E+03
  3.011300E+00 2.213E+01
  3.011321E+00 4.831E+00
  3.011342E+00 1.999E+00
  3.011364E+00 1.063E+00
  3.011385E+00 6.469E-01
  3.011406E+00 4.282E-01
  3.011427E+00 3.002E-01
  3.011447E+00 2.194E-01
  3.011468E+00 1.654E-01
  3.011489E+00 1.279E-01
  3.011510E+00 1.008E-01
  3.011531E+00 8.079E-02
  3.011551E+00 6.561E-02
  3.011572E+00 5.391E-02
  3.011593E+00 4.474E-02
  3.011613E+00 3.746E-02
  3.011634E+00 3.163E-02
  3.011654E+00 2.690E-02
  3.011675E+00 2.306E-02
  3.011695E+00 1.993E-02
  3.011716E+00 1.738E-02
  3.011736E+00 1.531E-02
  3.011756E+00 1.369E-02
  3.011777E+00 1.248E-02
  3.011797E+00 1.173E-02
  3.011817E+00 1.160E-02
  3.011837E+00 1.266E-02
  3.011858E+00 1.736E-02
  3.011878E+00 5.481E-02
  3.011898E+00 5.044E-02
  3.011918E+00 9.702E-04
  3.011938E+00 1.398E-04
  3.011958E+00 1.942E-04
  3.011978E+00 2.443E-04
  3.011997E+00 2.499E-04
  3.012017E+00 2.278E-04
  3.012077E+00 1.211E-04
  3.012096E+00 9.241E-05
  3.012116E+00 7.134E-05
  3.012136E+00 5.869E-05
  3.012155E+00 5.475E-05
  3.012175E+00 5.953E-05
  3.012194E+00 7.297E-05
  3.012214E+00 9.512E-05
  3.012233E+00 1.264E-04
  3.012252E+00 1.679E-04
  3.012272E+00 2.224E-04
  3.012291E+00 2.966E-04
  3.012310E+00 4.074E-04
  3.012330E+00 6.049E-04
  3.012349E+00 1.084E-03
  3.012368E+00 3.161E-03
  3.012387E+00 8.483E-02
  3.012406E+00 1.042E-02
  3.012425E+00 2.694E-03
  3.012444E+00 1.589E-03
  3.012463E+00 1.181E-03
  3.012482E+00 6.958E-04
  3.012501E+00 2.599E-03
  3.012520E+00 1.725E-03
  3.012539E+00 1.626E-03
  3.012558E+00 1.627E-03
  3.012595E+00 1.722E-03
  3.012670E+00 2.032E-03
  3.012836E+00 2.918E-03
  3.013053E+00 4.309E-03
  3.013266E+00 5.985E-03
  3.013439E+00 7.770E-03
  3.013576E+00 9.697E-03
  3.013677E+00 1.172E-02
  3.013744E+00 1.364E-02
  3.013794E+00 1.567E-02
  3.013827E+00 1.761E-02
  3.013860E+00 2.053E-02
  3.013876E+00 2.276E-02
  3.013893E+00 2.610E-02
  3.013909E+00 3.195E-02
  3.013925E+00 4.566E-02
  3.013942E+00 1.118E-01
  3.013958E+00 6.062E-01
  3.013974E+00 1.688E-02
  3.013990E+00 1.232E-02
  3.014007E+00 1.421E-02
  3.014055E+00 2.148E-02
  3.014087E+00 2.732E-02
  3.014103E+00 3.097E-02
  3.014119E+00 3.542E-02
  3.014135E+00 4.102E-02
  3.014151E+00 4.835E-02
  3.014167E+00 5.832E-02
  3.014183E+00 7.257E-02
  3.014199E+00 9.417E-02
  3.014215E+00 1.296E-01
  3.014230E+00 1.943E-01
  3.014246E+00 3.336E-01
  3.014262E+00 7.319E-01
  3.014278E+00 2.907E+00
  3.014293E+00 1.189E+03
  3.014309E+00 2.744E+00
  3.014325E+00 7.128E-01
  3.014340E+00 3.314E-01
  3.014356E+00 1.979E-01
  3.014372E+00 1.367E-01
  3.014387E+00 1.041E-01
  3.014403E+00 8.504E-02
  3.014418E+00 7.334E-02
  3.014434E+00 6.599E-02
  3.014449E+00 6.141E-02
  3.014464E+00 5.874E-02
  3.014495E+00 5.732E-02
  3.014526E+00 5.972E-02
  3.014556E+00 6.547E-02
  3.014587E+00 7.501E-02
  3.014617E+00 8.974E-02
  3.014632E+00 9.988E-02
  3.014647E+00 1.126E-01
  3.014662E+00 1.289E-01
  3.014677E+00 1.500E-01
  3.014692E+00 1.780E-01
  3.014707E+00 2.165E-01
  3.014722E+00 2.713E-01
  3.014737E+00 3.536E-01
  3.014752E+00 4.856E-01
  3.014767E+00 7.189E-01
  3.014782E+00 1.195E+00
  3.014797E+00 2.435E+00
  3.014811E+00 7.837E+00
  3.014826E+00 2.317E+02
  3.014841E+00 1.698E+01
  3.014856E+00 3.212E+00
  3.014870E+00 1.276E+00
  3.014885E+00 6.665E-01
  3.014900E+00 4.018E-01
  3.014914E+00 2.647E-01
  3.014929E+00 1.851E-01
  3.014944E+00 1.351E-01
  3.014958E+00 1.019E-01
  3.014973E+00 7.889E-02
  3.014987E+00 6.231E-02
  3.015002E+00 5.005E-02
  3.015016E+00 4.077E-02
  3.015030E+00 3.362E-02
  3.015045E+00 2.801E-02
  3.015059E+00 2.357E-02
  3.015074E+00 2.000E-02
  3.015088E+00 1.712E-02
  3.015102E+00 1.478E-02
  3.015131E+00 1.134E-02
  3.015145E+00 1.012E-02
  3.015159E+00 9.181E-03
  3.015173E+00 8.533E-03
  3.015188E+00 8.230E-03
  3.015202E+00 8.453E-03
  3.015216E+00 9.801E-03
  3.015230E+00 1.521E-02
  3.015244E+00 7.972E-02
  3.015258E+00 1.883E-02
  3.015272E+00 7.694E-04
  3.015286E+00 1.195E-04
  3.015300E+00 1.121E-04
  3.015314E+00 1.382E-04
  3.015328E+00 1.462E-04
  3.015342E+00 1.389E-04
  3.015356E+00 1.232E-04
  3.015383E+00 8.662E-05
  3.015397E+00 7.125E-05
  3.015411E+00 5.980E-05
  3.015425E+00 5.298E-05
  3.015439E+00 5.115E-05
  3.015452E+00 5.457E-05
  3.015466E+00 6.345E-05
  3.015480E+00 7.818E-05
  3.015493E+00 9.957E-05
  3.015507E+00 1.294E-04
  3.015521E+00 1.715E-04
  3.015534E+00 2.353E-04
  3.015548E+00 3.471E-04
  3.015561E+00 5.999E-04
  3.015575E+00 1.515E-03
  3.015588E+00 1.445E-02
  3.015602E+00 1.236E-02
  3.015615E+00 1.900E-03
  3.015629E+00 9.514E-04
  3.015642E+00 6.597E-04
  3.015655E+00 4.681E-04
  3.015669E+00 3.025E-04
  3.015682E+00 2.119E-03
  3.015695E+00 1.228E-03
  3.015709E+00 1.096E-03
  3.015722E+00 1.070E-03
  3.015749E+00 1.107E-03
  3.015801E+00 1.290E-03
  3.015893E+00 1.718E-03
  3.016047E+00 2.602E-03
  3.016186E+00 3.583E-03
  3.016310E+00 4.696E-03
  3.016408E+00 5.854E-03
  3.016492E+00 7.237E-03
  3.016552E+00 8.639E-03
  3.016600E+00 1.029E-02
  3.016635E+00 1.228E-02
  3.016647E+00 1.326E-02
  3.016659E+00 1.456E-02
  3.016670E+00 1.645E-02
  3.016682E+00 1.961E-02
  3.016694E+00 2.643E-02
  3.016705E+00 5.339E-02
  3.016717E+00 1.127E+00
  3.016729E+00 1.225E-02
  3.016740E+00 8.537E-03
  3.016752E+00 9.914E-03
  3.016787E+00 1.485E-02
  3.016810E+00 1.874E-02
  3.016833E+00 2.407E-02
  3.016844E+00 2.773E-02
  3.016856E+00 3.247E-02
  3.016867E+00 3.887E-02
  3.016879E+00 4.789E-02
  3.016890E+00 6.134E-02
  3.016901E+00 8.291E-02
  3.016913E+00 1.211E-01
  3.016924E+00 1.993E-01
  3.016935E+00 4.033E-01
  3.016947E+00 1.282E+00
  3.016958E+00 3.187E+01
  3.016969E+00 3.438E+00
  3.016980E+00 6.520E-01
  3.016992E+00 2.747E-01
  3.017003E+00 1.563E-01
  3.017014E+00 1.048E-01
  3.017025E+00 7.826E-02
  3.017037E+00 6.308E-02
  3.017048E+00 5.387E-02
  3.017059E+00 4.811E-02
  3.017070E+00 4.454E-02
  3.017081E+00 4.244E-02
  3.017092E+00 4.140E-02
  3.017114E+00 4.170E-02
  3.017136E+00 4.453E-02
  3.017158E+00 4.989E-02
  3.017180E+00 5.836E-02
  3.017191E+00 6.418E-02
  3.017202E+00 7.141E-02
  3.017213E+00 8.049E-02
  3.017224E+00 9.206E-02
  3.017235E+00 1.070E-01
  3.017245E+00 1.269E-01
  3.017256E+00 1.542E-01
  3.017267E+00 1.928E-01
  3.017278E+00 2.505E-01
  3.017289E+00 3.424E-01
  3.017299E+00 5.032E-01
  3.017310E+00 8.262E-01
  3.017321E+00 1.643E+00
  3.017332E+00 4.953E+00
  3.017342E+00 8.457E+01
  3.017353E+00 1.611E+01
  3.017364E+00 2.642E+00
  3.017374E+00 1.010E+00
  3.017385E+00 5.189E-01
  3.017395E+00 3.100E-01
  3.017406E+00 2.031E-01
  3.017417E+00 1.416E-01
  3.017427E+00 1.032E-01
  3.017438E+00 7.780E-02
  3.017448E+00 6.020E-02
  3.017459E+00 4.757E-02
  3.017469E+00 3.824E-02
  3.017480E+00 3.119E-02
  3.017490E+00 2.576E-02
  3.017501E+00 2.152E-02
  3.017511E+00 1.815E-02
  3.017532E+00 1.327E-02
  3.017542E+00 1.151E-02
  3.017563E+00 8.932E-03
  3.017573E+00 8.028E-03
  3.017584E+00 7.355E-03
  3.017594E+00 6.923E-03
  3.021156E+00 1.532E+00
  3.024486E+00 1.189E+00
  3.027786E+00 9.058E-01
  3.027796E+00 1.102E+00
  3.031914E+00 8.363E-01
  3.035986E+00 6.584E-01
  3.040013E+00 5.332E-01
  3.043996E+00 4.417E-01
  3.047935E+00 3.726E-01
  3.051831E+00 3.191E-01
  3.055685E+00 2.768E-01
  3.059497E+00 2.426E-01
  3.063268E+00 2.145E-01
  3.070689E+00 1.717E-01
  3.077952E+00 1.408E-01
  3.085062E+00 1.178E-01
  3.095448E+00 9.287E-02
  3.105513E+00 7.535E-02
  3.115270E+00 6.259E-02
  3.127821E+00 5.037E-02
  3.142813E+00 3.992E-02
  3.157076E+00 3.272E-02
  3.173297E+00 2.668E-02
  3.191077E+00 2.182E-02
  3.212287E+00 1.764E-02
  3.235954E+00 1.441E-02
  3.259280E+00 1.226E-02
  3.281994E+00 1.099E-02
  3.297879E+00 1.069E-02
  3.306815E+00 1.100E-02
  3.312542E+00 1.174E-02
  3.315338E+00 1.249E-02
  3.318092E+00 1.381E-02
  3.319453E+00 1.487E-02
  3.320803E+00 1.637E-02
  3.322143E+00 1.858E-02
  3.323473E+00 2.186E-02
  3.326102E+00 3.158E-02
  3.327402E+00 3.297E-02
  3.328692E+00 2.792E-02
  3.329972E+00 2.111E-02
  3.331243E+00 1.624E-02
  3.332504E+00 1.335E-02
  3.333755E+00 1.168E-02
  3.334998E+00 1.070E-02
  3.336231E+00 1.012E-02
  3.338669E+00 9.550E-03
  3.342260E+00 9.368E-03
  3.348072E+00 9.759E-03
  3.352571E+00 1.055E-02
  3.355861E+00 1.167E-02
  3.358016E+00 1.299E-02
  3.359082E+00 1.403E-02
  3.360140E+00 1.555E-02
  3.361191E+00 1.798E-02
  3.362234E+00 2.242E-02
  3.363270E+00 3.247E-02
  3.364299E+00 6.725E-02
  3.365321E+00 5.609E-01
  3.366335E+00 2.328E-01
  3.367343E+00 3.310E-02
  3.368343E+00 1.599E-02
  3.369336E+00 1.189E-02
  3.370323E+00 1.059E-02
  3.371303E+00 1.019E-02
  3.373242E+00 1.032E-02
  3.376102E+00 1.128E-02
  3.379825E+00 1.327E-02
  3.382552E+00 1.543E-02
  3.385224E+00 1.855E-02
  3.386976E+00 2.150E-02
  3.388705E+00 2.561E-02
  3.389561E+00 2.830E-02
  3.390411E+00 3.159E-02
  3.391256E+00 3.568E-02
  3.392095E+00 4.085E-02
  3.392929E+00 4.751E-02
  3.393757E+00 5.628E-02
  3.394580E+00 6.810E-02
  3.395397E+00 8.443E-02
  3.396209E+00 1.074E-01
  3.397016E+00 1.402E-01
  3.397818E+00 1.856E-01
  3.398614E+00 2.419E-01
  3.399406E+00 2.909E-01
  3.400192E+00 2.982E-01
  3.400974E+00 2.552E-01
  3.401750E+00 1.943E-01
  3.402521E+00 1.425E-01
  3.403288E+00 1.057E-01
  3.404049E+00 8.087E-02
  3.404806E+00 6.430E-02
  3.405558E+00 5.318E-02
  3.406306E+00 4.572E-02
  3.407048E+00 4.082E-02
  3.407786E+00 3.781E-02
  3.408519E+00 3.633E-02
  3.409248E+00 3.620E-02
  3.409972E+00 3.742E-02
  3.410692E+00 4.017E-02
  3.411407E+00 4.488E-02
  3.412118E+00 5.234E-02
  3.412824E+00 6.397E-02
  3.413526E+00 8.230E-02
  3.414224E+00 1.116E-01
  3.414917E+00 1.576E-01
  3.415606E+00 2.184E-01
  3.416291E+00 2.557E-01
  3.416972E+00 2.202E-01
  3.417649E+00 1.506E-01
  3.418321E+00 9.691E-02
  3.418989E+00 6.392E-02
  3.419654E+00 4.419E-02
  3.420314E+00 3.203E-02
  3.420970E+00 2.420E-02
  3.421623E+00 1.894E-02
  3.422271E+00 1.528E-02
  3.422916E+00 1.266E-02
  3.423556E+00 1.072E-02
  3.424193E+00 9.256E-03
  3.424826E+00 8.132E-03
  3.425455E+00 7.254E-03
  3.426081E+00 6.558E-03
  3.427321E+00 5.549E-03
  3.428546E+00 4.878E-03
  3.430357E+00 4.248E-03
  3.432137E+00 3.886E-03
  3.435035E+00 3.606E-03
  3.438953E+00 3.561E-03
  3.443768E+00 3.812E-03
  3.448345E+00 4.317E-03
  3.452228E+00 5.024E-03
  3.455489E+00 5.962E-03
  3.457745E+00 6.942E-03
  3.459941E+00 8.372E-03
  3.461657E+00 1.007E-02
  3.462921E+00 1.190E-02
  3.464165E+00 1.452E-02
  3.464984E+00 1.695E-02
  3.465794E+00 2.025E-02
  3.466596E+00 2.487E-02
  3.466994E+00 2.791E-02
  3.467390E+00 3.161E-02
  3.467784E+00 3.617E-02
  3.468176E+00 4.187E-02
  3.468565E+00 4.903E-02
  3.468953E+00 5.812E-02
  3.469339E+00 6.965E-02
  3.469723E+00 8.416E-02
  3.470105E+00 1.021E-01
  3.470485E+00 1.271E-01
  3.470864E+00 4.644E-01
  3.471240E+00 3.929E-01
  3.471614E+00 2.492E-01
  3.471987E+00 2.075E-01
  3.472726E+00 1.363E-01
  3.473093E+00 1.078E-01
  3.473459E+00 8.572E-02
  3.473822E+00 6.909E-02
  3.474184E+00 5.671E-02
  3.474543E+00 4.749E-02
  3.474901E+00 4.061E-02
  3.475258E+00 3.550E-02
  3.475612E+00 3.176E-02
  3.475965E+00 2.917E-02
  3.476316E+00 2.768E-02
  3.476665E+00 2.745E-02
  3.477013E+00 2.922E-02
  3.477359E+00 3.551E-02
  3.477703E+00 5.869E-02
  3.478046E+00 2.844E-01
  3.478386E+00 3.517E-01
  3.478726E+00 3.454E-02
  3.479063E+00 1.606E-02
  3.479399E+00 1.171E-02
  3.479734E+00 1.009E-02
  3.480066E+00 9.331E-03
  3.480727E+00 8.679E-03
  3.481706E+00 8.462E-03
  3.482990E+00 8.815E-03
  3.483937E+00 9.512E-03
  3.484871E+00 1.073E-02
  3.485486E+00 1.201E-02
  3.486095E+00 1.394E-02
  3.486398E+00 1.530E-02
  3.486699E+00 1.708E-02
  3.486999E+00 1.947E-02
  3.487297E+00 2.281E-02
  3.487594E+00 2.771E-02
  3.487890E+00 3.542E-02
  3.488184E+00 4.872E-02
  3.488477E+00 7.503E-02
  3.488769E+00 1.404E-01
  3.489059E+00 3.978E-01
  3.489348E+00 5.720E+00
  3.489635E+00 1.446E+00
  3.489921E+00 2.283E-01
  3.490206E+00 9.000E-02
  3.490490E+00 4.940E-02
  3.490772E+00 3.250E-02
  3.491053E+00 2.407E-02
  3.491333E+00 1.936E-02
  3.491612E+00 1.656E-02
  3.491889E+00 1.482E-02
  3.492165E+00 1.373E-02
  3.492440E+00 1.307E-02
  3.492985E+00 1.253E-02
  3.493526E+00 1.285E-02
  3.493795E+00 1.363E-02
  3.494062E+00 1.769E-02
  3.494328E+00 1.147E-01
  3.494593E+00 1.456E-02
  3.494857E+00 1.372E-02
  3.495381E+00 1.435E-02
  3.496416E+00 1.677E-02
  3.497432E+00 2.030E-02
  3.498183E+00 2.395E-02
  3.498923E+00 2.888E-02
  3.499655E+00 3.578E-02
  3.500137E+00 4.205E-02
  3.500615E+00 5.034E-02
  3.501089E+00 6.165E-02
  3.501324E+00 6.892E-02
  3.501558E+00 7.767E-02
  3.501792E+00 8.832E-02
  3.502024E+00 1.015E-01
  3.502256E+00 1.179E-01
  3.502486E+00 1.389E-01
  3.502716E+00 1.661E-01
  3.502944E+00 2.022E-01
  3.503172E+00 2.509E-01
  3.503398E+00 3.181E-01
  3.503624E+00 4.118E-01
  3.503848E+00 5.417E-01
  3.504072E+00 7.121E-01
  3.504295E+00 9.002E-01
  3.504517E+00 1.029E+00
  3.504737E+00 1.005E+00
  3.504957E+00 8.457E-01
  3.505176E+00 6.501E-01
  3.505395E+00 4.853E-01
  3.505612E+00 3.645E-01
  3.505828E+00 2.797E-01
  3.506043E+00 2.206E-01
  3.506258E+00 1.791E-01
  3.506472E+00 1.496E-01
  3.506684E+00 1.287E-01
  3.506896E+00 1.140E-01
  3.507107E+00 1.042E-01
  3.507317E+00 9.846E-02
  3.507526E+00 9.665E-02
  3.507735E+00 9.930E-02
  3.507942E+00 1.086E-01
  3.508149E+00 1.336E-01
  3.508355E+00 2.332E-01
  3.508560E+00 2.010E-01
  3.508764E+00 2.000E-01
  3.508967E+00 2.750E-01
  3.509169E+00 4.270E-01
  3.509371E+00 6.920E-01
  3.509572E+00 8.942E-01
  3.509772E+00 6.691E-01
  3.509971E+00 3.719E-01
  3.510169E+00 2.078E-01
  3.510367E+00 1.253E-01
  3.510564E+00 8.098E-02
  3.510760E+00 5.516E-02
  3.510955E+00 3.893E-02
  3.511149E+00 2.801E-02
  3.511343E+00 2.015E-02
  3.511536E+00 1.401E-02
  3.511728E+00 8.838E-03
  3.511919E+00 8.367E-03
  3.512110E+00 2.658E-01
  3.512299E+00 3.544E-02
  3.512488E+00 1.961E-02
  3.512677E+00 1.413E-02
  3.512864E+00 1.119E-02
  3.513051E+00 9.287E-03
  3.513237E+00 7.933E-03
  3.513422E+00 6.915E-03
  3.513607E+00 6.125E-03
  3.513791E+00 5.499E-03
  3.514156E+00 4.590E-03
  3.514519E+00 3.997E-03
  3.514878E+00 3.620E-03
  3.515413E+00 3.341E-03
  3.515941E+00 3.316E-03
  3.516463E+00 3.489E-03
  3.516979E+00 3.835E-03
  3.517658E+00 4.560E-03
  3.518326E+00 5.609E-03
  3.518984E+00 7.057E-03
  3.519471E+00 8.481E-03
  3.519953E+00 1.029E-02
  3.520429E+00 1.262E-02
  3.520900E+00 1.567E-02
  3.521365E+00 1.982E-02
  3.521673E+00 2.367E-02
  3.521826E+00 2.644E-02
  3.521978E+00 3.175E-02
  3.522130E+00 7.819E-02
  3.522281E+00 6.833E-02
  3.522432E+00 4.045E-02
  3.522582E+00 4.047E-02
  3.523177E+00 5.105E-02
  3.523324E+00 5.164E-02
  3.523471E+00 4.926E-02
  3.523617E+00 4.498E-02
  3.523763E+00 6.480E-02
  3.523908E+00 2.592E-01
  3.524053E+00 6.026E-01
  3.524197E+00 7.017E-01
  3.524483E+00 7.443E-01
  3.524626E+00 7.512E-01
  3.524768E+00 7.282E-01
  3.524910E+00 6.705E-01
  3.525331E+00 4.198E-01
  3.525471E+00 3.535E-01
  3.525610E+00 3.057E-01
  3.525748E+00 2.854E-01
  3.525886E+00 3.606E-01
  3.526024E+00 1.065E+01
  3.526161E+00 2.832E-01
  3.526297E+00 1.383E-01
  3.526433E+00 1.071E-01
  3.526569E+00 9.092E-02
  3.526704E+00 7.976E-02
  3.526838E+00 7.125E-02
  3.526972E+00 6.450E-02
  3.527106E+00 5.913E-02
  3.527239E+00 5.539E-02
  3.527372E+00 3.916E+00
  3.527504E+00 4.544E-02
  3.527898E+00 3.892E-02
  3.528288E+00 3.471E-02
  3.528673E+00 3.234E-02
  3.529181E+00 3.133E-02
  3.529682E+00 3.256E-02
  3.529930E+00 3.436E-02
  3.530053E+00 3.585E-02
  3.530176E+00 3.820E-02
  3.530298E+00 4.266E-02
  3.530420E+00 5.526E-02
  3.530542E+00 1.549E-01
  3.530663E+00 5.732E-01
  3.530784E+00 7.880E-02
  3.530904E+00 6.033E-02
  3.531024E+00 6.021E-02
  3.531143E+00 6.656E-02
  3.531262E+00 8.049E-02
  3.531381E+00 1.114E-01
  3.531499E+00 2.011E-01
  3.531617E+00 7.130E-01
  3.531735E+00 1.570E+02
  3.531852E+00 6.102E-01
  3.531968E+00 2.047E-01
  3.532085E+00 1.269E-01
  3.532201E+00 1.010E-01
  3.532316E+00 9.082E-02
  3.532431E+00 8.724E-02
  3.532546E+00 8.713E-02
  3.532774E+00 9.306E-02
  3.533001E+00 1.054E-01
  3.533114E+00 1.143E-01
  3.533226E+00 1.256E-01
  3.533338E+00 1.401E-01
  3.533450E+00 1.595E-01
  3.533561E+00 1.865E-01
  3.533672E+00 2.266E-01
  3.533782E+00 2.918E-01
  3.533893E+00 4.135E-01
  3.534002E+00 6.971E-01
  3.534112E+00 1.708E+00
  3.534221E+00 1.477E+01
  3.534330E+00 9.782E+00
  3.534438E+00 1.379E+00
  3.534546E+00 6.100E-01
  3.534654E+00 4.101E-01
  3.534761E+00 3.428E-01
  3.534868E+00 3.240E-01
  3.534974E+00 3.292E-01
  3.535081E+00 3.501E-01
  3.535187E+00 3.838E-01
  3.535292E+00 4.305E-01
  3.535397E+00 4.918E-01
  3.535502E+00 5.714E-01
  3.535607E+00 6.748E-01
  3.535711E+00 8.100E-01
  3.535815E+00 9.894E-01
  3.535918E+00 1.230E+00
  3.536021E+00 1.557E+00
  3.536124E+00 1.999E+00
  3.536226E+00 2.581E+00
  3.536430E+00 3.957E+00
  3.536532E+00 4.321E+00
  3.536633E+00 4.171E+00
  3.536834E+00 3.146E+00
  3.536934E+00 2.995E+00
  3.537034E+00 3.910E+00
  3.537134E+00 5.774E+00
  3.537233E+00 2.921E+00
  3.537332E+00 1.471E+00
  3.537430E+00 9.499E-01
  3.537529E+00 7.030E-01
  3.537627E+00 5.730E-01
  3.537724E+00 5.449E-01
  3.537821E+00 9.057E-01
  3.537918E+00 1.067E+00
  3.538015E+00 4.040E-01
  3.538112E+00 2.718E-01
  3.538208E+00 2.153E-01
  3.538303E+00 1.805E-01
  3.538399E+00 1.556E-01
  3.538494E+00 1.365E-01
  3.538589E+00 1.214E-01
  3.538683E+00 1.093E-01
  3.538778E+00 9.958E-02
  3.538872E+00 9.204E-02
  3.538965E+00 8.653E-02
  3.539059E+00 8.308E-02
  3.539152E+00 8.199E-02
  3.539244E+00 8.387E-02
  3.539337E+00 8.989E-02
  3.539429E+00 1.024E-01
  3.539521E+00 1.260E-01
  3.539613E+00 1.713E-01
  3.539704E+00 2.641E-01
  3.539795E+00 4.750E-01
  3.539886E+00 9.636E-01
  3.539976E+00 1.425E+00
  3.540066E+00 9.165E-01
  3.540156E+00 4.788E-01
  3.540246E+00 2.911E-01
  3.540335E+00 2.187E-01
  3.540424E+00 2.273E-01
  3.540513E+00 4.803E-01
  3.540602E+00 3.744E+00
  3.540690E+00 4.341E-01
  3.540778E+00 1.428E-01
  3.540866E+00 7.915E-02
  3.540953E+00 5.365E-02
  3.541040E+00 4.001E-02
  3.541127E+00 3.141E-02
  3.541214E+00 2.543E-02
  3.541300E+00 2.099E-02
  3.541386E+00 1.755E-02
  3.541472E+00 1.479E-02
  3.541558E+00 1.254E-02
  3.541643E+00 1.068E-02
  3.541728E+00 9.109E-03
  3.541813E+00 7.788E-03
  3.541897E+00 6.671E-03
  3.541982E+00 5.728E-03
  3.542066E+00 4.936E-03
  3.542149E+00 4.279E-03
  3.542233E+00 3.743E-03
  3.542316E+00 3.320E-03
  3.542399E+00 3.002E-03
  3.542482E+00 2.785E-03
  3.542564E+00 2.665E-03
  3.542647E+00 2.641E-03
  3.542729E+00 2.712E-03
  3.542810E+00 2.880E-03
  3.542892E+00 3.148E-03
  3.542973E+00 3.520E-03
  3.543054E+00 4.000E-03
  3.543135E+00 4.597E-03
  3.543215E+00 5.318E-03
  3.543296E+00 6.176E-03
  3.543376E+00 7.182E-03
  3.543456E+00 8.353E-03
  3.543535E+00 9.709E-03
  3.543694E+00 1.307E-02
  3.543851E+00 1.753E-02
  3.544008E+00 2.349E-02
  3.544085E+00 2.722E-02
  3.544163E+00 3.162E-02
  3.544241E+00 3.684E-02
  3.544318E+00 4.315E-02
  3.544395E+00 5.093E-02
  3.544472E+00 6.086E-02
  3.544548E+00 7.417E-02
  3.544624E+00 9.351E-02
  3.544701E+00 1.257E-01
  3.544776E+00 1.942E-01
  3.544852E+00 4.334E-01
  3.544928E+00 4.988E+00
  3.545003E+00 1.155E+00
  3.545078E+00 2.192E-01
  3.545152E+00 1.096E-01
  3.545227E+00 7.466E-02
  3.545301E+00 1.212E-01
  3.545375E+00 2.249E+01
  3.545449E+00 2.963E-01
  3.545523E+00 2.847E-01
  3.545597E+00 4.077E-01
  3.545670E+00 6.080E-01
  3.545743E+00 9.169E-01
  3.545816E+00 1.411E+00
  3.545888E+00 2.234E+00
  3.545961E+00 3.622E+00
  3.546033E+00 5.701E+00
  3.546105E+00 7.523E+00
  3.546177E+00 7.167E+00
  3.546248E+00 5.315E+00
  3.546320E+00 3.664E+00
  3.546391E+00 2.572E+00
  3.546462E+00 1.882E+00
  3.546532E+00 1.436E+00
  3.546603E+00 1.136E+00
  3.546673E+00 9.264E-01
  3.546743E+00 7.749E-01
  3.546813E+00 6.620E-01
  3.546883E+00 5.754E-01
  3.546953E+00 5.073E-01
  3.547091E+00 4.054E-01
  3.547160E+00 3.632E-01
  3.547229E+00 3.603E-01
  3.547297E+00 6.456E-01
  3.547366E+00 3.921E-01
  3.547434E+00 3.480E-01
  3.547502E+00 3.254E-01
  3.547637E+00 3.004E-01
  3.547772E+00 2.893E-01
  3.547906E+00 2.914E-01
  3.547972E+00 3.017E-01
  3.548039E+00 3.310E-01
  3.548105E+00 4.398E-01
  3.548171E+00 1.591E+00
  3.548237E+00 3.700E+00
  3.548303E+00 6.200E-01
  3.548368E+00 4.320E-01
  3.548434E+00 3.877E-01
  3.548499E+00 3.767E-01
  3.548564E+00 3.792E-01
  3.548693E+00 4.078E-01
  3.548758E+00 4.338E-01
  3.548822E+00 4.713E-01
  3.548886E+00 5.278E-01
  3.548950E+00 6.209E-01
  3.549013E+00 7.970E-01
  3.549077E+00 1.215E+00
  3.549140E+00 2.719E+00
  3.549204E+00 2.087E+01
  3.549267E+00 2.663E+01
  3.549329E+00 3.509E+00
  3.549392E+00 1.720E+00
  3.549455E+00 1.245E+00
  3.549517E+00 1.070E+00
  3.549579E+00 1.004E+00
  3.549641E+00 9.887E-01
  3.549703E+00 1.003E+00
  3.549826E+00 1.090E+00
  3.549948E+00 1.239E+00
  3.550070E+00 1.455E+00
  3.550191E+00 1.761E+00
  3.550252E+00 1.964E+00
  3.550312E+00 2.214E+00
  3.550372E+00 2.528E+00
  3.550431E+00 2.937E+00
  3.550491E+00 3.491E+00
  3.550551E+00 4.288E+00
  3.550610E+00 5.534E+00
  3.550669E+00 7.750E+00
  3.550728E+00 1.258E+01
  3.550787E+00 2.782E+01
  3.550846E+00 1.527E+02
  3.550904E+00 3.986E+02
  3.550962E+00 3.840E+01
  3.551021E+00 1.669E+01
  3.551079E+00 1.197E+01
  3.551137E+00 1.095E+01
  3.551194E+00 1.141E+01
  3.551252E+00 1.280E+01
  3.551309E+00 1.506E+01
  3.551367E+00 1.833E+01
  3.551424E+00 2.292E+01
  3.551481E+00 2.929E+01
  3.551538E+00 3.799E+01
  3.551594E+00 4.940E+01
  3.551707E+00 7.555E+01
  3.551763E+00 8.216E+01
  3.551819E+00 7.976E+01
  3.551931E+00 6.396E+01
  3.551987E+00 6.528E+01
  3.552042E+00 9.472E+01
  3.552097E+00 1.155E+02
  3.552153E+00 5.600E+01
  3.552208E+00 3.196E+01
  3.552263E+00 2.234E+01
  3.552317E+00 1.737E+01
  3.552372E+00 1.448E+01
  3.552426E+00 1.296E+01
  3.552481E+00 1.319E+01
  3.552535E+00 1.889E+01
  3.552589E+00 6.455E+01
  3.552643E+00 5.978E+01
  3.552697E+00 1.980E+01
  3.552750E+00 1.177E+01
  3.552804E+00 8.807E+00
  3.552857E+00 7.282E+00
  3.552910E+00 6.339E+00
  3.552963E+00 5.695E+00
  3.553016E+00 5.231E+00
  3.553121E+00 4.650E+00
  3.553226E+00 4.423E+00
  3.553278E+00 4.451E+00
  3.553331E+00 4.604E+00
  3.553383E+00 4.941E+00
  3.553434E+00 5.574E+00
  3.553486E+00 6.746E+00
  3.553538E+00 9.019E+00
  3.553589E+00 1.385E+01
  3.553640E+00 2.479E+01
  3.553691E+00 4.206E+01
  3.553742E+00 5.089E+01
  3.553793E+00 1.146E+02
  3.553844E+00 7.989E+02
  3.553895E+00 6.753E+01
  3.553945E+00 2.239E+01
  3.553995E+00 1.209E+01
  3.554046E+00 8.074E+00
  3.554096E+00 6.057E+00
  3.554146E+00 4.880E+00
  3.554196E+00 4.121E+00
  3.554245E+00 3.597E+00
  3.554295E+00 3.216E+00
  3.554344E+00 2.927E+00
  3.554443E+00 2.522E+00
  3.554590E+00 2.152E+00
  3.554736E+00 1.951E+00
  3.554832E+00 1.935E+00
  3.554880E+00 2.028E+00
  3.554928E+00 2.342E+00
  3.554976E+00 3.483E+00
  3.555024E+00 1.069E+01
  3.555071E+00 1.638E+03
  3.555119E+00 1.679E+01
  3.555166E+00 6.282E+00
  3.555214E+00 4.146E+00
  3.555261E+00 3.336E+00
  3.555308E+00 2.938E+00
  3.555355E+00 2.715E+00
  3.555401E+00 2.582E+00
  3.555495E+00 2.458E+00
  3.555634E+00 2.467E+00
  3.555772E+00 2.659E+00
  3.555863E+00 2.924E+00
  3.555908E+00 3.124E+00
  3.555954E+00 3.393E+00
  3.555999E+00 3.766E+00
  3.556044E+00 4.305E+00
  3.556089E+00 5.134E+00
  3.556134E+00 6.534E+00
  3.556179E+00 9.254E+00
  3.556224E+00 1.601E+01
  3.556269E+00 4.437E+01
  3.556313E+00 1.267E+03
  3.556357E+00 5.539E+01
  3.556402E+00 1.010E+01
  3.556446E+00 3.934E+00
  3.556490E+00 2.164E+00
  3.556534E+00 1.466E+00
  3.556578E+00 1.121E+00
  3.556622E+00 9.100E-01
  3.556665E+00 7.621E-01
  3.556709E+00 6.947E-01
  3.556752E+00 8.347E-01
  3.556796E+00 1.431E+00
  3.556839E+00 2.661E+00
  3.556925E+00 5.997E+00
  3.557011E+00 9.183E+00
  3.557053E+00 1.109E+01
  3.557096E+00 1.415E+01
  3.557138E+00 1.173E+03
  3.557181E+00 2.308E+01
  3.557223E+00 2.803E+01
  3.557265E+00 3.788E+01
  3.557307E+00 5.456E+01
  3.557349E+00 8.313E+01
  3.557391E+00 1.280E+02
  3.557433E+00 1.697E+02
  3.557475E+00 1.547E+02
  3.557516E+00 1.033E+02
  3.557558E+00 6.386E+01
  3.557599E+00 4.081E+01
  3.557640E+00 2.757E+01
  3.557681E+00 1.960E+01
  3.557723E+00 1.455E+01
  3.557764E+00 1.118E+01
  3.557804E+00 8.842E+00
  3.557845E+00 7.163E+00
  3.557886E+00 5.929E+00
  3.557926E+00 5.022E+00
  3.557967E+00 4.447E+00
  3.558007E+00 4.944E+00
  3.558048E+00 5.711E+02
  3.558088E+00 2.211E+01
  3.558128E+00 1.802E+01
  3.558168E+00 4.925E+00
  3.558208E+00 3.471E+00
  3.558248E+00 2.884E+00
  3.558287E+00 2.539E+00
  3.558327E+00 2.300E+00
  3.558406E+00 1.981E+00
  3.558485E+00 1.776E+00
  3.558602E+00 1.589E+00
  3.558718E+00 1.501E+00
  3.558795E+00 1.496E+00
  3.558872E+00 1.562E+00
  3.558910E+00 1.651E+00
  3.558949E+00 1.825E+00
  3.558987E+00 2.206E+00
  3.559025E+00 3.262E+00
  3.559063E+00 8.227E+00
  3.559100E+00 3.135E+02
  3.559138E+00 1.694E+01
  3.559176E+00 4.815E+00
  3.559213E+00 2.963E+00
  3.559251E+00 2.364E+00
  3.559288E+00 2.112E+00
  3.559325E+00 1.997E+00
  3.559363E+00 1.948E+00
  3.559437E+00 1.957E+00
  3.559547E+00 2.121E+00
  3.559657E+00 2.444E+00
  3.559730E+00 2.781E+00
  3.559802E+00 3.279E+00
  3.559838E+00 3.625E+00
  3.559874E+00 4.074E+00
  3.559910E+00 4.677E+00
  3.559946E+00 5.536E+00
  3.559982E+00 6.851E+00
  3.560018E+00 9.100E+00
  3.560053E+00 1.367E+01
  3.560089E+00 2.615E+01
  3.560124E+00 9.211E+01
  3.560160E+00 1.548E+03
  3.560195E+00 6.880E+01
  3.560230E+00 2.257E+01
  3.560265E+00 1.412E+01
  3.560300E+00 1.197E+01
  3.560335E+00 1.193E+01
  3.560370E+00 1.303E+01
  3.560405E+00 1.507E+01
  3.560440E+00 1.808E+01
  3.560474E+00 2.220E+01
  3.560509E+00 2.742E+01
  3.560543E+00 3.321E+01
  3.560578E+00 3.794E+01
  3.560612E+00 3.929E+01
  3.560646E+00 3.642E+01
  3.560680E+00 3.126E+01
  3.560714E+00 2.685E+01
  3.560748E+00 2.676E+01
  3.560782E+00 3.833E+01
  3.560816E+00 3.274E+01
  3.560850E+00 1.548E+01
  3.560884E+00 9.388E+00
  3.560917E+00 6.649E+00
  3.560951E+00 5.089E+00
  3.560984E+00 4.096E+00
  3.561018E+00 3.462E+00
  3.561051E+00 3.157E+00
  3.561085E+00 3.406E+00
  3.561118E+00 5.657E+00
  3.561151E+00 2.346E+01
  3.561184E+00 1.783E+01
  3.561217E+00 5.620E+00
  3.561250E+00 3.114E+00
  3.561283E+00 2.183E+00
  3.561315E+00 1.707E+00
  3.561348E+00 1.416E+00
  3.561381E+00 1.221E+00
  3.561413E+00 1.082E+00
  3.561446E+00 9.808E-01
  3.561478E+00 9.088E-01
  3.561510E+00 8.614E-01
  3.561542E+00 8.380E-01
  3.561575E+00 8.414E-01
  3.561607E+00 8.803E-01
  3.561639E+00 9.737E-01
  3.561671E+00 1.165E+00
  3.561703E+00 1.557E+00
  3.561734E+00 2.398E+00
  3.561766E+00 3.940E+00
  3.561798E+00 7.125E+00
  3.561829E+00 4.224E+01
  3.561861E+00 1.908E+01
  3.561892E+00 3.211E+00
  3.561924E+00 1.248E+00
  3.561955E+00 6.689E-01
  3.561986E+00 4.239E-01
  3.562018E+00 2.972E-01
  3.562049E+00 2.227E-01
  3.562080E+00 1.747E-01
  3.562111E+00 1.416E-01
  3.562142E+00 1.175E-01
  3.562173E+00 9.930E-02
  3.562203E+00 8.504E-02
  3.562234E+00 7.364E-02
  3.562265E+00 6.438E-02
  3.562295E+00 5.685E-02
  3.562326E+00 5.084E-02
  3.562356E+00 4.636E-02
  3.562387E+00 4.388E-02
  3.562417E+00 4.486E-02
  3.562447E+00 5.458E-02
  3.562477E+00 9.968E-02
  3.562508E+00 5.494E-01
  3.562538E+00 1.882E+00
  3.562568E+00 1.664E-01
  3.562598E+00 6.900E-02
  3.562627E+00 4.181E-02
  3.562657E+00 2.959E-02
  3.562687E+00 2.258E-02
  3.562717E+00 1.793E-02
  3.562746E+00 1.457E-02
  3.562776E+00 1.198E-02
  3.562805E+00 9.921E-03
  3.562835E+00 8.235E-03
  3.562864E+00 6.838E-03
  3.562893E+00 5.675E-03
  3.562923E+00 4.707E-03
  3.562952E+00 3.910E-03
  3.562981E+00 3.268E-03
  3.563010E+00 2.771E-03
  3.563039E+00 2.415E-03
  3.563068E+00 2.203E-03
  3.563097E+00 2.147E-03
  3.563125E+00 2.269E-03
  3.563154E+00 2.612E-03
  3.563183E+00 3.253E-03
  3.563211E+00 4.340E-03
  3.563240E+00 6.173E-03
  3.563269E+00 9.446E-03
  3.563297E+00 1.607E-02
  3.563325E+00 3.307E-02
  3.563354E+00 1.062E-01
  3.563382E+00 2.739E+00
  3.563410E+00 2.019E-01
  3.563438E+00 3.947E-02
  3.563466E+00 1.642E-02
  3.563494E+00 9.613E-03
  3.563522E+00 7.132E-03
  3.563550E+00 6.363E-03
  3.563578E+00 6.550E-03
  3.563606E+00 7.556E-03
  3.563633E+00 9.644E-03
  3.563661E+00 1.360E-02
  3.563689E+00 2.118E-02
  3.563716E+00 3.586E-02
  3.563744E+00 6.336E-02
  3.563771E+00 1.088E-01
  3.563826E+00 2.207E-01
  3.563853E+00 2.588E-01
  3.563907E+00 3.154E-01
  3.563935E+00 3.517E-01
  3.563962E+00 4.022E-01
  3.563989E+00 4.743E-01
  3.564015E+00 5.801E-01
  3.564042E+00 7.536E-01
  3.564069E+00 1.318E+01
  3.564096E+00 1.416E+00
  3.564123E+00 1.979E+00
  3.564149E+00 3.049E+00
  3.564176E+00 4.901E+00
  3.564202E+00 7.270E+00
  3.564229E+00 7.799E+00
  3.564282E+00 3.723E+00
  3.564308E+00 2.470E+00
  3.564334E+00 1.776E+00
  3.564360E+00 1.469E+00
  3.564386E+00 2.380E+00
  3.564413E+00 1.266E+00
  3.564439E+00 5.039E-01
  3.564465E+00 4.027E-01
  3.564490E+00 3.404E-01
  3.564516E+00 2.984E-01
  3.564542E+00 2.996E-01
  3.564568E+00 8.853E-01
  3.564594E+00 2.958E+00
  3.564619E+00 5.383E-01
  3.564645E+00 3.461E-01
  3.564670E+00 2.790E-01
  3.564696E+00 2.433E-01
  3.564721E+00 2.205E-01
  3.564772E+00 1.924E-01
  3.564823E+00 1.760E-01
  3.564898E+00 1.631E-01
  3.564973E+00 1.592E-01
  3.565048E+00 1.640E-01
  3.565097E+00 1.763E-01
  3.565122E+00 1.898E-01
  3.565146E+00 2.168E-01
  3.565171E+00 2.853E-01
  3.565195E+00 5.659E-01
  3.565220E+00 6.670E+00
  3.565244E+00 2.216E+00
  3.565268E+00 5.381E-01
  3.565293E+00 3.429E-01
  3.565317E+00 2.866E-01
  3.565341E+00 2.661E-01
  3.565365E+00 2.595E-01
  3.565414E+00 2.645E-01
  3.565461E+00 2.826E-01
  3.565533E+00 3.285E-01
  3.565580E+00 3.739E-01
  3.565628E+00 4.364E-01
  3.565675E+00 5.257E-01
  3.565698E+00 5.861E-01
  3.565722E+00 6.624E-01
  3.565745E+00 7.619E-01
  3.565769E+00 8.974E-01
  3.565792E+00 1.093E+00
  3.565815E+00 1.398E+00
  3.565838E+00 1.936E+00
  3.565861E+00 3.083E+00
  3.565884E+00 6.509E+00
  3.565908E+00 2.939E+01
  3.565931E+00 1.414E+02
  3.565954E+00 1.128E+01
  3.565976E+00 4.475E+00
  3.565999E+00 3.061E+00
  3.566022E+00 2.746E+00
  3.566045E+00 2.858E+00
  3.566068E+00 3.240E+00
  3.566090E+00 3.866E+00
  3.566113E+00 4.746E+00
  3.566136E+00 5.856E+00
  3.566158E+00 7.034E+00
  3.566181E+00 7.890E+00
  3.566203E+00 7.979E+00
  3.566226E+00 7.265E+00
  3.566248E+00 6.234E+00
  3.566270E+00 5.542E+00
  3.566293E+00 6.229E+00
  3.566315E+00 8.145E+00
  3.566337E+00 4.309E+00
  3.566359E+00 2.454E+00
  3.566381E+00 1.704E+00
  3.566404E+00 1.297E+00
  3.566426E+00 1.037E+00
  3.566448E+00 8.622E-01
  3.566470E+00 7.506E-01
  3.566491E+00 7.094E-01
  3.566513E+00 8.114E-01
  3.566535E+00 1.489E+00
  3.566557E+00 6.913E+00
  3.566579E+00 5.059E+00
  3.566600E+00 1.612E+00
  3.566622E+00 8.970E-01
  3.566644E+00 6.325E-01
  3.566665E+00 4.992E-01
  3.566687E+00 4.199E-01
  3.566708E+00 3.682E-01
  3.566730E+00 3.331E-01
  3.566751E+00 3.096E-01
  3.566773E+00 2.953E-01
  3.566794E+00 2.897E-01
  3.566815E+00 2.935E-01
  3.566836E+00 3.097E-01
  3.566858E+00 3.445E-01
  3.566879E+00 4.124E-01
  3.566900E+00 5.475E-01
  3.566921E+00 8.338E-01
  3.566942E+00 1.433E+00
  3.566963E+00 3.220E+00
  3.566984E+00 2.702E+01
  3.567005E+00 4.463E+00
  3.567026E+00 9.562E-01
  3.567047E+00 3.965E-01
  3.567067E+00 2.175E-01
  3.567088E+00 1.393E-01
  3.567109E+00 9.838E-02
  3.567130E+00 7.424E-02
  3.567150E+00 5.873E-02
  3.567171E+00 4.807E-02
  3.567191E+00 4.036E-02
  3.567212E+00 3.457E-02
  3.567232E+00 3.007E-02
  3.567253E+00 2.651E-02
  3.567273E+00 2.367E-02
  3.567294E+00 2.145E-02
  3.567314E+00 1.985E-02
  3.567334E+00 1.900E-02
  3.567354E+00 1.945E-02
  3.567375E+00 2.284E-02
  3.567395E+00 3.611E-02
  3.567415E+00 1.133E-01
  3.567435E+00 9.483E+00
  3.567455E+00 1.822E-01
  3.567475E+00 5.345E-02
  3.567495E+00 2.921E-02
  3.567515E+00 2.004E-02
  3.567535E+00 1.533E-02
  3.567555E+00 1.244E-02
  3.567575E+00 1.045E-02
  3.567594E+00 8.978E-03
  3.567614E+00 7.825E-03
  3.567634E+00 6.889E-03
  3.567673E+00 5.448E-03
  3.567712E+00 4.384E-03
  3.567752E+00 3.578E-03
  3.567790E+00 2.966E-03
  3.567829E+00 2.518E-03
  3.567848E+00 2.353E-03
  3.567887E+00 2.152E-03
  3.567906E+00 2.134E-03
  3.567925E+00 2.205E-03
  3.567945E+00 2.432E-03
  3.567964E+00 3.020E-03
  3.567983E+00 4.810E-03
  3.568002E+00 1.493E-02
  3.568021E+00 5.631E-01
  3.568040E+00 1.219E-02
  3.568059E+00 4.683E-03
  3.568078E+00 3.355E-03
  3.568096E+00 3.066E-03
  3.568115E+00 3.154E-03
  3.568134E+00 3.478E-03
  3.568153E+00 4.038E-03
  3.568171E+00 4.904E-03
  3.568190E+00 6.237E-03
  3.568209E+00 8.340E-03
  3.568227E+00 1.177E-02
  3.568246E+00 1.759E-02
  3.568265E+00 2.766E-02
  3.568283E+00 4.482E-02
  3.568302E+00 7.143E-02
  3.568320E+00 1.042E-01
  3.568338E+00 1.314E-01
  3.568357E+00 1.454E-01
  3.568412E+00 1.600E-01
  3.568430E+00 1.718E-01
  3.568448E+00 1.911E-01
  3.568466E+00 2.208E-01
  3.568484E+00 2.655E-01
  3.568503E+00 3.343E-01
  3.568521E+00 4.580E-01
  3.568539E+00 1.369E+00
  3.568557E+00 9.185E-01
  3.568575E+00 1.424E+00
  3.568593E+00 2.372E+00
  3.568611E+00 3.823E+00
  3.568628E+00 5.555E+00
  3.568646E+00 1.408E+00
  3.568664E+00 9.925E-01
  3.568682E+00 7.526E-01
  3.568700E+00 5.472E-01
  3.568717E+00 4.080E-01
  3.568735E+00 3.143E-01
  3.568753E+00 2.494E-01
  3.568770E+00 2.032E-01
  3.568788E+00 1.695E-01
  3.568805E+00 1.458E-01
  3.568823E+00 1.360E-01
  3.568841E+00 1.938E-01
  3.568858E+00 8.494E+00
  3.568875E+00 5.257E-01
  3.568893E+00 2.150E-01
  3.568910E+00 1.525E-01
  3.568928E+00 1.259E-01
  3.568945E+00 1.109E-01
  3.568962E+00 1.010E-01
  3.568979E+00 9.394E-02
  3.569014E+00 8.476E-02
  3.569065E+00 7.768E-02
  3.569116E+00 7.532E-02
  3.569167E+00 7.688E-02
  3.569201E+00 8.143E-02
  3.569218E+00 8.639E-02
  3.569234E+00 9.645E-02
  3.569251E+00 1.232E-01
  3.569268E+00 2.493E-01
  3.569285E+00 8.576E+00
  3.569301E+00 5.124E-01
  3.569318E+00 1.892E-01
  3.569334E+00 1.401E-01
  3.569351E+00 1.256E-01
  3.569368E+00 1.211E-01
  3.569401E+00 1.230E-01
  3.569450E+00 1.375E-01
  3.569499E+00 1.626E-01
  3.569548E+00 2.023E-01
  3.569580E+00 2.419E-01
  3.569596E+00 2.680E-01
  3.569612E+00 3.003E-01
  3.569628E+00 3.411E-01
  3.569644E+00 3.942E-01
  3.569661E+00 4.663E-01
  3.569677E+00 5.698E-01
  3.569693E+00 7.304E-01
  3.569708E+00 1.010E+00
  3.569724E+00 1.589E+00
  3.569740E+00 3.232E+00
  3.569756E+00 1.259E+01
  3.569772E+00 1.243E+02
  3.569788E+00 7.740E+00
  3.569804E+00 2.773E+00
  3.569819E+00 1.811E+00
  3.569835E+00 1.591E+00
  3.569851E+00 1.643E+00
  3.569866E+00 1.862E+00
  3.569882E+00 2.225E+00
  3.569898E+00 2.725E+00
  3.569913E+00 3.318E+00
  3.569929E+00 3.866E+00
  3.569944E+00 4.132E+00
  3.569960E+00 3.960E+00
  3.569991E+00 2.992E+00
  3.570006E+00 2.904E+00
  3.570022E+00 3.822E+00
  3.570052E+00 1.439E+00
  3.570068E+00 9.829E-01
  3.570083E+00 7.437E-01
  3.570098E+00 5.923E-01
  3.570114E+00 4.888E-01
  3.570129E+00 4.186E-01
  3.570144E+00 3.801E-01
  3.570159E+00 3.915E-01
  3.570174E+00 5.491E-01
  3.570189E+00 1.573E+00
  3.570204E+00 6.260E+00
  3.570219E+00 1.620E+00
  3.570235E+00 7.103E-01
  3.570250E+00 4.532E-01
  3.570265E+00 3.412E-01
  3.570279E+00 2.802E-01
  3.570294E+00 2.427E-01
  3.570309E+00 2.184E-01
  3.570324E+00 2.027E-01
  3.570339E+00 1.936E-01
  3.570354E+00 1.905E-01
  3.570369E+00 1.939E-01
  3.570383E+00 2.055E-01
  3.570398E+00 2.297E-01
  3.570413E+00 2.757E-01
  3.570428E+00 3.660E-01
  3.570442E+00 5.582E-01
  3.570457E+00 9.995E-01
  3.570472E+00 2.574E+00
  3.570486E+00 2.148E+01
  3.570501E+00 2.279E+00
  3.570515E+00 5.583E-01
  3.570530E+00 2.415E-01
  3.570544E+00 1.348E-01
  3.570559E+00 8.707E-02
  3.570573E+00 6.182E-02
  3.570588E+00 4.686E-02
  3.570602E+00 3.724E-02
  3.570617E+00 3.063E-02
  3.570631E+00 2.587E-02
  3.570645E+00 2.231E-02
  3.570660E+00 1.955E-02
  3.570674E+00 1.738E-02
  3.570688E+00 1.567E-02
  3.570702E+00 1.434E-02
  3.570717E+00 1.341E-02
  3.570731E+00 1.298E-02
  3.570745E+00 1.341E-02
  3.570759E+00 1.578E-02
  3.570773E+00 2.437E-02
  3.570787E+00 6.871E-02
  3.570801E+00 2.000E+00
  3.570815E+00 1.874E-01
  3.570829E+00 4.652E-02
  3.570843E+00 2.432E-02
  3.570857E+00 1.647E-02
  3.570871E+00 1.260E-02
  3.570885E+00 1.030E-02
  3.570899E+00 8.761E-03
  3.570913E+00 7.639E-03
  3.570927E+00 6.776E-03
  3.570955E+00 5.511E-03
  3.570968E+00 5.027E-03
  3.570996E+00 4.249E-03
  3.571023E+00 3.653E-03
  3.571064E+00 2.993E-03
  3.571105E+00 2.543E-03
  3.571146E+00 2.271E-03
  3.571172E+00 2.191E-03
  3.571186E+00 2.206E-03
  3.571199E+00 2.433E-03
  3.571213E+00 1.066E-02
  3.571226E+00 2.559E-03
  3.571239E+00 2.466E-03
  3.571253E+00 2.556E-03
  3.571266E+00 2.724E-03
  3.571279E+00 2.970E-03
  3.571293E+00 3.314E-03
  3.571306E+00 3.793E-03
  3.571319E+00 4.469E-03
  3.571332E+00 5.444E-03
  3.571345E+00 6.893E-03
  3.571359E+00 9.117E-03
  3.571372E+00 1.265E-02
  3.571385E+00 1.846E-02
  3.571398E+00 2.814E-02
  3.571411E+00 4.389E-02
  3.571424E+00 6.682E-02
  3.571437E+00 9.241E-02
  3.571450E+00 1.102E-01
  3.571463E+00 1.158E-01
  3.571489E+00 1.126E-01
  3.571502E+00 1.136E-01
  3.571515E+00 1.187E-01
  3.571527E+00 1.291E-01
  3.571540E+00 1.464E-01
  3.571553E+00 1.734E-01
  3.571566E+00 2.160E-01
  3.571579E+00 2.873E-01
  3.571591E+00 4.669E-01
  3.571604E+00 7.459E-01
  3.571617E+00 2.696E+00
  3.571630E+00 6.074E-01
  3.571642E+00 1.246E+00
  3.571655E+00 1.655E+00
  3.571668E+00 1.398E+00
  3.571680E+00 9.337E-01
  3.571693E+00 6.081E-01
  3.571705E+00 4.139E-01
  3.571718E+00 2.969E-01
  3.571730E+00 2.229E-01
  3.571743E+00 1.738E-01
  3.571756E+00 1.398E-01
  3.571768E+00 1.157E-01
  3.571780E+00 9.944E-02
  3.571793E+00 9.417E-02
  3.571805E+00 1.418E-01
  3.571818E+00 5.455E+00
  3.571830E+00 4.074E-01
  3.571842E+00 1.560E-01
  3.571855E+00 1.076E-01
  3.571867E+00 8.752E-02
  3.571879E+00 7.636E-02
  3.571892E+00 6.915E-02
  3.571904E+00 6.409E-02
  3.571928E+00 5.755E-02
  3.571965E+00 5.256E-02
  3.572001E+00 5.085E-02
  3.572037E+00 5.172E-02
  3.572061E+00 5.450E-02
  3.572073E+00 5.766E-02
  3.572085E+00 6.453E-02
  3.572097E+00 8.614E-02
  3.572109E+00 2.521E-01
  3.572121E+00 2.245E+00
  3.572133E+00 1.585E-01
  3.572145E+00 9.674E-02
  3.572157E+00 8.325E-02
  3.572169E+00 7.943E-02
  3.572180E+00 7.903E-02
  3.572204E+00 8.267E-02
  3.572228E+00 8.975E-02
  3.572263E+00 1.060E-01
  3.572298E+00 1.313E-01
  3.572321E+00 1.563E-01
  3.572344E+00 1.924E-01
  3.572356E+00 2.170E-01
  3.572367E+00 2.484E-01
  3.572379E+00 2.899E-01
  3.572390E+00 3.471E-01
  3.572401E+00 4.308E-01
  3.572413E+00 5.642E-01
  3.572424E+00 8.056E-01
  3.572436E+00 1.340E+00
  3.572447E+00 3.045E+00
  3.572459E+00 1.665E+01
  3.572470E+00 3.447E+01
  3.572481E+00 4.072E+00
  3.572493E+00 1.784E+00
  3.572504E+00 1.277E+00
  3.572515E+00 1.180E+00
  3.572526E+00 1.258E+00
  3.572538E+00 1.452E+00
  3.572549E+00 1.751E+00
  3.572571E+00 2.529E+00
  3.572583E+00 2.795E+00
  3.572594E+00 2.785E+00
  3.572605E+00 2.511E+00
  3.572616E+00 2.152E+00
  3.572627E+00 1.949E+00
  3.572638E+00 2.307E+00
  3.572649E+00 1.984E+00
  3.572660E+00 1.076E+00
  3.572671E+00 7.266E-01
  3.572682E+00 5.480E-01
  3.572693E+00 4.354E-01
  3.572704E+00 3.579E-01
  3.572715E+00 3.040E-01
  3.572726E+00 2.710E-01
  3.572737E+00 2.665E-01
  3.572748E+00 3.327E-01
  3.572759E+00 7.340E-01
  3.572770E+00 4.040E+00
  3.572781E+00 1.853E+00
  3.572792E+00 6.609E-01
  3.572803E+00 3.877E-01
  3.572813E+00 2.811E-01
  3.572824E+00 2.266E-01
  3.572835E+00 1.945E-01
  3.572846E+00 1.742E-01
  3.572857E+00 1.615E-01
  3.572867E+00 1.543E-01
  3.572878E+00 1.521E-01
  3.572889E+00 1.553E-01
  3.572899E+00 1.652E-01
  3.572910E+00 1.853E-01
  3.572921E+00 2.232E-01
  3.572931E+00 2.971E-01
  3.572942E+00 4.557E-01
  3.572953E+00 8.451E-01
  3.572963E+00 2.422E+00
  3.572974E+00 1.614E+01
  3.572984E+00 1.511E+00
  3.572995E+00 4.060E-01
  3.573005E+00 1.814E-01
  3.573016E+00 1.028E-01
  3.573026E+00 6.700E-02
  3.573037E+00 4.784E-02
  3.573047E+00 3.642E-02
  3.573058E+00 2.905E-02
  3.573068E+00 2.399E-02
  3.573079E+00 2.035E-02
  3.573089E+00 1.762E-02
  3.573110E+00 1.386E-02
  3.573120E+00 1.255E-02
  3.573141E+00 1.082E-02
  3.573151E+00 1.047E-02
  3.573162E+00 1.070E-02
  3.573172E+00 1.220E-02
  3.573182E+00 1.735E-02
  3.573192E+00 3.952E-02
  3.573203E+00 3.439E-01
  3.573213E+00 3.663E-01
  3.573223E+00 5.313E-02
  3.573233E+00 2.445E-02
  3.573243E+00 1.577E-02
  3.573253E+00 1.181E-02
  3.573264E+00 9.579E-03
  3.573274E+00 8.137E-03
  3.573284E+00 7.118E-03
  3.573294E+00 6.350E-03
  3.573314E+00 5.250E-03
  3.573334E+00 4.485E-03
  3.573352E+00 3.982E-03
  3.583342E+00 2.091E-01
  3.583352E+00 4.242E-01
  3.608295E+00 1.522E-01
  3.633238E+00 9.544E-02
  3.658181E+00 7.381E-02
  3.683125E+00 6.311E-02
  3.708068E+00 5.686E-02
  3.733011E+00 5.294E-02
  3.782898E+00 4.850E-02
  3.907615E+00 4.270E-02
  4.456367E+00 3.108E-02
  4.980177E+00 2.318E-02
  5.454100E+00 1.816E-02
  5.928023E+00 1.436E-02
  6.027796E+00 1.373E-02
  6.149567E+00 1.293E-02
  6.273793E+00 1.218E-02
  6.400532E+00 1.147E-02
  6.529834E+00 1.080E-02
  6.661746E+00 1.017E-02
  6.796320E+00 9.579E-03
  6.933612E+00 9.021E-03
  7.073682E+00 8.496E-03
  7.216579E+00 8.001E-03
  7.362369E+00 7.535E-03
  7.511095E+00 7.096E-03
  7.662827E+00 6.683E-03
  7.817631E+00 6.294E-03
  7.975554E+00 5.927E-03
  8.136669E+00 5.582E-03
  8.301044E+00 5.257E-03
  8.468735E+00 4.951E-03
  8.639817E+00 4.663E-03
  8.814349E+00 4.391E-03
  8.992416E+00 4.135E-03
  9.174071E+00 3.895E-03
  9.359399E+00 3.668E-03
  9.548474E+00 3.454E-03
  9.741367E+00 3.253E-03
  9.938151E+00 3.064E-03
  1.013892E+01 2.885E-03
  1.034374E+01 2.717E-03
  1.055270E+01 2.559E-03
  1.076587E+01 2.410E-03
  1.098336E+01 2.270E-03
  1.120524E+01 2.137E-03
  1.143160E+01 2.013E-03
  1.166253E+01 1.896E-03
  1.189813E+01 1.785E-03
  1.213849E+01 1.681E-03
  1.238370E+01 1.583E-03
  1.263387E+01 1.491E-03
  1.288909E+01 1.404E-03
  1.314947E+01 1.323E-03
  1.341511E+01 1.246E-03
  1.368610E+01 1.173E-03
  1.396259E+01 1.105E-03
  1.424465E+01 1.040E-03
  1.453241E+01 9.798E-04
  1.482599E+01 9.227E-04
  1.512549E+01 8.690E-04
  1.543104E+01 8.184E-04
  1.574277E+01 7.707E-04
  1.606079E+01 7.258E-04
  1.638524E+01 6.836E-04
  1.671623E+01 6.438E-04
  1.705394E+01 6.063E-04
  1.739844E+01 5.710E-04
  1.774992E+01 5.377E-04
  1.810849E+01 5.064E-04
  1.847430E+01 4.769E-04
  1.884750E+01 4.491E-04
  1.922826E+01 4.230E-04
  1.961668E+01 3.984E-04
  2.001297E+01 3.752E-04
  2.041725E+01 3.533E-04
  2.082973E+01 3.327E-04
  2.125050E+01 3.134E-04
  2.167979E+01 2.951E-04
  2.211774E+01 2.779E-04
  2.256456E+01 2.617E-04
  2.302039E+01 2.465E-04
  2.348544E+01 2.321E-04
  2.395987E+01 2.186E-04