  3.974163E-02 5.800E+01
  9.102631E-02 8.412E+00
  1.410071E-01 2.795E+00
  1.897278E-01 1.281E+00
  2.372305E-01 6.985E-01
  2.835553E-01 4.231E-01
  3.287410E-01 2.744E-01
  3.728245E-01 1.870E-01
  4.158414E-01 1.329E-01
  4.578259E-01 9.810E-02
  4.988107E-01 7.488E-02
  5.388273E-01 5.883E-02
  5.779060E-01 4.731E-02
  6.160758E-01 3.871E-02
  6.533648E-01 3.207E-02
  6.897998E-01 2.678E-02
  7.254067E-01 2.251E-02
  7.602103E-01 1.901E-02
  7.942348E-01 1.614E-02
  8.275031E-01 1.379E-02
  8.600376E-01 1.186E-02
  8.918595E-01 1.029E-02
  9.229897E-01 9.001E-03
  9.534480E-01 7.951E-03
  1.012425E+00 6.375E-03
  1.068936E+00 5.273E-03
  1.149373E+00 4.116E-03
  1.249182E+00 3.033E-03
  1.341290E+00 2.240E-03
  1.405786E+00 1.796E-03
  1.466676E+00 1.459E-03
  1.524225E+00 1.211E-03
  1.596172E+00 9.807E-04
  1.663114E+00 8.301E-04
  1.740440E+00 7.122E-04
  1.824928E+00 6.320E-04
  1.913482E+00 5.893E-04
  1.992694E+00 5.878E-04
  2.063834E+00 6.232E-04
  2.136606E+00 7.037E-04
  2.201531E+00 8.226E-04
  2.259699E+00 9.831E-04
  2.305768E+00 1.171E-03
  2.342084E+00 1.392E-03
  2.370327E+00 1.647E-03
  2.391705E+00 1.937E-03
  2.407074E+00 2.241E-03
  2.421902E+00 2.683E-03
  2.431499E+00 3.114E-03
  2.436215E+00 3.397E-03
  2.440875E+00 3.746E-03
  2.445482E+00 4.191E-03
  2.450036E+00 4.772E-03
  2.454537E+00 5.563E-03
  2.458988E+00 6.694E-03
  2.463388E+00 8.414E-03
  2.467738E+00 1.125E-02
  2.472038E+00 1.648E-02
  2.476291E+00 2.756E-02
  2.480496E+00 5.340E-02
  2.484654E+00 8.239E-02
  2.488766E+00 4.714E-02
  2.492832E+00 2.014E-02
  2.496854E+00 1.024E-02
  2.500831E+00 6.256E-03
  2.504765E+00 4.422E-03
  2.508656E+00 3.499E-03
  2.512504E+00 3.014E-03
  2.516311E+00 2.764E-03
  2.520077E+00 2.649E-03
  2.523802E+00 2.619E-03
  2.531134E+00 2.713E-03
  2.541841E+00 3.084E-03
  2.552214E+00 3.657E-03
  2.562266E+00 4.448E-03
  2.572011E+00 5.540E-03
  2.578342E+00 6.512E-03
  2.584546E+00 7.771E-03
  2.590625E+00 9.449E-03
  2.593620E+00 1.051E-02
  2.596584E+00 1.177E-02
  2.599519E+00 1.328E-02
  2.602425E+00 1.511E-02
  2.605302E+00 1.738E-02
  2.608151E+00 2.023E-02
  2.610972E+00 2.389E-02
  2.613765E+00 2.871E-02
  2.616531E+00 3.523E-02
  2.619270E+00 4.441E-02
  2.621983E+00 5.790E-02
  2.624670E+00 7.894E-02
  2.627331E+00 1.144E-01
  2.629966E+00 1.812E-01
  2.632576E+00 3.281E-01
  2.635161E+00 7.271E-01
  2.637722E+00 1.819E+00
  2.640258E+00 1.590E+00
  2.642771E+00 5.969E-01
  2.645260E+00 2.660E-01
  2.647725E+00 1.437E-01
  2.650168E+00 8.805E-02
  2.652588E+00 5.865E-02
  2.654985E+00 4.143E-02
  2.657360E+00 3.055E-02
  2.659713E+00 2.328E-02
  2.662045E+00 1.820E-02
  2.664355E+00 1.452E-02
  2.666644E+00 1.179E-02
  2.668912E+00 9.711E-03
  2.671159E+00 8.095E-03
  2.673387E+00 6.818E-03
  2.675594E+00 5.795E-03
  2.677781E+00 4.966E-03
  2.679948E+00 4.286E-03
  2.682096E+00 3.723E-03
  2.684225E+00 3.254E-03
  2.686335E+00 2.860E-03
  2.690499E+00 2.245E-03
  2.694590E+00 1.798E-03
  2.698609E+00 1.470E-03
  2.702559E+00 1.226E-03
  2.706440E+00 1.045E-03
  2.712137E+00 8.599E-04
  2.717690E+00 7.483E-04
  2.723103E+00 6.892E-04
  2.728380E+00 6.690E-04
  2.735214E+00 6.877E-04
  2.743444E+00 7.672E-04
  2.751345E+00 8.970E-04
  2.760416E+00 1.112E-03
  2.769066E+00 1.394E-03
  2.777320E+00 1.759E-03
  2.783913E+00 2.156E-03
  2.789011E+00 2.573E-03
  2.792734E+00 2.990E-03
  2.796376E+00 3.585E-03
  2.798759E+00 4.187E-03
  2.799937E+00 4.611E-03
  2.801107E+00 5.184E-03
  2.802268E+00 6.020E-03
  2.803421E+00 7.382E-03
  2.804566E+00 1.004E-02
  2.805702E+00 1.726E-02
  2.806830E+00 6.476E-02
  2.807950E+00 8.544E-02
  2.809061E+00 4.482E-03
  2.810165E+00 1.539E-03
  2.811261E+00 1.425E-03
  2.812349E+00 1.670E-03
  2.815567E+00 2.510E-03
  2.826799E+00 5.055E-03
  2.831628E+00 6.445E-03
  2.835374E+00 7.871E-03
  2.839019E+00 9.773E-03
  2.841689E+00 1.171E-02
  2.844307E+00 1.438E-02
  2.846023E+00 1.681E-02
  2.847717E+00 2.004E-02
  2.849388E+00 2.455E-02
  2.850216E+00 2.753E-02
  2.851038E+00 3.120E-02
  2.851855E+00 3.580E-02
  2.852667E+00 4.169E-02
  2.853473E+00 4.944E-02
  2.854274E+00 5.993E-02
  2.855070E+00 7.461E-02
  2.855861E+00 9.606E-02
  2.856647E+00 1.289E-01
  2.857428E+00 1.822E-01
  2.858204E+00 2.734E-01
  2.858975E+00 4.304E-01
  2.859740E+00 6.508E-01
  2.860502E+00 7.417E-01
  2.861258E+00 5.560E-01
  2.862009E+00 3.433E-01
  2.862756E+00 2.129E-01
  2.863498E+00 1.402E-01
  2.864236E+00 9.835E-02
  2.864969E+00 7.286E-02
  2.865697E+00 5.650E-02
  2.866420E+00 4.555E-02
  2.867140E+00 3.794E-02
  2.867854E+00 3.252E-02
  2.868565E+00 2.857E-02
  2.869271E+00 2.565E-02
  2.869972E+00 2.347E-02
  2.871362E+00 2.062E-02
  2.872735E+00 1.908E-02
  2.874764E+00 1.826E-02
  2.876756E+00 1.857E-02
  2.879355E+00 2.023E-02
  2.881894E+00 2.316E-02
  2.884372E+00 2.753E-02
  2.886193E+00 3.206E-02
  2.887982E+00 3.812E-02
  2.889740E+00 4.644E-02
  2.890895E+00 5.383E-02
  2.892036E+00 6.337E-02
  2.893165E+00 7.605E-02
  2.894281E+00 9.348E-02
  2.894834E+00 1.048E-01
  2.895384E+00 1.185E-01
  2.895931E+00 1.353E-01
  2.896474E+00 1.564E-01
  2.897015E+00 1.834E-01
  2.897553E+00 2.186E-01
  2.898087E+00 2.660E-01
  2.898619E+00 3.322E-01
  2.899147E+00 4.284E-01
  2.899673E+00 5.766E-01
  2.900195E+00 8.221E-01
  2.900715E+00 1.271E+00
  2.901232E+00 2.209E+00
  2.901746E+00 4.499E+00
  2.902257E+00 9.544E+00
  2.902765E+00 9.019E+00
  2.903271E+00 3.956E+00
  2.903773E+00 1.837E+00
  2.904273E+00 9.983E-01
  2.904770E+00 6.085E-01
  2.905265E+00 4.016E-01
  2.905757E+00 2.803E-01
  2.906246E+00 2.040E-01
  2.906732E+00 1.532E-01
  2.907216E+00 1.179E-01
  2.907697E+00 9.248E-02
  2.908175E+00 7.370E-02
  2.908651E+00 5.949E-02
  2.909124E+00 4.853E-02
  2.909595E+00 3.993E-02
  2.910063E+00 3.309E-02
  2.910529E+00 2.758E-02
  2.910992E+00 2.311E-02
  2.911452E+00 1.944E-02
  2.911911E+00 1.640E-02
  2.912366E+00 1.388E-02
  2.912820E+00 1.178E-02
  2.913271E+00 1.001E-02
  2.913719E+00 8.524E-03
  2.914165E+00 7.269E-03
  2.914609E+00 6.210E-03
  2.915050E+00 5.315E-03
  2.915489E+00 4.561E-03
  2.915926E+00 3.927E-03
  2.916361E+00 3.397E-03
  2.916793E+00 2.956E-03
  2.917223E+00 2.594E-03
  2.917650E+00 2.301E-03
  2.918076E+00 2.069E-03
  2.918499E+00 1.892E-03
  2.918920E+00 1.763E-03
  2.919339E+00 1.680E-03
  2.919755E+00 1.636E-03
  2.920170E+00 1.631E-03
  2.920582E+00 1.661E-03
  2.921400E+00 1.823E-03
  2.922210E+00 2.118E-03
  2.923012E+00 2.558E-03
  2.923805E+00 3.186E-03
  2.924199E+00 3.600E-03
  2.924591E+00 4.116E-03
  2.924980E+00 4.785E-03
  2.925368E+00 5.709E-03
  2.925754E+00 7.122E-03
  2.926137E+00 9.654E-03
  2.926519E+00 1.568E-02
  2.926899E+00 4.274E-02
  2.927277E+00 9.144E+00
  2.927653E+00 2.145E-02
  2.928028E+00 5.974E-03
  2.928400E+00 4.159E-03
  2.928771E+00 4.017E-03
  2.929139E+00 4.271E-03
  2.930234E+00 5.532E-03
  2.932024E+00 8.005E-03
  2.933770E+00 1.087E-02
  2.935473E+00 1.432E-02
  2.937136E+00 1.860E-02
  2.938760E+00 2.412E-02
  2.940031E+00 2.985E-02
  2.941278E+00 3.738E-02
  2.942199E+00 4.479E-02
  2.943106E+00 5.451E-02
  2.944001E+00 6.789E-02
  2.944590E+00 8.014E-02
  2.945175E+00 9.731E-02
  2.945465E+00 1.094E-01
  2.945753E+00 1.182E-01
  2.946041E+00 5.536E-02
  2.946327E+00 1.117E-01
  2.947177E+00 1.858E-01
  2.947458E+00 2.169E-01
  2.947738E+00 2.555E-01
  2.948016E+00 3.050E-01
  2.948294E+00 3.702E-01
  2.948569E+00 4.589E-01
  2.948844E+00 5.836E-01
  2.949117E+00 7.662E-01
  2.949390E+00 1.046E+00
  2.949660E+00 1.498E+00
  2.949930E+00 2.263E+00
  2.950199E+00 3.564E+00
  2.950466E+00 5.399E+00
  2.950732E+00 6.395E+00
  2.950997E+00 5.150E+00
  2.951261E+00 3.357E+00
  2.951523E+00 2.148E+00
  2.951785E+00 1.440E+00
  2.952045E+00 1.021E+00
  2.952304E+00 7.596E-01
  2.952562E+00 5.889E-01
  2.952819E+00 4.724E-01
  2.953074E+00 3.901E-01
  2.953329E+00 3.300E-01
  2.953582E+00 2.852E-01
  2.953835E+00 2.511E-01
  2.954086E+00 2.247E-01
  2.954336E+00 2.040E-01
  2.954833E+00 1.747E-01
  2.955325E+00 1.562E-01
  2.956056E+00 1.408E-01
  2.956778E+00 1.349E-01
  2.957725E+00 1.369E-01
  2.958657E+00 1.476E-01
  2.959572E+00 1.668E-01
  2.960472E+00 1.961E-01
  2.961137E+00 2.269E-01
  2.961794E+00 2.683E-01
  2.962443E+00 3.252E-01
  2.963084E+00 4.057E-01
  2.963506E+00 4.793E-01
  2.963925E+00 5.773E-01
  2.964341E+00 7.117E-01
  2.964548E+00 7.987E-01
  2.964753E+00 9.039E-01
  2.964958E+00 1.033E+00
  2.965162E+00 1.193E+00
  2.965366E+00 1.396E+00
  2.965568E+00 1.659E+00
  2.965770E+00 2.009E+00
  2.965970E+00 2.487E+00
  2.966170E+00 3.167E+00
  2.966369E+00 4.181E+00
  2.966568E+00 5.784E+00
  2.966765E+00 8.524E+00
  2.966962E+00 1.370E+01
  2.967158E+00 2.471E+01
  2.967547E+00 7.339E+01
  2.967934E+00 2.328E+01
  2.968126E+00 1.234E+01
  2.968317E+00 7.346E+00
  2.968507E+00 4.771E+00
  2.968697E+00 3.302E+00
  2.968886E+00 2.395E+00
  2.969074E+00 1.801E+00
  2.969262E+00 1.392E+00
  2.969448E+00 1.100E+00
  2.969634E+00 8.845E-01
  2.969819E+00 7.220E-01
  2.970004E+00 5.965E-01
  2.970188E+00 4.979E-01
  2.970371E+00 4.191E-01
  2.970553E+00 3.553E-01
  2.970735E+00 3.030E-01
  2.970916E+00 2.598E-01
  2.971096E+00 2.237E-01
  2.971275E+00 1.932E-01
  2.971454E+00 1.674E-01
  2.971809E+00 1.264E-01
  2.972162E+00 9.594E-02
  2.972512E+00 7.283E-02
  2.972859E+00 5.509E-02
  2.973204E+00 4.133E-02
  2.973546E+00 3.059E-02
  2.973885E+00 2.219E-02
  2.974053E+00 1.870E-02
  2.974222E+00 1.561E-02
  2.974389E+00 1.289E-02
  2.974556E+00 1.050E-02
  2.974722E+00 8.398E-03
  2.974887E+00 6.568E-03
  2.975052E+00 4.984E-03
  2.975216E+00 3.627E-03
  2.975380E+00 2.486E-03
  2.975543E+00 1.564E-03
  2.975705E+00 8.947E-04
  2.975867E+00 6.352E-04
  2.976028E+00 1.558E-03
  2.976188E+00 1.126E-02
  2.976348E+00 3.059E+00
  2.976507E+00 1.602E-02
  2.976666E+00 4.777E-03
  2.976824E+00 2.401E-03
  2.976982E+00 1.642E-03
  2.977139E+00 1.467E-03
  2.977295E+00 1.594E-03
  2.977451E+00 1.917E-03
  2.977606E+00 2.388E-03
  2.977760E+00 2.979E-03
  2.977914E+00 3.677E-03
  2.978068E+00 4.469E-03
  2.978373E+00 6.313E-03
  2.978676E+00 8.471E-03
  2.979126E+00 1.224E-02
  2.979718E+00 1.812E-02
  2.980591E+00 2.803E-02
  2.980734E+00 2.905E-02
  2.980877E+00 3.422E-02
  2.981020E+00 3.451E-02
  2.981725E+00 4.327E-02
  2.982003E+00 4.873E-02
  2.982142E+00 5.376E-02
  2.982280E+00 6.318E-02
  2.982417E+00 8.356E-02
  2.982554E+00 1.348E-01
  2.982691E+00 2.937E-01
  2.982827E+00 1.029E+00
  2.982962E+00 1.166E+01
  2.983097E+00 9.358E+00
  2.983232E+00 2.046E+00
  2.983366E+00 1.063E+00
  2.983499E+00 7.432E-01
  2.983633E+00 5.996E-01
  2.983765E+00 5.246E-01
  2.983897E+00 4.827E-01
  2.984029E+00 4.593E-01
  2.984291E+00 4.437E-01
  2.984681E+00 4.630E-01
  2.985066E+00 5.155E-01
  2.985448E+00 5.991E-01
  2.985825E+00 7.215E-01
  2.986075E+00 8.331E-01
  2.986322E+00 9.789E-01
  2.986568E+00 1.173E+00
  2.986813E+00 1.441E+00
  2.986934E+00 1.614E+00
  2.987055E+00 1.823E+00
  2.987176E+00 2.078E+00
  2.987296E+00 2.394E+00
  2.987416E+00 2.793E+00
  2.987536E+00 3.306E+00
  2.987655E+00 3.981E+00
  2.987773E+00 4.890E+00
  2.987892E+00 6.153E+00
  2.988010E+00 7.972E+00
  2.988127E+00 1.070E+01
  2.988244E+00 1.501E+01
  2.988361E+00 2.211E+01
  2.988477E+00 3.418E+01
  2.988708E+00 7.276E+01
  2.988823E+00 7.109E+01
  2.988938E+00 5.117E+01
  2.989052E+00 3.346E+01
  2.989166E+00 2.237E+01
  2.989280E+00 1.574E+01
  2.989393E+00 1.166E+01
  2.989506E+00 9.030E+00
  2.989618E+00 7.259E+00
  2.989730E+00 6.021E+00
  2.989842E+00 5.129E+00
  2.989953E+00 4.472E+00
  2.990064E+00 3.978E+00
  2.990174E+00 3.601E+00
  2.990394E+00 3.089E+00
  2.990613E+00 2.786E+00
  2.990938E+00 2.572E+00
  2.991260E+00 2.547E+00
  2.991578E+00 2.659E+00
  2.991894E+00 2.896E+00
  2.992206E+00 3.263E+00
  2.992515E+00 3.786E+00
  2.992822E+00 4.513E+00
  2.993125E+00 5.524E+00
  2.993425E+00 6.951E+00
  2.993624E+00 8.241E+00
  2.993822E+00 9.923E+00
  2.994018E+00 1.216E+01
  2.994213E+00 1.522E+01
  2.994310E+00 1.718E+01
  2.994406E+00 1.953E+01
  2.994503E+00 2.238E+01
  2.994599E+00 2.587E+01
  2.994694E+00 3.021E+01
  2.994790E+00 3.569E+01
  2.994885E+00 4.274E+01
  2.994980E+00 5.200E+01
  2.995074E+00 6.448E+01
  2.995169E+00 8.185E+01
  2.995262E+00 1.069E+02
  2.995356E+00 1.450E+02
  2.995449E+00 2.063E+02
  2.995543E+00 3.131E+02
  2.995635E+00 5.195E+02
  2.995728E+00 9.697E+02
  2.995912E+00 2.986E+03
  2.996003E+00 1.943E+03
  2.996095E+00 9.656E+02
  2.996186E+00 5.292E+02
  2.996276E+00 3.258E+02
  2.996367E+00 2.189E+02
  2.996457E+00 1.567E+02
  2.996547E+00 1.176E+02
  2.996637E+00 9.152E+01
  2.996726E+00 7.325E+01
  2.996815E+00 5.997E+01
  2.996904E+00 5.001E+01
  2.996992E+00 4.235E+01
  2.997081E+00 3.631E+01
  2.997169E+00 3.148E+01
  2.997256E+00 2.753E+01
  2.997344E+00 2.426E+01
  2.997518E+00 1.919E+01
  2.997691E+00 1.543E+01
  2.997863E+00 1.251E+01
  2.998118E+00 8.975E+00
  2.998288E+00 6.776E+00
  2.998372E+00 5.572E+00
  2.998456E+00 4.167E+00
  2.998540E+00 2.386E+00
  2.998623E+00 2.879E-01
  2.998706E+00 2.633E+01
  2.998789E+00 8.302E+01
  2.998872E+00 2.448E+01
  2.998955E+00 1.598E+01
  2.999037E+00 1.261E+01
  2.999119E+00 1.074E+01
  2.999201E+00 9.525E+00
  2.999282E+00 8.643E+00
  2.999444E+00 7.412E+00
  2.999686E+00 6.219E+00
  3.000005E+00 5.186E+00
  3.000398E+00 4.328E+00
  3.000862E+00 3.649E+00
  3.001166E+00 3.398E+00
  3.001242E+00 3.407E+00
  3.001317E+00 3.568E+00
  3.001393E+00 6.789E+00
  3.001468E+00 2.302E+00
  3.001542E+00 2.602E+00
  3.001691E+00 2.690E+00
  3.001913E+00 2.786E+00
  3.001986E+00 2.878E+00
  3.002060E+00 3.032E+00
  3.002133E+00 3.290E+00
  3.002205E+00 3.721E+00
  3.002278E+00 4.456E+00
  3.002350E+00 5.773E+00
  3.002423E+00 8.315E+00
  3.002495E+00 1.385E+01
  3.002566E+00 2.862E+01
  3.002638E+00 8.751E+01
  3.002709E+00 7.912E+02
  3.002780E+00 5.559E+02
  3.002851E+00 1.033E+02
  3.002922E+00 4.562E+01
  3.002993E+00 2.758E+01
  3.003063E+00 1.954E+01
  3.003133E+00 1.521E+01
  3.003203E+00 1.258E+01
  3.003273E+00 1.086E+01
  3.003342E+00 9.672E+00
  3.003412E+00 8.815E+00
  3.003550E+00 7.700E+00
  3.003687E+00 7.054E+00
  3.003891E+00 6.569E+00
  3.004094E+00 6.451E+00
  3.004362E+00 6.737E+00
  3.004561E+00 7.317E+00
  3.004758E+00 8.347E+00
  3.004888E+00 9.422E+00
  3.005018E+00 1.100E+01
  3.005083E+00 1.207E+01
  3.005147E+00 1.341E+01
  3.005211E+00 1.510E+01
  3.005275E+00 1.728E+01
  3.005339E+00 2.016E+01
  3.005403E+00 2.406E+01
  3.005466E+00 2.951E+01
  3.005530E+00 3.739E+01
  3.005593E+00 4.929E+01
  3.005656E+00 6.806E+01
  3.005719E+00 9.858E+01
  3.005781E+00 1.465E+02
  3.005844E+00 2.035E+02
  3.005906E+00 2.184E+02
  3.005968E+00 1.675E+02
  3.006030E+00 1.086E+02
  3.006092E+00 6.958E+01
  3.006154E+00 4.648E+01
  3.006215E+00 3.265E+01
  3.006276E+00 2.401E+01
  3.006338E+00 1.836E+01
  3.006399E+00 1.451E+01
  3.006459E+00 1.179E+01
  3.006520E+00 9.819E+00
  3.006580E+00 8.347E+00
  3.006641E+00 7.227E+00
  3.006701E+00 6.359E+00
  3.006761E+00 5.676E+00
  3.006880E+00 4.694E+00
  3.006999E+00 4.048E+00
  3.007117E+00 3.612E+00
  3.007293E+00 3.206E+00
  3.007468E+00 2.988E+00
  3.007698E+00 2.883E+00
  3.007983E+00 2.968E+00
  3.008264E+00 3.273E+00
  3.008487E+00 3.720E+00
  3.008652E+00 4.232E+00
  3.008815E+00 4.984E+00
  3.008924E+00 5.692E+00
  3.009032E+00 6.655E+00
  3.009139E+00 8.017E+00
  3.009193E+00 8.922E+00
  3.009246E+00 1.004E+01
  3.009299E+00 1.144E+01
  3.009352E+00 1.324E+01
  3.009405E+00 1.562E+01
  3.009458E+00 1.883E+01
  3.009510E+00 2.335E+01
  3.009563E+00 3.000E+01
  3.009615E+00 4.038E+01
  3.009667E+00 5.786E+01
  3.009719E+00 9.024E+01
  3.009771E+00 1.571E+02
  3.009823E+00 2.965E+02
  3.009875E+00 4.209E+02
  3.009926E+00 2.716E+02
  3.009978E+00 1.309E+02
  3.010029E+00 6.823E+01
  3.010080E+00 3.969E+01
  3.010131E+00 2.514E+01
  3.010182E+00 1.694E+01
  3.010233E+00 1.195E+01
  3.010283E+00 8.727E+00
  3.010334E+00 6.549E+00
  3.010384E+00 5.021E+00
  3.010435E+00 3.915E+00
  3.010485E+00 3.095E+00
  3.010535E+00 2.474E+00
  3.010584E+00 1.996E+00
  3.010634E+00 1.621E+00
  3.010684E+00 1.324E+00
  3.010733E+00 1.086E+00
  3.010783E+00 8.920E-01
  3.010832E+00 7.335E-01
  3.010881E+00 6.021E-01
  3.010930E+00 4.922E-01
  3.010979E+00 3.988E-01
  3.011027E+00 3.177E-01
  3.011124E+00 1.745E-01
  3.011173E+00 9.587E-02
  3.011221E+00 6.186E-03
  3.011269E+00 1.428E+00
  3.011317E+00 3.288E-01
  3.011365E+00 2.042E-01
  3.011413E+00 1.485E-01
  3.011460E+00 1.137E-01
  3.011508E+00 8.881E-02
  3.011555E+00 6.988E-02
  3.011602E+00 5.497E-02
  3.011649E+00 4.303E-02
  3.011697E+00 3.338E-02
  3.011743E+00 2.557E-02
  3.011790E+00 1.927E-02
  3.011837E+00 1.423E-02
  3.011883E+00 1.025E-02
  3.011930E+00 7.173E-03
  3.011976E+00 4.875E-03
  3.012022E+00 3.246E-03
  3.012068E+00 2.198E-03
  3.012114E+00 1.655E-03
  3.012160E+00 1.554E-03
  3.012206E+00 1.841E-03
  3.012252E+00 2.469E-03
  3.012297E+00 3.400E-03
  3.012343E+00 4.602E-03
  3.012388E+00 6.046E-03
  3.012433E+00 7.712E-03
  3.012478E+00 9.582E-03
  3.012568E+00 1.390E-02
  3.012657E+00 1.903E-02
  3.012746E+00 2.523E-02
  3.012790E+00 2.904E-02
  3.012835E+00 3.384E-02
  3.012879E+00 4.124E-02
  3.012923E+00 6.310E-02
  3.012966E+00 5.524E-03
  3.013010E+00 2.829E-02
  3.013054E+00 3.775E-02
  3.013141E+00 5.216E-02
  3.013184E+00 6.031E-02
  3.013227E+00 7.029E-02
  3.013271E+00 8.328E-02
  3.013314E+00 1.012E-01
  3.013356E+00 1.275E-01
  3.013399E+00 1.686E-01
  3.013442E+00 2.377E-01
  3.013485E+00 3.659E-01
  3.013527E+00 6.371E-01
  3.013569E+00 1.345E+00
  3.013612E+00 4.083E+00
  3.013654E+00 3.374E+01
  3.013696E+00 3.029E+01
  3.013738E+00 5.372E+00
  3.013780E+00 2.337E+00
  3.013822E+00 1.408E+00
  3.013863E+00 1.000E+00
  3.013905E+00 7.843E-01
  3.013946E+00 6.563E-01
  3.013988E+00 5.747E-01
  3.014029E+00 5.202E-01
  3.014070E+00 4.828E-01
  3.014152E+00 4.390E-01
  3.014274E+00 4.160E-01
  3.014396E+00 4.216E-01
  3.014557E+00 4.604E-01
  3.014676E+00 5.136E-01
  3.014795E+00 5.948E-01
  3.014912E+00 7.192E-01
  3.014990E+00 8.410E-01
  3.015068E+00 1.014E+00
  3.015107E+00 1.128E+00
  3.015145E+00 1.270E+00
  3.015184E+00 1.447E+00
  3.015222E+00 1.673E+00
  3.015261E+00 1.969E+00
  3.015299E+00 2.364E+00
  3.015337E+00 2.909E+00
  3.015375E+00 3.686E+00
  3.015413E+00 4.840E+00
  3.015451E+00 6.633E+00
  3.015489E+00 9.539E+00
  3.015527E+00 1.431E+01
  3.015564E+00 2.139E+01
  3.015602E+00 2.752E+01
  3.015639E+00 2.551E+01
  3.015677E+00 1.794E+01
  3.015714E+00 1.162E+01
  3.015751E+00 7.700E+00
  3.015788E+00 5.356E+00
  3.015825E+00 3.911E+00
  3.015862E+00 2.981E+00
  3.015899E+00 2.355E+00
  3.015936E+00 1.918E+00
  3.015972E+00 1.603E+00
  3.016009E+00 1.370E+00
  3.016046E+00 1.193E+00
  3.016082E+00 1.058E+00
  3.016118E+00 9.515E-01
  3.016191E+00 8.006E-01
  3.016263E+00 7.033E-01
  3.016370E+00 6.169E-01
  3.016477E+00 5.739E-01
  3.016618E+00 5.576E-01
  3.016793E+00 5.828E-01
  3.016966E+00 6.530E-01
  3.017103E+00 7.486E-01
  3.017205E+00 8.533E-01
  3.017306E+00 1.000E+00
  3.017406E+00 1.213E+00
  3.017473E+00 1.413E+00
  3.017539E+00 1.687E+00
  3.017605E+00 2.075E+00
  3.017638E+00 2.335E+00
  3.017671E+00 2.657E+00
  3.017704E+00 3.065E+00
  3.017736E+00 3.593E+00
  3.017769E+00 4.294E+00
  3.017801E+00 5.256E+00
  3.017834E+00 6.629E+00
  3.017866E+00 8.685E+00
  3.017899E+00 1.197E+01
  3.017931E+00 1.764E+01
  3.017963E+00 2.849E+01
  3.017995E+00 5.132E+01
  3.018027E+00 9.415E+01
  3.018059E+00 1.068E+02
  3.018091E+00 5.985E+01
  3.018123E+00 2.961E+01
  3.018155E+00 1.618E+01
  3.018186E+00 9.773E+00
  3.018218E+00 6.371E+00
  3.018249E+00 4.392E+00
  3.018281E+00 3.158E+00
  3.018312E+00 2.344E+00
  3.018344E+00 1.784E+00
  3.018375E+00 1.385E+00
  3.018406E+00 1.093E+00
  3.018437E+00 8.732E-01
  3.018468E+00 7.052E-01
  3.018499E+00 5.743E-01
  3.018530E+00 4.709E-01
  3.018561E+00 3.880E-01
  3.018592E+00 3.209E-01
  3.018622E+00 2.660E-01
  3.018653E+00 2.205E-01
  3.018684E+00 1.823E-01
  3.018714E+00 1.498E-01
  3.018805E+00 6.893E-02
  3.018836E+00 3.151E-02
  3.018866E+00 1.651E+00
  3.018896E+00 1.149E-01
  3.018926E+00 7.486E-02
  3.018956E+00 5.689E-02
  3.018986E+00 4.513E-02
  3.019016E+00 3.636E-02
  3.019046E+00 2.945E-02
  3.019075E+00 2.385E-02
  3.019105E+00 1.925E-02
  3.019135E+00 1.545E-02
  3.019164E+00 1.231E-02
  3.019194E+00 9.718E-03
  3.019223E+00 7.593E-03
  3.019252E+00 5.869E-03
  3.019282E+00 4.491E-03
  3.019311E+00 3.416E-03
  3.019340E+00 2.605E-03
  3.019369E+00 2.027E-03
  3.019398E+00 1.655E-03
  3.019427E+00 1.465E-03
  3.019456E+00 1.439E-03
  3.019485E+00 1.559E-03
  3.019514E+00 1.811E-03
  3.019543E+00 2.184E-03
  3.019571E+00 2.668E-03
  3.019600E+00 3.255E-03
  3.019657E+00 4.716E-03
  3.019714E+00 6.552E-03
  3.019770E+00 8.797E-03
  3.019827E+00 1.160E-02
  3.019855E+00 1.335E-02
  3.019883E+00 1.555E-02
  3.019911E+00 1.876E-02
  3.019938E+00 2.622E-02
  3.019966E+00 3.490E-01
  3.019994E+00 1.317E-02
  3.020022E+00 1.870E-02
  3.020077E+00 2.741E-02
  3.020105E+00 3.269E-02
  3.020132E+00 3.947E-02
  3.020159E+00 4.869E-02
  3.020187E+00 6.197E-02
  3.020214E+00 8.230E-02
  3.020241E+00 1.157E-01
  3.020269E+00 1.758E-01
  3.020296E+00 2.982E-01
  3.020323E+00 6.006E-01
  3.020350E+00 1.658E+00
  3.020377E+00 1.029E+01
  3.020404E+00 2.383E+01
  3.020431E+00 3.149E+00
  3.020457E+00 1.236E+00
  3.020484E+00 7.055E-01
  3.020511E+00 4.836E-01
  3.020537E+00 3.695E-01
  3.020564E+00 3.030E-01
  3.020591E+00 2.612E-01
  3.020617E+00 2.334E-01
  3.020643E+00 2.144E-01
  3.020696E+00 1.920E-01
  3.020749E+00 1.816E-01
  3.020827E+00 1.787E-01
  3.020905E+00 1.857E-01
  3.021008E+00 2.080E-01
  3.021084E+00 2.358E-01
  3.021160E+00 2.775E-01
  3.021211E+00 3.169E-01
  3.021261E+00 3.705E-01
  3.021312E+00 4.458E-01
  3.021361E+00 5.563E-01
  3.021386E+00 6.322E-01
  3.021411E+00 7.285E-01
  3.021436E+00 8.531E-01
  3.021461E+00 1.018E+00
  3.021485E+00 1.243E+00
  3.021510E+00 1.560E+00
  3.021535E+00 2.025E+00
  3.021559E+00 2.734E+00
  3.021584E+00 3.870E+00
  3.021608E+00 5.748E+00
  3.021632E+00 8.743E+00
  3.021657E+00 1.231E+01
  3.021681E+00 1.321E+01
  3.021705E+00 1.015E+01
  3.021730E+00 6.669E+00
  3.021754E+00 4.359E+00
  3.021778E+00 2.978E+00
  3.021802E+00 2.141E+00
  3.021826E+00 1.611E+00
  3.021850E+00 1.260E+00
  3.021874E+00 1.018E+00
  3.021898E+00 8.458E-01
  3.021921E+00 7.196E-01
  3.021945E+00 6.248E-01
  3.021969E+00 5.524E-01
  3.021992E+00 4.961E-01
  3.022016E+00 4.518E-01
  3.022063E+00 3.884E-01
  3.022110E+00 3.476E-01
  3.022180E+00 3.122E-01
  3.022250E+00 2.961E-01
  3.022342E+00 2.938E-01
  3.022456E+00 3.139E-01
  3.022569E+00 3.585E-01
  3.022659E+00 4.171E-01
  3.022748E+00 5.074E-01
  3.022814E+00 6.088E-01
  3.022858E+00 7.022E-01
  3.022902E+00 8.269E-01
  3.022945E+00 9.993E-01
  3.022967E+00 1.112E+00
  3.022989E+00 1.248E+00
  3.023010E+00 1.417E+00
  3.023032E+00 1.629E+00
  3.023054E+00 1.902E+00
  3.023075E+00 2.260E+00
  3.023097E+00 2.747E+00
  3.023118E+00 3.430E+00
  3.023139E+00 4.436E+00
  3.023161E+00 6.004E+00
  3.023182E+00 8.633E+00
  3.023203E+00 1.347E+01
  3.023225E+00 2.334E+01
  3.023246E+00 4.362E+01
  3.023267E+00 6.302E+01
  3.023288E+00 4.300E+01
  3.023309E+00 2.133E+01
  3.023330E+00 1.126E+01
  3.023351E+00 6.609E+00
  3.023372E+00 4.217E+00
  3.023393E+00 2.863E+00
  3.023414E+00 2.035E+00
  3.023435E+00 1.499E+00
  3.023456E+00 1.134E+00
  3.023476E+00 8.766E-01
  3.023497E+00 6.894E-01
  3.023518E+00 5.499E-01
  3.023538E+00 4.436E-01
  3.023559E+00 3.612E-01
  3.023580E+00 2.964E-01
  3.023600E+00 2.446E-01
  3.023621E+00 2.028E-01
  3.023641E+00 1.686E-01
  3.023662E+00 1.404E-01
  3.023682E+00 1.169E-01
  3.023702E+00 9.701E-02
  3.023722E+00 7.979E-02
  3.023763E+00 4.844E-02
  3.023783E+00 2.362E-02
  3.023803E+00 1.294E-01
  3.023823E+00 5.407E-02
  3.023843E+00 4.012E-02
  3.023863E+00 3.198E-02
  3.023883E+00 2.604E-02
  3.023903E+00 2.134E-02
  3.023923E+00 1.752E-02
  3.023943E+00 1.436E-02
  3.023963E+00 1.172E-02
  3.023983E+00 9.520E-03
  3.024003E+00 7.686E-03
  3.024022E+00 6.166E-03
  3.024042E+00 4.915E-03
  3.024062E+00 3.899E-03
  3.024081E+00 3.087E-03
  3.024101E+00 2.455E-03
  3.024120E+00 1.982E-03
  3.024140E+00 1.649E-03
  3.024159E+00 1.442E-03
  3.024179E+00 1.347E-03
  3.024198E+00 1.354E-03
  3.024217E+00 1.452E-03
  3.024237E+00 1.634E-03
  3.024256E+00 1.894E-03
  3.024275E+00 2.226E-03
  3.024295E+00 2.626E-03
  3.024314E+00 3.091E-03
  3.024352E+00 4.215E-03
  3.024390E+00 5.613E-03
  3.024428E+00 7.348E-03
  3.024447E+00 8.394E-03
  3.024466E+00 9.621E-03
  3.024485E+00 1.115E-02
  3.024504E+00 1.331E-02
  3.024522E+00 1.784E-02
  3.024541E+00 7.946E-01
  3.024560E+00 1.027E-02
  3.024579E+00 1.454E-02
  3.024616E+00 2.166E-02
  3.024634E+00 2.623E-02
  3.024653E+00 3.227E-02
  3.024671E+00 4.074E-02
  3.024690E+00 5.332E-02
  3.024708E+00 7.326E-02
  3.024727E+00 1.075E-01
  3.024745E+00 1.731E-01
  3.024763E+00 3.203E-01
  3.024782E+00 7.510E-01
  3.024800E+00 2.961E+00
  3.024818E+00 3.936E+01
  3.024837E+00 4.027E+00
  3.024855E+00 1.174E+00
  3.024873E+00 5.908E-01
  3.024891E+00 3.772E-01
  3.024909E+00 2.750E-01
  3.024927E+00 2.182E-01
  3.024945E+00 1.834E-01
  3.024963E+00 1.608E-01
  3.024981E+00 1.454E-01
  3.024999E+00 1.347E-01
  3.025035E+00 1.220E-01
  3.025070E+00 1.162E-01
  3.025123E+00 1.150E-01
  3.025176E+00 1.198E-01
  3.025246E+00 1.344E-01
  3.025299E+00 1.523E-01
  3.025350E+00 1.791E-01
  3.025385E+00 2.041E-01
  3.025419E+00 2.380E-01
  3.025453E+00 2.854E-01
  3.025471E+00 3.164E-01
  3.025488E+00 3.544E-01
  3.025505E+00 4.014E-01
  3.025522E+00 4.607E-01
  3.025538E+00 5.370E-01
  3.025555E+00 6.374E-01
  3.025572E+00 7.731E-01
  3.025589E+00 9.623E-01
  3.025606E+00 1.236E+00
  3.025623E+00 1.649E+00
  3.025639E+00 2.302E+00
  3.025656E+00 3.378E+00
  3.025673E+00 5.145E+00
  3.025690E+00 7.593E+00
  3.025706E+00 9.090E+00
  3.025723E+00 7.664E+00
  3.025739E+00 5.170E+00
  3.025756E+00 3.353E+00
  3.025772E+00 2.256E+00
  3.025789E+00 1.598E+00
  3.025805E+00 1.188E+00
  3.025822E+00 9.197E-01
  3.025838E+00 7.373E-01
  3.025855E+00 6.087E-01
  3.025871E+00 5.151E-01
  3.025887E+00 4.455E-01
  3.025904E+00 3.925E-01
  3.025920E+00 3.515E-01
  3.025936E+00 3.195E-01
  3.025968E+00 2.738E-01
  3.026001E+00 2.446E-01
  3.026049E+00 2.193E-01
  3.026097E+00 2.079E-01
  3.026160E+00 2.065E-01
  3.026239E+00 2.208E-01
  3.026317E+00 2.525E-01
  3.026379E+00 2.940E-01
  3.026425E+00 3.391E-01
  3.026471E+00 4.023E-01
  3.026502E+00 4.596E-01
  3.026532E+00 5.348E-01
  3.026563E+00 6.366E-01
  3.026593E+00 7.795E-01
  3.026608E+00 8.739E-01
  3.026623E+00 9.902E-01
  3.026638E+00 1.136E+00
  3.026653E+00 1.322E+00
  3.026668E+00 1.565E+00
  3.026683E+00 1.893E+00
  3.026698E+00 2.350E+00
  3.026713E+00 3.016E+00
  3.026727E+00 4.038E+00
  3.026742E+00 5.722E+00
  3.026757E+00 8.752E+00
  3.026772E+00 1.479E+01
  3.026787E+00 2.744E+01
  3.026801E+00 4.418E+01
  3.026816E+00 3.538E+01
  3.026831E+00 1.795E+01
  3.026845E+00 9.291E+00
  3.026860E+00 5.344E+00
  3.026875E+00 3.359E+00
  3.026889E+00 2.256E+00
  3.026904E+00 1.591E+00
  3.026918E+00 1.164E+00
  3.026933E+00 8.767E-01
  3.026947E+00 6.755E-01
  3.026962E+00 5.299E-01
  3.026976E+00 4.219E-01
  3.026991E+00 3.400E-01
  3.027005E+00 2.766E-01
  3.027019E+00 2.269E-01
  3.027034E+00 1.874E-01
  3.027048E+00 1.555E-01
  3.027062E+00 1.295E-01
  3.027077E+00 1.081E-01
  3.027091E+00 9.039E-02
  3.027105E+00 7.544E-02
  3.027119E+00 6.264E-02
  3.027147E+00 4.016E-02
  3.027162E+00 2.270E-02
  3.027176E+00 6.240E-02
  3.027190E+00 3.601E-02
  3.027204E+00 2.814E-02
  3.027218E+00 2.292E-02
  3.027232E+00 1.889E-02
  3.027246E+00 1.563E-02
  3.027260E+00 1.292E-02
  3.027274E+00 1.065E-02
  3.027288E+00 8.753E-03
  3.027301E+00 7.161E-03
  3.027315E+00 5.830E-03
  3.027329E+00 4.725E-03
  3.027343E+00 3.815E-03
  3.027357E+00 3.077E-03
  3.027371E+00 2.489E-03
  3.027384E+00 2.034E-03
  3.027398E+00 1.696E-03
  3.027412E+00 1.463E-03
  3.027425E+00 1.324E-03
  3.027439E+00 1.270E-03
  3.027453E+00 1.292E-03
  3.027466E+00 1.383E-03
  3.027480E+00 1.539E-03
  3.027493E+00 1.755E-03
  3.027507E+00 2.027E-03
  3.027521E+00 2.352E-03
  3.027547E+00 3.158E-03
  3.027561E+00 3.640E-03
  3.027588E+00 4.776E-03
  3.027615E+00 6.194E-03
  3.027628E+00 7.051E-03
  3.027641E+00 8.057E-03
  3.027654E+00 9.300E-03
  3.027668E+00 1.102E-02
  3.027681E+00 1.441E-02
  3.027694E+00 1.550E-01
  3.027707E+00 9.224E-03
  3.027721E+00 1.288E-02
  3.027734E+00 1.591E-02
  3.027747E+00 1.931E-02
  3.027760E+00 2.360E-02
  3.027773E+00 2.939E-02
  3.027786E+00 3.767E-02
  3.027799E+00 5.026E-02
  3.027812E+00 7.077E-02
  3.027825E+00 1.073E-01
  3.027838E+00 1.811E-01
  3.027851E+00 3.616E-01
  3.027864E+00 9.878E-01
  3.027877E+00 6.065E+00
  3.027890E+00 1.316E+01
  3.027903E+00 1.752E+00
  3.027916E+00 6.798E-01
  3.027929E+00 3.824E-01
  3.027942E+00 2.585E-01
  3.027954E+00 1.949E-01
  3.027967E+00 1.580E-01
  3.027980E+00 1.347E-01
  3.027993E+00 1.193E-01
  3.028005E+00 1.087E-01
  3.028018E+00 1.013E-01
  3.028043E+00 9.232E-02
  3.028081E+00 8.747E-02
  3.028119E+00 8.846E-02
  3.028169E+00 9.611E-02
  3.028206E+00 1.065E-01
  3.028243E+00 1.220E-01
  3.028268E+00 1.362E-01
  3.028305E+00 1.667E-01
  3.028329E+00 1.964E-01
  3.028353E+00 2.384E-01
  3.028366E+00 2.663E-01
  3.028378E+00 3.009E-01
  3.028390E+00 3.442E-01
  3.028402E+00 3.997E-01
  3.028414E+00 4.722E-01
  3.028426E+00 5.696E-01
  3.028438E+00 7.043E-01
  3.028450E+00 8.975E-01
  3.028462E+00 1.186E+00
  3.028474E+00 1.637E+00
  3.028486E+00 2.376E+00
  3.028498E+00 3.603E+00
  3.028510E+00 5.441E+00
  3.028522E+00 7.030E+00
  3.028533E+00 6.468E+00
  3.028545E+00 4.515E+00
  3.028557E+00 2.922E+00
  3.028569E+00 1.942E+00
  3.028581E+00 1.358E+00
  3.028593E+00 9.986E-01
  3.028604E+00 7.665E-01
  3.028616E+00 6.102E-01
  3.028628E+00 5.008E-01
  3.028640E+00 4.218E-01
  3.028651E+00 3.634E-01
  3.028663E+00 3.191E-01
  3.028686E+00 2.585E-01
  3.028709E+00 2.208E-01
  3.028732E+00 1.968E-01
  3.028767E+00 1.761E-01
  3.028801E+00 1.667E-01
  3.028847E+00 1.654E-01
  3.028904E+00 1.769E-01
  3.028960E+00 2.023E-01
  3.029005E+00 2.354E-01
  3.029038E+00 2.714E-01
  3.029071E+00 3.218E-01
  3.029104E+00 3.950E-01
  3.029126E+00 4.641E-01
  3.029148E+00 5.588E-01
  3.029159E+00 6.202E-01
  3.029180E+00 7.857E-01
  3.029191E+00 8.996E-01
  3.029202E+00 1.045E+00
  3.029213E+00 1.234E+00
  3.029224E+00 1.487E+00
  3.029234E+00 1.838E+00
  3.029245E+00 2.346E+00
  3.029256E+00 3.118E+00
  3.029267E+00 4.374E+00
  3.029277E+00 6.600E+00
  3.029288E+00 1.096E+01
  3.029299E+00 2.012E+01
  3.029309E+00 3.426E+01
  3.029320E+00 3.108E+01
  3.029331E+00 1.626E+01
  3.029341E+00 8.303E+00
  3.029352E+00 4.704E+00
  3.029362E+00 2.923E+00
  3.029373E+00 1.946E+00
  3.029384E+00 1.363E+00
  3.029394E+00 9.930E-01
  3.029405E+00 7.452E-01
  3.029415E+00 5.725E-01
  3.029426E+00 4.482E-01
  3.029436E+00 3.563E-01
  3.029446E+00 2.867E-01
  3.029457E+00 2.331E-01
  3.029467E+00 1.912E-01
  3.029478E+00 1.578E-01
  3.029488E+00 1.310E-01
  3.029498E+00 1.092E-01
  3.029519E+00 7.651E-02
  3.029529E+00 6.409E-02
  3.029550E+00 4.434E-02
  3.029560E+00 3.565E-02
  3.029571E+00 2.300E-02
  3.029581E+00 4.196E-02
  3.029591E+00 2.791E-02
  3.033101E+00 2.609E+00
  3.036431E+00 2.295E+00
  3.039732E+00 1.871E+00
  3.039742E+00 1.951E+00
  3.043859E+00 1.601E+00
  3.047931E+00 1.341E+00
  3.051959E+00 1.143E+00
  3.055941E+00 9.880E-01
  3.059881E+00 8.645E-01
  3.063777E+00 7.643E-01
  3.071443E+00 6.132E-01
  3.078944E+00 5.058E-01
  3.086285E+00 4.263E-01
  3.097007E+00 3.404E-01
  3.107394E+00 2.801E-01
  3.120745E+00 2.238E-01
  3.133556E+00 1.846E-01
  3.148852E+00 1.503E-01
  3.166225E+00 1.222E-01
  3.185242E+00 1.001E-01
  3.207890E+00 8.130E-02
  3.233111E+00 6.662E-02
  3.261801E+00 5.503E-02
  3.288915E+00 4.795E-02
  3.305194E+00 4.653E-02
  3.312851E+00 4.794E-02
  3.318761E+00 5.169E-02
  3.321647E+00 5.556E-02
  3.324487E+00 6.245E-02
  3.325891E+00 6.808E-02
  3.327284E+00 7.636E-02
  3.328666E+00 8.901E-02
  3.330037E+00 1.082E-01
  3.331398E+00 1.330E-01
  3.332749E+00 1.484E-01
  3.334089E+00 1.384E-01
  3.335419E+00 1.193E-01
  3.336738E+00 1.071E-01
  3.338048E+00 1.031E-01
  3.339348E+00 1.052E-01
  3.340638E+00 1.121E-01
  3.341918E+00 1.232E-01
  3.343189E+00 1.391E-01
  3.344450E+00 1.606E-01
  3.345701E+00 1.891E-01
  3.346943E+00 2.264E-01
  3.348177E+00 2.744E-01
  3.349400E+00 3.340E-01
  3.351821E+00 4.740E-01
  3.353018E+00 5.312E-01
  3.354206E+00 5.574E-01
  3.355385E+00 5.449E-01
  3.356556E+00 5.015E-01
  3.360017E+00 3.289E-01
  3.361155E+00 2.832E-01
  3.362283E+00 2.456E-01
  3.363404E+00 2.151E-01
  3.364517E+00 1.904E-01
  3.365621E+00 1.702E-01
  3.367807E+00 1.399E-01
  3.369962E+00 1.188E-01
  3.373136E+00 9.750E-02
  3.376245E+00 8.362E-02
  3.380289E+00 7.158E-02
  3.385188E+00 6.245E-02
  3.390849E+00 5.675E-02
  3.395394E+00 5.575E-02
  3.398922E+00 5.830E-02
  3.401506E+00 6.332E-02
  3.404041E+00 7.215E-02
  3.406525E+00 8.517E-02
  3.410560E+00 1.091E-01
  3.411352E+00 1.110E-01
  3.412138E+00 1.104E-01
  3.412919E+00 1.070E-01
  3.414467E+00 9.411E-02
  3.416752E+00 7.328E-02
  3.418251E+00 6.331E-02
  3.420465E+00 5.347E-02
  3.422638E+00 4.733E-02
  3.426170E+00 4.113E-02
  3.430935E+00 3.614E-02
  3.438648E+00 3.130E-02
  3.448116E+00 2.774E-02
  3.454665E+00 2.688E-02
  3.458285E+00 2.782E-02
  3.460786E+00 3.014E-02
  3.462254E+00 3.305E-02
  3.463219E+00 3.631E-02
  3.464174E+00 4.157E-02
  3.464647E+00 4.546E-02
  3.465118E+00 5.067E-02
  3.465586E+00 5.778E-02
  3.466052E+00 6.758E-02
  3.466516E+00 8.093E-02
  3.467435E+00 1.149E-01
  3.467891E+00 1.235E-01
  3.468344E+00 1.163E-01
  3.469244E+00 8.048E-02
  3.469691E+00 6.683E-02
  3.470135E+00 5.766E-02
  3.470576E+00 5.187E-02
  3.471016E+00 4.842E-02
  3.471452E+00 4.661E-02
  3.471887E+00 4.597E-02
  3.472750E+00 4.732E-02
  3.473603E+00 5.155E-02
  3.474448E+00 5.881E-02
  3.475284E+00 7.007E-02
  3.475698E+00 7.780E-02
  3.476111E+00 8.746E-02
  3.476521E+00 9.964E-02
  3.476929E+00 1.152E-01
  3.477336E+00 1.351E-01
  3.477740E+00 1.610E-01
  3.478142E+00 1.946E-01
  3.478542E+00 2.372E-01
  3.479335E+00 3.449E-01
  3.479729E+00 3.932E-01
  3.480121E+00 4.180E-01
  3.480511E+00 4.117E-01
  3.481285E+00 3.487E-01
  3.481669E+00 3.233E-01
  3.482051E+00 3.294E-01
  3.482431E+00 7.347E-01
  3.482809E+00 2.623E-01
  3.483186E+00 2.048E-01
  3.483560E+00 2.050E-01
  3.484303E+00 2.213E-01
  3.485039E+00 2.536E-01
  3.485768E+00 3.042E-01
  3.486129E+00 3.378E-01
  3.486489E+00 3.782E-01
  3.486847E+00 4.263E-01
  3.487203E+00 4.836E-01
  3.487558E+00 5.515E-01
  3.487911E+00 6.317E-01
  3.488262E+00 7.256E-01
  3.488959E+00 9.598E-01
  3.489991E+00 1.412E+00
  3.490671E+00 1.730E+00
  3.491009E+00 1.930E+00
  3.491345E+00 3.764E+00
  3.491679E+00 1.583E+00
  3.492012E+00 1.623E+00
  3.492343E+00 1.575E+00
  3.493327E+00 1.278E+00
  3.494297E+00 9.777E-01
  3.495253E+00 7.514E-01
  3.496196E+00 5.920E-01
  3.497125E+00 4.796E-01
  3.498041E+00 3.987E-01
  3.499243E+00 3.226E-01
  3.500423E+00 2.695E-01
  3.501867E+00 2.230E-01
  3.503557E+00 1.850E-01
  3.505472E+00 1.553E-01
  3.507587E+00 1.335E-01
  3.509629E+00 1.214E-01
  3.511114E+00 1.199E-01
  3.512082E+00 1.246E-01
  3.512798E+00 1.333E-01
  3.513504E+00 1.490E-01
  3.514201E+00 1.752E-01
  3.514661E+00 2.007E-01
  3.515117E+00 2.340E-01
  3.515794E+00 2.990E-01
  3.516462E+00 3.680E-01
  3.516683E+00 3.830E-01
  3.516903E+00 3.892E-01
  3.517122E+00 3.852E-01
  3.517557E+00 3.503E-01
  3.518417E+00 2.489E-01
  3.518842E+00 2.088E-01
  3.519263E+00 1.781E-01
  3.519888E+00 1.452E-01
  3.520505E+00 1.226E-01
  3.521317E+00 1.014E-01
  3.522313E+00 8.122E-02
  3.522509E+00 7.620E-02
  3.522705E+00 6.900E-02
  3.522901E+00 1.272E-01
  3.523095E+00 8.600E-02
  3.523289E+00 7.896E-02
  3.523674E+00 7.203E-02
  3.524810E+00 5.970E-02
  3.526645E+00 4.547E-02
  3.528235E+00 3.606E-02
  3.529265E+00 3.192E-02
  3.529939E+00 3.087E-02
  3.530437E+00 3.170E-02
  3.530766E+00 3.357E-02
  3.531093E+00 3.698E-02
  3.531417E+00 4.073E-02
  3.531578E+00 3.907E-02
  3.531739E+00 3.270E-02
  3.531899E+00 2.763E-02
  3.532058E+00 2.763E-02
  3.532217E+00 3.071E-02
  3.532375E+00 3.520E-02
  3.532532E+00 4.062E-02
  3.532689E+00 4.695E-02
  3.532846E+00 5.436E-02
  3.533001E+00 6.312E-02
  3.533157E+00 7.359E-02
  3.533311E+00 8.619E-02
  3.533465E+00 1.014E-01
  3.533619E+00 1.200E-01
  3.533772E+00 1.425E-01
  3.533924E+00 1.699E-01
  3.534076E+00 2.028E-01
  3.534227E+00 2.415E-01
  3.534826E+00 4.272E-01
  3.535122E+00 4.932E-01
  3.535416E+00 5.434E-01
  3.535563E+00 5.971E-01
  3.535708E+00 7.618E-01
  3.535854E+00 1.888E+00
  3.535998E+00 4.888E+00
  3.536142E+00 1.768E+01
  3.536286E+00 9.201E-01
  3.536429E+00 6.810E-01
  3.536572E+00 6.647E-01
  3.536714E+00 7.014E-01
  3.536855E+00 7.689E-01
  3.536996E+00 8.655E-01
  3.537137E+00 9.967E-01
  3.537277E+00 1.174E+00
  3.537416E+00 1.418E+00
  3.537555E+00 1.767E+00
  3.537694E+00 2.293E+00
  3.537832E+00 3.153E+00
  3.537969E+00 4.727E+00
  3.538106E+00 8.073E+00
  3.538243E+00 1.515E+01
  3.538379E+00 1.425E+01
  3.538514E+00 4.260E+00
  3.538649E+00 1.123E+00
  3.538784E+00 3.436E-01
  3.538918E+00 2.083E-01
  3.539052E+00 2.940E-01
  3.539185E+00 4.769E-01
  3.539318E+00 7.119E-01
  3.539582E+00 1.231E+00
  3.539713E+00 1.427E+00
  3.539844E+00 1.443E+00
  3.539974E+00 1.100E+00
  3.540104E+00 5.094E-01
  3.540233E+00 8.806E-01
  3.540491E+00 4.256E+00
  3.540619E+00 5.424E+00
  3.540747E+00 6.165E+00
  3.540874E+00 6.585E+00
  3.541000E+00 6.759E+00
  3.541253E+00 6.607E+00
  3.541752E+00 5.472E+00
  3.542244E+00 4.340E+00
  3.542729E+00 3.514E+00
  3.543208E+00 2.945E+00
  3.543797E+00 2.477E+00
  3.544377E+00 2.187E+00
  3.545059E+00 2.002E+00
  3.545618E+00 1.968E+00
  3.546058E+00 2.034E+00
  3.546492E+00 2.222E+00
  3.546814E+00 2.479E+00
  3.547132E+00 2.871E+00
  3.547448E+00 3.424E+00
  3.547760E+00 4.149E+00
  3.548070E+00 5.114E+00
  3.548274E+00 6.013E+00
  3.548376E+00 6.623E+00
  3.548477E+00 7.615E+00
  3.548579E+00 1.487E+01
  3.548679E+00 1.337E+01
  3.548780E+00 9.085E+00
  3.549079E+00 8.833E+00
  3.549278E+00 8.256E+00
  3.549767E+00 6.310E+00
  3.550057E+00 5.480E+00
  3.550440E+00 4.794E+00
  3.550817E+00 4.434E+00
  3.551283E+00 4.279E+00
  3.551831E+00 4.407E+00
  3.552281E+00 4.768E+00
  3.552724E+00 5.444E+00
  3.553073E+00 6.355E+00
  3.553332E+00 7.425E+00
  3.553503E+00 8.460E+00
  3.553674E+00 9.954E+00
  3.553758E+00 1.099E+01
  3.553843E+00 1.239E+01
  3.553927E+00 1.446E+01
  3.554011E+00 1.851E+01
  3.554095E+00 4.243E+01
  3.554179E+00 1.182E+01
  3.554262E+00 1.518E+01
  3.554345E+00 1.977E+01
  3.554428E+00 2.517E+01
  3.554510E+00 3.240E+01
  3.554592E+00 4.282E+01
  3.554674E+00 5.860E+01
  3.554756E+00 8.314E+01
  3.554838E+00 1.197E+02
  3.554919E+00 1.624E+02
  3.555000E+00 1.872E+02
  3.555081E+00 2.306E+02
  3.555161E+00 1.718E+02
  3.555241E+00 7.778E+01
  3.555321E+00 5.004E+01
  3.555401E+00 3.588E+01
  3.555481E+00 2.751E+01
  3.555560E+00 2.224E+01
  3.555639E+00 1.881E+01
  3.555718E+00 1.655E+01
  3.555797E+00 1.509E+01
  3.555875E+00 1.421E+01
  3.555953E+00 1.377E+01
  3.556031E+00 1.370E+01
  3.556109E+00 1.397E+01
  3.556186E+00 1.455E+01
  3.556264E+00 1.546E+01
  3.556341E+00 1.670E+01
  3.556494E+00 2.009E+01
  3.556646E+00 2.391E+01
  3.556722E+00 2.534E+01
  3.556798E+00 2.607E+01
  3.556948E+00 2.556E+01
  3.557098E+00 2.464E+01
  3.557173E+00 2.512E+01
  3.557247E+00 2.713E+01
  3.557321E+00 3.264E+01
  3.557395E+00 4.930E+01
  3.557469E+00 1.355E+02
  3.557542E+00 2.824E+03
  3.557615E+00 1.539E+02
  3.557689E+00 5.758E+01
  3.557761E+00 4.087E+01
  3.557834E+00 3.683E+01
  3.557906E+00 3.708E+01
  3.557979E+00 3.975E+01
  3.558051E+00 4.448E+01
  3.558122E+00 5.153E+01
  3.558194E+00 6.160E+01
  3.558265E+00 7.578E+01
  3.558336E+00 9.523E+01
  3.558407E+00 1.193E+02
  3.558478E+00 1.396E+02
  3.558549E+00 1.357E+02
  3.558619E+00 1.007E+02
  3.558689E+00 5.986E+01
  3.558759E+00 3.149E+01
  3.558829E+00 1.542E+01
  3.558898E+00 7.101E+00
  3.558968E+00 3.237E+00
  3.559037E+00 2.010E+00
  3.559106E+00 2.461E+00
  3.559175E+00 4.069E+00
  3.559243E+00 6.511E+00
  3.559311E+00 9.508E+00
  3.559448E+00 1.586E+01
  3.559515E+00 1.844E+01
  3.559583E+00 2.019E+01
  3.559650E+00 2.096E+01
  3.559718E+00 2.081E+01
  3.559785E+00 1.994E+01
  3.559918E+00 1.699E+01
  3.560117E+00 1.208E+01
  3.560248E+00 9.316E+00
  3.560379E+00 7.049E+00
  3.560509E+00 5.214E+00
  3.560574E+00 4.447E+00
  3.560639E+00 3.796E+00
  3.560703E+00 3.318E+00
  3.560767E+00 3.165E+00
  3.560832E+00 3.773E+00
  3.560895E+00 6.472E+00
  3.560959E+00 1.542E+01
  3.561023E+00 3.646E+01
  3.561086E+00 4.398E+01
  3.561149E+00 3.090E+01
  3.561212E+00 2.109E+01
  3.561275E+00 1.557E+01
  3.561338E+00 1.229E+01
  3.561400E+00 1.019E+01
  3.561463E+00 8.737E+00
  3.561525E+00 7.683E+00
  3.561587E+00 6.886E+00
  3.561710E+00 5.772E+00
  3.561833E+00 5.048E+00
  3.562016E+00 4.383E+00
  3.562197E+00 4.045E+00
  3.562377E+00 3.948E+00
  3.562556E+00 4.059E+00
  3.562791E+00 4.475E+00
  3.563082E+00 5.074E+00
  3.563483E+00 5.372E+00
  3.563596E+00 5.701E+00
  3.563653E+00 6.022E+00
  3.563709E+00 6.633E+00
  3.563765E+00 9.224E+00
  3.563821E+00 3.759E+01
  3.563877E+00 7.087E+00
  3.563932E+00 6.702E+00
  3.564043E+00 6.467E+00
  3.564153E+00 5.837E+00
  3.564426E+00 3.742E+00
  3.564535E+00 3.100E+00
  3.564642E+00 2.600E+00
  3.564749E+00 2.213E+00
  3.564909E+00 1.788E+00
  3.565067E+00 1.491E+00
  3.565224E+00 1.279E+00
  3.565432E+00 1.084E+00
  3.565637E+00 9.617E-01
  3.565840E+00 8.982E-01
  3.565991E+00 8.934E-01
  3.566141E+00 9.437E-01
  3.566241E+00 1.033E+00
  3.566290E+00 1.107E+00
  3.566339E+00 1.216E+00
  3.566389E+00 1.379E+00
  3.566438E+00 1.637E+00
  3.566487E+00 2.079E+00
  3.566536E+00 2.900E+00
  3.566584E+00 4.388E+00
  3.566633E+00 5.584E+00
  3.566681E+00 4.663E+00
  3.566730E+00 4.362E+00
  3.566778E+00 6.201E+00
  3.566826E+00 9.947E+00
  3.566874E+00 5.167E+00
  3.566922E+00 1.537E+00
  3.566970E+00 5.486E-01
  3.567017E+00 2.403E-01
  3.567065E+00 1.339E-01
  3.567112E+00 1.047E-01
  3.567159E+00 1.161E-01
  3.567206E+00 1.622E-01
  3.567253E+00 2.537E-01
  3.567300E+00 4.024E-01
  3.567347E+00 5.310E-01
  3.567394E+00 4.598E-01
  3.567440E+00 2.921E-01
  3.567487E+00 1.758E-01
  3.567533E+00 1.115E-01
  3.567579E+00 7.603E-02
  3.567625E+00 5.551E-02
  3.567671E+00 4.302E-02
  3.567717E+00 3.507E-02
  3.567763E+00 2.983E-02
  3.567809E+00 2.628E-02
  3.567854E+00 2.384E-02
  3.567900E+00 2.215E-02
  3.567945E+00 2.102E-02
  3.568035E+00 2.002E-02
  3.568125E+00 2.054E-02
  3.568170E+00 2.149E-02
  3.568214E+00 2.304E-02
  3.568259E+00 2.540E-02
  3.568303E+00 2.889E-02
  3.568347E+00 3.392E-02
  3.568392E+00 4.105E-02
  3.568436E+00 5.086E-02
  3.568480E+00 6.377E-02
  3.568524E+00 7.963E-02
  3.568698E+00 1.549E-01
  3.568741E+00 1.776E-01
  3.568784E+00 2.076E-01
  3.568828E+00 2.527E-01
  3.568871E+00 3.305E-01
  3.568914E+00 4.921E-01
  3.568956E+00 9.440E-01
  3.568999E+00 3.248E+00
  3.569042E+00 7.917E+01
  3.569084E+00 5.965E+00
  3.569126E+00 2.069E+00
  3.569169E+00 1.400E+00
  3.569211E+00 1.250E+00
  3.569253E+00 1.288E+00
  3.569295E+00 1.446E+00
  3.569337E+00 1.717E+00
  3.569379E+00 2.111E+00
  3.569462E+00 3.170E+00
  3.569503E+00 3.491E+00
  3.569545E+00 3.287E+00
  3.569586E+00 2.611E+00
  3.569627E+00 1.836E+00
  3.569668E+00 1.210E+00
  3.569709E+00 7.736E-01
  3.569750E+00 4.880E-01
  3.569791E+00 3.080E-01
  3.569832E+00 2.028E-01
  3.569872E+00 1.541E-01
  3.569913E+00 1.532E-01
  3.569953E+00 1.971E-01
  3.569993E+00 2.859E-01
  3.570034E+00 4.185E-01
  3.570074E+00 5.874E-01
  3.570154E+00 9.497E-01
  3.570193E+00 1.082E+00
  3.570233E+00 1.154E+00
  3.570273E+00 1.163E+00
  3.570312E+00 1.126E+00
  3.570391E+00 9.786E-01
  3.570509E+00 7.385E-01
  3.570625E+00 5.525E-01
  3.570703E+00 4.587E-01
  3.570780E+00 3.861E-01
  3.570818E+00 3.588E-01
  3.570856E+00 3.401E-01
  3.570894E+00 3.357E-01
  3.570932E+00 3.581E-01
  3.570970E+00 4.377E-01
  3.571008E+00 6.525E-01
  3.571046E+00 1.204E+00
  3.571121E+00 3.609E+00
  3.571159E+00 3.174E+00
  3.571196E+00 2.307E+00
  3.571234E+00 1.730E+00
  3.571271E+00 1.383E+00
  3.571308E+00 1.167E+00
  3.571345E+00 1.027E+00
  3.571382E+00 9.318E-01
  3.571419E+00 8.661E-01
  3.571493E+00 7.903E-01
  3.571566E+00 7.617E-01
  3.571676E+00 7.789E-01
  3.571784E+00 8.558E-01
  3.571892E+00 9.864E-01
  3.572070E+00 1.247E+00
  3.572176E+00 1.328E+00
  3.572385E+00 1.326E+00
  3.572454E+00 1.386E+00
  3.572489E+00 1.447E+00
  3.572523E+00 1.537E+00
  3.572558E+00 1.678E+00
  3.572592E+00 1.992E+00
  3.572626E+00 6.165E+00
  3.572660E+00 2.344E+00
  3.572694E+00 1.828E+00
  3.572762E+00 1.799E+00
  3.572830E+00 1.676E+00
  3.573030E+00 1.062E+00
  3.573130E+00 8.445E-01
  3.573228E+00 6.954E-01
  3.573326E+00 5.945E-01
  3.573424E+00 5.268E-01
  3.573552E+00 4.737E-01
  3.573680E+00 4.565E-01
  3.573775E+00 4.710E-01
  3.573838E+00 5.008E-01
  3.573901E+00 5.585E-01
  3.573932E+00 6.049E-01
  3.573963E+00 6.702E-01
  3.573995E+00 7.647E-01
  3.574026E+00 9.058E-01
  3.574057E+00 1.123E+00
  3.574087E+00 1.458E+00
  3.574118E+00 1.913E+00
  3.574149E+00 2.261E+00
  3.574180E+00 2.106E+00
  3.574210E+00 1.665E+00
  3.574241E+00 1.352E+00
  3.574272E+00 1.246E+00
  3.574302E+00 1.326E+00
  3.574332E+00 1.626E+00
  3.574363E+00 2.291E+00
  3.574393E+00 3.569E+00
  3.574423E+00 4.656E+00
  3.574453E+00 3.099E+00
  3.574483E+00 1.410E+00
  3.574513E+00 6.608E-01
  3.574543E+00 3.432E-01
  3.574573E+00 1.951E-01
  3.574603E+00 1.196E-01
  3.574633E+00 7.874E-02
  3.574662E+00 5.638E-02
  3.574692E+00 4.548E-02
  3.574722E+00 4.401E-02
  3.574751E+00 5.463E-02
  3.574780E+00 8.625E-02
  3.574810E+00 1.379E-01
  3.574839E+00 1.453E-01
  3.574868E+00 1.052E-01
  3.574897E+00 7.294E-02
  3.574927E+00 5.419E-02
  3.574956E+00 4.321E-02
  3.574985E+00 3.639E-02
  3.575014E+00 3.190E-02
  3.575042E+00 2.878E-02
  3.575071E+00 2.653E-02
  3.575129E+00 2.354E-02
  3.575214E+00 2.097E-02
  3.575328E+00 1.910E-02
  3.575412E+00 1.843E-02
  3.575468E+00 1.859E-02
  3.575496E+00 1.906E-02
  3.575524E+00 1.999E-02
  3.575551E+00 2.159E-02
  3.575579E+00 2.411E-02
  3.575607E+00 2.771E-02
  3.575634E+00 3.237E-02
  3.575662E+00 3.793E-02
  3.575689E+00 4.435E-02
  3.575717E+00 5.195E-02
  3.575744E+00 6.162E-02
  3.575772E+00 7.529E-02
  3.575799E+00 9.706E-02
  3.575826E+00 1.370E-01
  3.575853E+00 2.257E-01
  3.575880E+00 4.936E-01
  3.575907E+00 2.026E+00
  3.575934E+00 4.763E+01
  3.575961E+00 2.953E+00
  3.575988E+00 1.085E+00
  3.576015E+00 7.250E-01
  3.576042E+00 6.323E-01
  3.576068E+00 6.400E-01
  3.576095E+00 7.099E-01
  3.576121E+00 8.302E-01
  3.576174E+00 1.119E+00
  3.576201E+00 1.143E+00
  3.576227E+00 1.004E+00
  3.576280E+00 5.544E-01
  3.576306E+00 3.860E-01
  3.576332E+00 2.689E-01
  3.576358E+00 1.905E-01
  3.576384E+00 1.396E-01
  3.576410E+00 1.087E-01
  3.576436E+00 9.363E-02
  3.576462E+00 9.272E-02
  3.576488E+00 1.061E-01
  3.576514E+00 1.349E-01
  3.576539E+00 1.806E-01
  3.576565E+00 2.428E-01
  3.576616E+00 3.896E-01
  3.576642E+00 4.476E-01
  3.576667E+00 4.790E-01
  3.576693E+00 4.824E-01
  3.576718E+00 4.646E-01
  3.576844E+00 3.037E-01
  3.576894E+00 2.555E-01
  3.576944E+00 2.190E-01
  3.576993E+00 1.927E-01
  3.577043E+00 1.771E-01
  3.577067E+00 1.752E-01
  3.577092E+00 1.803E-01
  3.577117E+00 1.979E-01
  3.577141E+00 2.406E-01
  3.577165E+00 3.371E-01
  3.577190E+00 5.511E-01
  3.577238E+00 1.380E+00
  3.577263E+00 1.325E+00
  3.577287E+00 1.037E+00
  3.577311E+00 8.093E-01
  3.577335E+00 6.643E-01
  3.577359E+00 5.736E-01
  3.577383E+00 5.159E-01
  3.577407E+00 4.791E-01
  3.577431E+00 4.561E-01
  3.577479E+00 4.376E-01
  3.577526E+00 4.444E-01
  3.577573E+00 4.708E-01
  3.577644E+00 5.437E-01
  3.577807E+00 7.933E-01
  3.577853E+00 8.305E-01
  3.577922E+00 8.263E-01
  3.578013E+00 7.970E-01
  3.578059E+00 8.208E-01
  3.578104E+00 8.947E-01
  3.578126E+00 9.591E-01
  3.578149E+00 1.059E+00
  3.578171E+00 1.284E+00
  3.578194E+00 5.010E+00
  3.578216E+00 1.386E+00
  3.578238E+00 1.128E+00
  3.578283E+00 1.114E+00
  3.578327E+00 1.038E+00
  3.578437E+00 7.273E-01
  3.578503E+00 5.840E-01
  3.578568E+00 4.856E-01
  3.578633E+00 4.204E-01
  3.578697E+00 3.791E-01
  3.578761E+00 3.564E-01
  3.578824E+00 3.508E-01
  3.578888E+00 3.660E-01
  3.578930E+00 3.935E-01
  3.578951E+00 4.154E-01
  3.578971E+00 4.452E-01
  3.578992E+00 4.861E-01
  3.579013E+00 5.430E-01
  3.579034E+00 6.235E-01
  3.579055E+00 7.398E-01
  3.579075E+00 9.084E-01
  3.579096E+00 1.142E+00
  3.579116E+00 1.406E+00
  3.579137E+00 1.554E+00
  3.579158E+00 1.442E+00
  3.579178E+00 1.191E+00
  3.579198E+00 9.845E-01
  3.579219E+00 8.783E-01
  3.579239E+00 8.670E-01
  3.579260E+00 9.500E-01
  3.579280E+00 1.156E+00
  3.579300E+00 1.565E+00
  3.579320E+00 2.325E+00
  3.579341E+00 3.333E+00
  3.579361E+00 3.148E+00
  3.579381E+00 1.777E+00
  3.579401E+00 8.865E-01
  3.579421E+00 4.715E-01
  3.579441E+00 2.733E-01
  3.579461E+00 1.706E-01
  3.579481E+00 1.132E-01
  3.579501E+00 7.915E-02
  3.579520E+00 5.812E-02
  3.579540E+00 4.497E-02
  3.579560E+00 3.728E-02
  3.579580E+00 3.471E-02
  3.579599E+00 3.976E-02
  3.579619E+00 5.935E-02
  3.579639E+00 8.671E-02
  3.579658E+00 8.146E-02
  3.579678E+00 6.147E-02
  3.579697E+00 4.754E-02
  3.579717E+00 3.913E-02
  3.579736E+00 3.384E-02
  3.579756E+00 3.032E-02
  3.579775E+00 2.785E-02
  3.579813E+00 2.465E-02
  3.579871E+00 2.197E-02
  3.579966E+00 1.954E-02
  3.580117E+00 1.713E-02
  3.580155E+00 1.735E-02
  3.580173E+00 1.806E-02
  3.580192E+00 1.939E-02
  3.580210E+00 2.144E-02
  3.580229E+00 2.423E-02
  3.580247E+00 2.782E-02
  3.580266E+00 3.250E-02
  3.580284E+00 3.900E-02
  3.580303E+00 4.891E-02
  3.580321E+00 6.583E-02
  3.580339E+00 9.920E-02
  3.580357E+00 1.797E-01
  3.580376E+00 4.515E-01
  3.580394E+00 2.428E+00
  3.580412E+00 2.124E+01
  3.580430E+00 1.771E+00
  3.580448E+00 7.545E-01
  3.580466E+00 5.232E-01
  3.580484E+00 4.593E-01
  3.580502E+00 4.631E-01
  3.580520E+00 5.074E-01
  3.580556E+00 6.347E-01
  3.580574E+00 6.355E-01
  3.580592E+00 5.541E-01
  3.580610E+00 4.299E-01
  3.580628E+00 3.143E-01
  3.580645E+00 2.271E-01
  3.580663E+00 1.669E-01
  3.580681E+00 1.267E-01
  3.580698E+00 1.007E-01
  3.580716E+00 8.494E-02
  3.580734E+00 7.737E-02
  3.580751E+00 7.718E-02
  3.580769E+00 8.452E-02
  3.580786E+00 1.003E-01
  3.580804E+00 1.257E-01
  3.580821E+00 1.613E-01
  3.580839E+00 2.052E-01
  3.580856E+00 2.513E-01
  3.580873E+00 2.898E-01
  3.580891E+00 3.120E-01
  3.580908E+00 3.151E-01
  3.580925E+00 3.034E-01
  3.580994E+00 2.171E-01
  3.581028E+00 1.832E-01
  3.581062E+00 1.586E-01
  3.581096E+00 1.416E-01
  3.581130E+00 1.315E-01
  3.581146E+00 1.295E-01
  3.581163E+00 1.306E-01
  3.581180E+00 1.363E-01
  3.581197E+00 1.502E-01
  3.581214E+00 1.796E-01
  3.581230E+00 2.400E-01
  3.581247E+00 3.629E-01
  3.581264E+00 5.822E-01
  3.581280E+00 8.086E-01
  3.581297E+00 8.166E-01
  3.581313E+00 6.755E-01
  3.581330E+00 5.451E-01
  3.581346E+00 4.575E-01
  3.581363E+00 4.023E-01
  3.581379E+00 3.679E-01
  3.581396E+00 3.472E-01
  3.581412E+00 3.358E-01
  3.581445E+00 3.324E-01
  3.581477E+00 3.478E-01
  3.581510E+00 3.787E-01
  3.581558E+00 4.516E-01
  3.581638E+00 6.077E-01
  3.581670E+00 6.490E-01
  3.581702E+00 6.607E-01
  3.581796E+00 6.111E-01
  3.581828E+00 6.230E-01
  3.581859E+00 6.721E-01
  3.581875E+00 7.155E-01
  3.581890E+00 7.783E-01
  3.581906E+00 8.845E-01
  3.581921E+00 1.243E+00
  3.581937E+00 1.244E+01
  3.581952E+00 9.139E-01
  3.581967E+00 8.731E-01
  3.581998E+00 8.602E-01
  3.582029E+00 7.923E-01
  3.582090E+00 6.002E-01
  3.582135E+00 4.846E-01
  3.582180E+00 4.047E-01
  3.582225E+00 3.525E-01
  3.582270E+00 3.207E-01
  3.582314E+00 3.053E-01
  3.582359E+00 3.062E-01
  3.582403E+00 3.284E-01
  3.582432E+00 3.625E-01
  3.582447E+00 3.892E-01
  3.582461E+00 4.254E-01
  3.582476E+00 4.752E-01
  3.582490E+00 5.446E-01
  3.582505E+00 6.424E-01
  3.582519E+00 7.793E-01
  3.582548E+00 1.152E+00
  3.582562E+00 1.259E+00
  3.582577E+00 1.190E+00
  3.582605E+00 8.483E-01
  3.582620E+00 7.502E-01
  3.582634E+00 7.207E-01
  3.582648E+00 7.579E-01
  3.582662E+00 8.739E-01
  3.582676E+00 1.108E+00
  3.582691E+00 1.547E+00
  3.582719E+00 3.007E+00
  3.582733E+00 2.445E+00
  3.582747E+00 1.346E+00
  3.582761E+00 7.038E-01
  3.582775E+00 3.945E-01
  3.582789E+00 2.394E-01
  3.582803E+00 1.555E-01
  3.582817E+00 1.069E-01
  3.582831E+00 7.707E-02
  3.582845E+00 5.795E-02
  3.582859E+00 4.537E-02
  3.582873E+00 3.715E-02
  3.582886E+00 3.252E-02
  3.582900E+00 3.240E-02
  3.582914E+00 4.104E-02
  3.582928E+00 6.208E-02
  3.582942E+00 6.972E-02
  3.582955E+00 5.674E-02
  3.582969E+00 4.496E-02
  3.582983E+00 3.752E-02
  3.582996E+00 3.280E-02
  3.583010E+00 2.964E-02
  3.583037E+00 2.575E-02
  3.583064E+00 2.349E-02
  3.583118E+00 2.094E-02
  3.583304E+00 1.607E-02
  3.583317E+00 1.603E-02
  3.583330E+00 1.638E-02
  3.583344E+00 1.725E-02
  3.583357E+00 1.873E-02
  3.583370E+00 2.091E-02
  3.583383E+00 2.400E-02
  3.583396E+00 2.849E-02
  3.583409E+00 3.554E-02
  3.583422E+00 4.777E-02
  3.583434E+00 7.192E-02
  3.583447E+00 1.290E-01
  3.583460E+00 3.094E-01
  3.583473E+00 1.373E+00
  3.583486E+00 3.063E+01
  3.583499E+00 2.070E+00
  3.583512E+00 7.403E-01
  3.583524E+00 4.715E-01
  3.583537E+00 3.907E-01
  3.583550E+00 3.769E-01
  3.583563E+00 3.979E-01
  3.583575E+00 4.339E-01
  3.583588E+00 4.552E-01
  3.583601E+00 4.288E-01
  3.583626E+00 2.701E-01
  3.583639E+00 1.998E-01
  3.583651E+00 1.496E-01
  3.583664E+00 1.159E-01
  3.583676E+00 9.393E-02
  3.583689E+00 8.016E-02
  3.583701E+00 7.256E-02
  3.583714E+00 7.011E-02
  3.583726E+00 7.259E-02
  3.583739E+00 8.036E-02
  3.583751E+00 9.427E-02
  3.583763E+00 1.152E-01
  3.583776E+00 1.435E-01
  3.583800E+00 2.105E-01
  3.583813E+00 2.361E-01
  3.583825E+00 2.477E-01
  3.583837E+00 2.449E-01
  3.583850E+00 2.322E-01
  3.583886E+00 1.796E-01
  3.583898E+00 1.645E-01
  3.583923E+00 1.409E-01
  3.583947E+00 1.246E-01
  3.583971E+00 1.142E-01
  3.583995E+00 1.095E-01
  3.584007E+00 1.099E-01
  3.584019E+00 1.131E-01
  3.584031E+00 1.207E-01
  3.584043E+00 1.361E-01
  3.584055E+00 1.660E-01
  3.584067E+00 2.242E-01
  3.584079E+00 3.329E-01
  3.584091E+00 4.949E-01
  3.584103E+00 6.076E-01
  3.584114E+00 5.732E-01
  3.584126E+00 4.786E-01
  3.584138E+00 4.000E-01
  3.584150E+00 3.477E-01
  3.584162E+00 3.150E-01
  3.584173E+00 2.955E-01
  3.584185E+00 2.850E-01
  3.584208E+00 2.822E-01
  3.584232E+00 2.966E-01
  3.584267E+00 3.441E-01
  3.584301E+00 4.187E-01
  3.584347E+00 5.311E-01
  3.584370E+00 5.663E-01
  3.584393E+00 5.739E-01
  3.584461E+00 5.202E-01
  3.584483E+00 5.265E-01
  3.584506E+00 5.640E-01
  3.584517E+00 5.980E-01
  3.584528E+00 6.465E-01
  3.584539E+00 7.211E-01
  3.584551E+00 8.924E-01
  3.584562E+00 4.180E+00
  3.584573E+00 9.062E-01
  3.584584E+00 7.496E-01
  3.584606E+00 7.444E-01
  3.584628E+00 6.960E-01
  3.584683E+00 4.978E-01
  3.584716E+00 4.069E-01
  3.584748E+00 3.454E-01
  3.584781E+00 3.063E-01
  3.584813E+00 2.844E-01
  3.584845E+00 2.776E-01
  3.584877E+00 2.876E-01
  3.584898E+00 3.075E-01
  3.584920E+00 3.448E-01
  3.584941E+00 4.130E-01
  3.584951E+00 4.670E-01
  3.584962E+00 5.417E-01
  3.584972E+00 6.451E-01
  3.584983E+00 7.831E-01
  3.584993E+00 9.454E-01
  3.585004E+00 1.078E+00
  3.585014E+00 1.095E+00
  3.585024E+00 9.838E-01
  3.585035E+00 8.337E-01
  3.585045E+00 7.185E-01
  3.585056E+00 6.590E-01
  3.585066E+00 6.548E-01
  3.585076E+00 7.081E-01
  3.585087E+00 8.356E-01
  3.585097E+00 1.080E+00
  3.585107E+00 1.528E+00
  3.585118E+00 2.250E+00
  3.585128E+00 2.762E+00
  3.585138E+00 2.085E+00
  3.585148E+00 1.142E+00
  3.585158E+00 6.126E-01
  3.585169E+00 3.527E-01
  3.585179E+00 2.192E-01
  3.585189E+00 1.454E-01
  3.585199E+00 1.018E-01
  3.585209E+00 7.464E-02
  3.585219E+00 5.693E-02
  3.585230E+00 4.503E-02
  3.585240E+00 3.699E-02
  3.585250E+00 3.198E-02
  3.585260E+00 3.044E-02
  3.585270E+00 3.539E-02
  3.585280E+00 5.185E-02
  3.585297E+00 5.799E-02
  3.595287E+00 3.104E-01
  3.595297E+00 3.977E-01
  3.620241E+00 2.156E-01
  3.645184E+00 1.378E-01
  3.670127E+00 9.474E-02
  3.695070E+00 7.192E-02
  3.720014E+00 5.959E-02
  3.744957E+00 5.257E-02
  3.769900E+00 4.843E-02
  3.794844E+00 4.596E-02
  3.844730E+00 4.355E-02
  3.919560E+00 4.259E-02
  4.268767E+00 4.458E-02
  4.617973E+00 4.091E-02
  5.590762E+00 2.687E-02
  6.014798E+00 2.241E-02
  6.039742E+00 2.219E-02
  6.161755E+00 2.090E-02
  6.286227E+00 1.968E-02
  6.413217E+00 1.853E-02
  6.542775E+00 1.746E-02
  6.674949E+00 1.644E-02
  6.809790E+00 1.548E-02
  6.947354E+00 1.458E-02
  7.087701E+00 1.373E-02
  7.230882E+00 1.293E-02
  7.376960E+00 1.218E-02
  7.525981E+00 1.147E-02
  7.678015E+00 1.080E-02
  7.833124E+00 1.017E-02
  7.991362E+00 9.580E-03
  8.152796E+00 9.022E-03
  8.317496E+00 8.496E-03
  8.485519E+00 8.002E-03
  8.656941E+00 7.536E-03
  8.831819E+00 7.097E-03
  9.010239E+00 6.683E-03
  9.192253E+00 6.294E-03
  9.377948E+00 5.928E-03
  9.567399E+00 5.583E-03
  9.760674E+00 5.257E-03
  9.957849E+00 4.951E-03
  1.015901E+01 4.663E-03
  1.036424E+01 4.391E-03
  1.057361E+01 4.136E-03
  1.078721E+01 3.895E-03
  1.100513E+01 3.668E-03
  1.122744E+01 3.454E-03
  1.145425E+01 3.253E-03
  1.168565E+01 3.064E-03
  1.192171E+01 2.885E-03
  1.216255E+01 2.717E-03
  1.240825E+01 2.559E-03
  1.265891E+01 2.410E-03
  1.291464E+01 2.270E-03
  1.317553E+01 2.138E-03
  1.344169E+01 2.013E-03
  1.371323E+01 1.896E-03
  1.399026E+01 1.785E-03
  1.427288E+01 1.681E-03
  1.456121E+01 1.584E-03
  1.485537E+01 1.491E-03
  1.515547E+01 1.404E-03
  1.546163E+01 1.323E-03
  1.577397E+01 1.246E-03
  1.609262E+01 1.173E-03
  1.641771E+01 1.105E-03
  1.674936E+01 1.040E-03
  1.708774E+01 9.798E-04
  1.743292E+01 9.228E-04
  1.778510E+01 8.690E-04
  1.814438E+01 8.184E-04
  1.851093E+01 7.708E-04
  1.888486E+01 7.259E-04
  1.926637E+01 6.836E-04
  1.965556E+01 6.438E-04
  2.005264E+01 6.063E-04
  2.045772E+01 5.710E-04
  2.087100E+01 5.378E-04
  2.129262E+01 5.064E-04
  2.172276E+01 4.769E-04
  2.216158E+01 4.492E-04
  2.260928E+01 4.230E-04
  2.306601E+01 3.984E-04