  3.073945E-02 1.635E+01
  8.202416E-02 3.395E+00
  1.320049E-01 1.488E+00
  1.807257E-01 8.556E-01
  2.282283E-01 5.672E-01
  2.745531E-01 4.087E-01
  3.197388E-01 3.099E-01
  3.638223E-01 2.431E-01
  4.068392E-01 1.959E-01
  4.488237E-01 1.615E-01
  4.898085E-01 1.362E-01
  5.298251E-01 1.172E-01
  5.689038E-01 1.026E-01
  6.070737E-01 9.106E-02
  6.807976E-01 7.383E-02
  7.852326E-01 5.588E-02
  8.828574E-01 4.345E-02
  9.742514E-01 3.505E-02
  1.059934E+00 2.955E-02
  1.166091E+00 2.484E-02
  1.375699E+00 1.808E-02
  1.533706E+00 1.394E-02
  1.654112E+00 1.172E-02
  1.788703E+00 1.020E-02
  2.284029E+00 6.631E-03
  2.377456E+00 6.320E-03
  2.427212E+00 6.486E-03
  2.454385E+00 6.911E-03
  2.471494E+00 7.588E-03
  2.479764E+00 8.232E-03
  2.483830E+00 8.715E-03
  2.487852E+00 9.385E-03
  2.491829E+00 1.037E-02
  2.495763E+00 1.194E-02
  2.499654E+00 1.480E-02
  2.503502E+00 2.142E-02
  2.507309E+00 4.798E-02
  2.511075E+00 2.316E+00
  2.514800E+00 6.897E-03
  2.518485E+00 2.821E-05
  2.522131E+00 4.138E-04
  2.525739E+00 1.096E-03
  2.529308E+00 1.658E-03
  2.532839E+00 2.096E-03
  2.536333E+00 2.440E-03
  2.543212E+00 2.937E-03
  2.553264E+00 3.407E-03
  2.569340E+00 3.850E-03
  2.599148E+00 4.275E-03
  2.693556E+00 4.902E-03
  2.765609E+00 5.483E-03
  2.801163E+00 6.095E-03
  2.820714E+00 6.792E-03
  2.832687E+00 7.631E-03
  2.840386E+00 8.658E-03
  2.845272E+00 9.828E-03
  2.848426E+00 1.108E-02
  2.850738E+00 1.251E-02
  2.853007E+00 1.476E-02
  2.854496E+00 1.714E-02
  2.855234E+00 1.879E-02
  2.855966E+00 2.093E-02
  2.856695E+00 2.378E-02
  2.857418E+00 2.778E-02
  2.858137E+00 3.368E-02
  2.858852E+00 4.311E-02
  2.859562E+00 5.999E-02
  2.860268E+00 9.635E-02
  2.860970E+00 2.069E-01
  2.861667E+00 1.058E+00
  2.862360E+00 2.492E+00
  2.863049E+00 1.562E-01
  2.863733E+00 3.955E-02
  2.864413E+00 1.421E-02
  2.865090E+00 5.808E-03
  2.865762E+00 2.448E-03
  2.866430E+00 9.854E-04
  2.867093E+00 3.429E-04
  2.867753E+00 8.262E-05
  2.868409E+00 4.651E-06
  2.869061E+00 7.678E-06
  2.869709E+00 3.405E-05
  2.870353E+00 4.572E-05
  2.870994E+00 1.947E-05
  2.871630E+00 2.806E-05
  2.872263E+00 2.160E-03
  2.872892E+00 2.344E-01
  2.873517E+00 9.945E-03
  2.874138E+00 5.492E-03
  2.874756E+00 4.338E-03
  2.875370E+00 3.884E-03
  2.875981E+00 3.682E-03
  2.877191E+00 3.565E-03
  2.879569E+00 3.684E-03
  2.909918E+00 6.667E-03
  2.918651E+00 7.930E-03
  2.924767E+00 9.321E-03
  2.929113E+00 1.093E-02
  2.931655E+00 1.250E-02
  2.932584E+00 1.346E-02
  2.933196E+00 1.469E-02
  2.933500E+00 1.629E-02
  2.933803E+00 3.024E-02
  2.934104E+00 9.311E-03
  2.934403E+00 1.208E-02
  2.934702E+00 1.309E-02
  2.936172E+00 1.568E-02
  2.937893E+00 1.890E-02
  2.939014E+00 2.191E-02
  2.940115E+00 2.624E-02
  2.940928E+00 3.102E-02
  2.941464E+00 3.541E-02
  2.941995E+00 4.135E-02
  2.942521E+00 4.975E-02
  2.942782E+00 5.536E-02
  2.943043E+00 6.236E-02
  2.943302E+00 7.127E-02
  2.943560E+00 8.292E-02
  2.943817E+00 9.864E-02
  2.944072E+00 1.207E-01
  2.944327E+00 1.534E-01
  2.944580E+00 2.051E-01
  2.944832E+00 2.953E-01
  2.945084E+00 4.776E-01
  2.945334E+00 9.489E-01
  2.945583E+00 3.004E+00
  2.945831E+00 6.856E+01
  2.946077E+00 4.930E+00
  2.946323E+00 9.733E-01
  2.946568E+00 3.773E-01
  2.946812E+00 1.896E-01
  2.947054E+00 1.093E-01
  2.947296E+00 6.853E-02
  2.947536E+00 4.547E-02
  2.947776E+00 3.142E-02
  2.948014E+00 2.238E-02
  2.948251E+00 1.633E-02
  2.948488E+00 1.216E-02
  2.948723E+00 9.216E-03
  2.948957E+00 7.106E-03
  2.949191E+00 5.582E-03
  2.949423E+00 4.481E-03
  2.949654E+00 3.698E-03
  2.949885E+00 3.168E-03
  2.950114E+00 2.859E-03
  2.950342E+00 2.774E-03
  2.950570E+00 2.981E-03
  2.950796E+00 3.701E-03
  2.951022E+00 5.663E-03
  2.951246E+00 1.211E-02
  2.951470E+00 5.395E-02
  2.951693E+00 4.140E+00
  2.951914E+00 4.275E-02
  2.952135E+00 1.393E-02
  2.952355E+00 7.779E-03
  2.952574E+00 5.495E-03
  2.952792E+00 4.418E-03
  2.953009E+00 3.844E-03
  2.953225E+00 3.520E-03
  2.953441E+00 3.336E-03
  2.953869E+00 3.193E-03
  2.954504E+00 3.243E-03
  2.955751E+00 3.676E-03
  2.958931E+00 5.265E-03
  2.963160E+00 7.769E-03
  2.966378E+00 1.019E-02
  2.969674E+00 1.348E-02
  2.970863E+00 1.447E-02
  2.971300E+00 1.417E-02
  2.971445E+00 1.373E-02
  2.971589E+00 1.285E-02
  2.971732E+00 1.096E-02
  2.971875E+00 5.948E-03
  2.972018E+00 1.913E+00
  2.972160E+00 4.079E-02
  2.972301E+00 2.916E-02
  2.972442E+00 2.610E-02
  2.972583E+00 2.486E-02
  2.972862E+00 2.410E-02
  2.973415E+00 2.467E-02
  2.974364E+00 2.773E-02
  2.975289E+00 3.251E-02
  2.976064E+00 3.833E-02
  2.976698E+00 4.503E-02
  2.977320E+00 5.444E-02
  2.977811E+00 6.513E-02
  2.978174E+00 7.609E-02
  2.978534E+00 9.103E-02
  2.978890E+00 1.124E-01
  2.979125E+00 1.322E-01
  2.979358E+00 1.593E-01
  2.979475E+00 1.768E-01
  2.979591E+00 1.979E-01
  2.979706E+00 2.238E-01
  2.979821E+00 2.560E-01
  2.979936E+00 2.969E-01
  2.980050E+00 3.502E-01
  2.980164E+00 4.216E-01
  2.980278E+00 5.205E-01
  2.980391E+00 6.640E-01
  2.980503E+00 8.840E-01
  2.980616E+00 1.249E+00
  2.980728E+00 1.925E+00
  2.980839E+00 3.415E+00
  2.980951E+00 7.890E+00
  2.981062E+00 3.638E+01
  2.981172E+00 5.520E+02
  2.981282E+00 1.760E+01
  2.981392E+00 5.004E+00
  2.981501E+00 2.283E+00
  2.981611E+00 1.285E+00
  2.981719E+00 8.158E-01
  2.981828E+00 5.604E-01
  2.981936E+00 4.074E-01
  2.982043E+00 3.095E-01
  2.982150E+00 2.439E-01
  2.982257E+00 1.985E-01
  2.982364E+00 1.666E-01
  2.982470E+00 1.443E-01
  2.982576E+00 1.294E-01
  2.982681E+00 1.209E-01
  2.982787E+00 1.191E-01
  2.982891E+00 1.261E-01
  2.982996E+00 1.493E-01
  2.983100E+00 2.140E-01
  2.983204E+00 4.619E-01
  2.983307E+00 5.180E+00
  2.983410E+00 9.487E-01
  2.983513E+00 1.120E-01
  2.983616E+00 3.326E-02
  2.983718E+00 1.395E-02
  2.983820E+00 7.201E-03
  2.983921E+00 4.346E-03
  2.984022E+00 2.987E-03
  2.984123E+00 2.294E-03
  2.984223E+00 1.932E-03
  2.984323E+00 1.754E-03
  2.984423E+00 1.687E-03
  2.984523E+00 1.693E-03
  2.984622E+00 1.751E-03
  2.984819E+00 1.979E-03
  2.985016E+00 2.315E-03
  2.985307E+00 2.967E-03
  2.985692E+00 4.047E-03
  2.986166E+00 5.657E-03
  2.986818E+00 8.308E-03
  2.987545E+00 1.187E-02
  2.988341E+00 1.664E-02
  2.989116E+00 2.239E-02
  2.989952E+00 3.027E-02
  2.991395E+00 4.729E-02
  2.991628E+00 4.829E-02
  2.991783E+00 4.680E-02
  2.991859E+00 4.461E-02
  2.991936E+00 4.057E-02
  2.992012E+00 3.319E-02
  2.992088E+00 1.936E-02
  2.992164E+00 2.274E-08
  2.992240E+00 7.986E+02
  2.992315E+00 3.334E-01
  2.992390E+00 1.961E-01
  2.992465E+00 1.610E-01
  2.992540E+00 1.468E-01
  2.992615E+00 1.403E-01
  2.992763E+00 1.369E-01
  2.992984E+00 1.418E-01
  2.993348E+00 1.617E-01
  2.993707E+00 1.922E-01
  2.994061E+00 2.346E-01
  2.994409E+00 2.932E-01
  2.994685E+00 3.567E-01
  2.994957E+00 4.420E-01
  2.995159E+00 5.261E-01
  2.995360E+00 6.347E-01
  2.995558E+00 7.778E-01
  2.995756E+00 9.709E-01
  2.995951E+00 1.239E+00
  2.996080E+00 1.480E+00
  2.996209E+00 1.792E+00
  2.996337E+00 2.207E+00
  2.996401E+00 2.467E+00
  2.996528E+00 3.134E+00
  2.996591E+00 3.567E+00
  2.996654E+00 4.090E+00
  2.996717E+00 4.729E+00
  2.996779E+00 5.520E+00
  2.996842E+00 6.514E+00
  2.996904E+00 7.785E+00
  2.996966E+00 9.442E+00
  2.997028E+00 1.165E+01
  2.997090E+00 1.469E+01
  2.997152E+00 1.900E+01
  2.997213E+00 2.540E+01
  2.997274E+00 3.544E+01
  2.997335E+00 5.240E+01
  2.997396E+00 8.426E+01
  2.997457E+00 1.547E+02
  2.997518E+00 3.617E+02
  2.997578E+00 1.525E+03
  2.997639E+00 8.139E+04
  2.997699E+00 1.423E+03
  2.997759E+00 3.868E+02
  2.997818E+00 1.816E+02
  2.997878E+00 1.075E+02
  2.997938E+00 7.254E+01
  2.997997E+00 5.329E+01
  2.998056E+00 4.162E+01
  2.998115E+00 3.409E+01
  2.998174E+00 2.904E+01
  2.998233E+00 2.562E+01
  2.998291E+00 2.334E+01
  2.998349E+00 2.196E+01
  2.998408E+00 2.139E+01
  2.998466E+00 2.166E+01
  2.998524E+00 2.302E+01
  2.998581E+00 2.607E+01
  2.998639E+00 3.240E+01
  2.998696E+00 4.698E+01
  2.998754E+00 9.289E+01
  2.998811E+00 4.862E+02
  2.998868E+00 7.844E+02
  2.998924E+00 4.584E+01
  2.998981E+00 1.066E+01
  2.999038E+00 3.453E+00
  2.999094E+00 1.248E+00
  2.999150E+00 4.474E-01
  2.999206E+00 1.405E-01
  2.999262E+00 2.928E-02
  2.999318E+00 5.977E-04
  2.999374E+00 7.081E-03
  2.999429E+00 2.764E-02
  2.999540E+00 7.749E-02
  2.999595E+00 1.004E-01
  2.999649E+00 1.205E-01
  2.999704E+00 1.378E-01
  2.999813E+00 1.644E-01
  2.999976E+00 1.883E-01
  3.000137E+00 1.994E-01
  3.000403E+00 2.020E-01
  3.000924E+00 1.849E-01
  3.002122E+00 1.362E-01
  3.002881E+00 1.077E-01
  3.003112E+00 9.383E-02
  3.003249E+00 8.059E-02
  3.003295E+00 7.449E-02
  3.003340E+00 6.704E-02
  3.003386E+00 5.772E-02
  3.003431E+00 4.577E-02
  3.003476E+00 3.027E-02
  3.003521E+00 1.115E-02
  3.003566E+00 1.499E-03
  3.003610E+00 2.966E-01
  3.003655E+00 1.563E+01
  3.003700E+00 9.384E-01
  3.003744E+00 4.828E-01
  3.003788E+00 3.507E-01
  3.003832E+00 2.901E-01
  3.003876E+00 2.558E-01
  3.003920E+00 2.340E-01
  3.004008E+00 2.083E-01
  3.004139E+00 1.892E-01
  3.004311E+00 1.781E-01
  3.004609E+00 1.744E-01
  3.004944E+00 1.832E-01
  3.005272E+00 2.048E-01
  3.005514E+00 2.329E-01
  3.005713E+00 2.686E-01
  3.005871E+00 3.103E-01
  3.006027E+00 3.708E-01
  3.006143E+00 4.359E-01
  3.006259E+00 5.289E-01
  3.006335E+00 6.151E-01
  3.006411E+00 7.312E-01
  3.006487E+00 8.933E-01
  3.006524E+00 9.999E-01
  3.006562E+00 1.130E+00
  3.006600E+00 1.293E+00
  3.006637E+00 1.498E+00
  3.006674E+00 1.764E+00
  3.006712E+00 2.118E+00
  3.006749E+00 2.602E+00
  3.006786E+00 3.292E+00
  3.006823E+00 4.326E+00
  3.006860E+00 5.979E+00
  3.006897E+00 8.874E+00
  3.006934E+00 1.468E+01
  3.006970E+00 2.923E+01
  3.007007E+00 8.603E+01
  3.007043E+00 1.068E+03
  3.007080E+00 3.729E+02
  3.007116E+00 5.782E+01
  3.007152E+00 2.219E+01
  3.007189E+00 1.161E+01
  3.007225E+00 7.125E+00
  3.007261E+00 4.824E+00
  3.007297E+00 3.496E+00
  3.007332E+00 2.665E+00
  3.007368E+00 2.116E+00
  3.007404E+00 1.738E+00
  3.007440E+00 1.472E+00
  3.007475E+00 1.285E+00
  3.007510E+00 1.155E+00
  3.007546E+00 1.073E+00
  3.007581E+00 1.035E+00
  3.007616E+00 1.050E+00
  3.007651E+00 1.140E+00
  3.007686E+00 1.375E+00
  3.007721E+00 2.002E+00
  3.007756E+00 4.507E+00
  3.007791E+00 9.121E+01
  3.007826E+00 4.496E+00
  3.007860E+00 5.241E-01
  3.007895E+00 1.194E-01
  3.007929E+00 3.142E-02
  3.007964E+00 7.491E-03
  3.007998E+00 1.054E-03
  3.008032E+00 2.753E-06
  3.008067E+00 5.712E-04
  3.008101E+00 1.490E-03
  3.008135E+00 2.332E-03
  3.008169E+00 2.974E-03
  3.008203E+00 3.406E-03
  3.008236E+00 3.653E-03
  3.008270E+00 3.752E-03
  3.008304E+00 3.738E-03
  3.008371E+00 3.482E-03
  3.008504E+00 2.579E-03
  3.008636E+00 1.658E-03
  3.008701E+00 1.266E-03
  3.008767E+00 9.310E-04
  3.008799E+00 7.855E-04
  3.008864E+00 5.370E-04
  3.008896E+00 4.330E-04
  3.008929E+00 3.419E-04
  3.008961E+00 2.630E-04
  3.008993E+00 1.958E-04
  3.009025E+00 1.395E-04
  3.009057E+00 9.369E-05
  3.009089E+00 5.765E-05
  3.009121E+00 3.083E-05
  3.009152E+00 1.266E-05
  3.009184E+00 2.585E-06
  3.009216E+00 8.905E-08
  3.009247E+00 4.672E-06
  3.009279E+00 1.586E-05
  3.009310E+00 3.319E-05
  3.009341E+00 5.625E-05
  3.009373E+00 8.462E-05
  3.009404E+00 1.179E-04
  3.009435E+00 1.558E-04
  3.009497E+00 2.437E-04
  3.009559E+00 3.459E-04
  3.009651E+00 5.205E-04
  3.009803E+00 8.495E-04
  3.010073E+00 1.449E-03
  3.010191E+00 1.643E-03
  3.010280E+00 1.705E-03
  3.010338E+00 1.676E-03
  3.010396E+00 1.557E-03
  3.010425E+00 1.450E-03
  3.010454E+00 1.302E-03
  3.010483E+00 1.102E-03
  3.010512E+00 8.433E-04
  3.010540E+00 5.250E-04
  3.010569E+00 1.825E-04
  3.010598E+00 3.868E-06
  3.010626E+00 9.446E-04
  3.010655E+00 9.798E-03
  3.010683E+00 1.877E-01
  3.010711E+00 4.091E-01
  3.010740E+00 6.838E-02
  3.010768E+00 3.601E-02
  3.010796E+00 2.563E-02
  3.010824E+00 2.082E-02
  3.010852E+00 1.816E-02
  3.010880E+00 1.654E-02
  3.010908E+00 1.550E-02
  3.010964E+00 1.436E-02
  3.011047E+00 1.380E-02
  3.011185E+00 1.421E-02
  3.011348E+00 1.582E-02
  3.011535E+00 1.887E-02
  3.011694E+00 2.268E-02
  3.011825E+00 2.705E-02
  3.011954E+00 3.307E-02
  3.012057E+00 3.966E-02
  3.012158E+00 4.871E-02
  3.012234E+00 5.794E-02
  3.012309E+00 7.036E-02
  3.012384E+00 8.766E-02
  3.012434E+00 1.033E-01
  3.012483E+00 1.239E-01
  3.012532E+00 1.518E-01
  3.012557E+00 1.697E-01
  3.012606E+00 2.169E-01
  3.012630E+00 2.487E-01
  3.012655E+00 2.882E-01
  3.012679E+00 3.384E-01
  3.012703E+00 4.034E-01
  3.012727E+00 4.897E-01
  3.012751E+00 6.078E-01
  3.012776E+00 7.755E-01
  3.012800E+00 1.025E+00
  3.012824E+00 1.420E+00
  3.012848E+00 2.098E+00
  3.012871E+00 3.415E+00
  3.012895E+00 6.519E+00
  3.012919E+00 1.703E+01
  3.012943E+00 1.128E+02
  3.012967E+00 2.787E+02
  3.012990E+00 2.363E+01
  3.013014E+00 8.062E+00
  3.013037E+00 4.046E+00
  3.013061E+00 2.442E+00
  3.013084E+00 1.646E+00
  3.013108E+00 1.194E+00
  3.013131E+00 9.140E-01
  3.013155E+00 7.301E-01
  3.013178E+00 6.042E-01
  3.013201E+00 5.158E-01
  3.013224E+00 4.532E-01
  3.013248E+00 4.099E-01
  3.013271E+00 3.822E-01
  3.013294E+00 3.691E-01
  3.013317E+00 3.721E-01
  3.013340E+00 3.974E-01
  3.013363E+00 4.619E-01
  3.013385E+00 6.186E-01
  3.013408E+00 1.103E+00
  3.013431E+00 4.743E+00
  3.013454E+00 1.081E+01
  3.013477E+00 4.482E-01
  3.013499E+00 8.397E-02
  3.013522E+00 2.063E-02
  3.013544E+00 4.804E-03
  3.013567E+00 6.806E-04
  3.013589E+00 1.047E-06
  3.013612E+00 3.544E-04
  3.013634E+00 9.508E-04
  3.013657E+00 1.524E-03
  3.013679E+00 1.993E-03
  3.013701E+00 2.345E-03
  3.013723E+00 2.589E-03
  3.013746E+00 2.743E-03
  3.013768E+00 2.824E-03
  3.013812E+00 2.828E-03
  3.013878E+00 2.603E-03
  3.014094E+00 1.433E-03
  3.014180E+00 1.043E-03
  3.014265E+00 7.285E-04
  3.014328E+00 5.386E-04
  3.014391E+00 3.844E-04
  3.014433E+00 2.995E-04
  3.014474E+00 2.276E-04
  3.014516E+00 1.676E-04
  3.014536E+00 1.417E-04
  3.014577E+00 9.756E-05
  3.014618E+00 6.287E-05
  3.014639E+00 4.877E-05
  3.014659E+00 3.671E-05
  3.014680E+00 2.655E-05
  3.014700E+00 1.822E-05
  3.014720E+00 1.159E-05
  3.014741E+00 6.561E-06
  3.014761E+00 3.032E-06
  3.014781E+00 8.913E-07
  3.014801E+00 2.943E-08
  3.014821E+00 3.307E-07
  3.014841E+00 1.674E-06
  3.014861E+00 3.932E-06
  3.014881E+00 6.966E-06
  3.014901E+00 1.063E-05
  3.014921E+00 1.475E-05
  3.015000E+00 3.201E-05
  3.015020E+00 3.532E-05
  3.015040E+00 3.766E-05
  3.015059E+00 3.869E-05
  3.015079E+00 3.805E-05
  3.015099E+00 3.540E-05
  3.015118E+00 3.047E-05
  3.015138E+00 2.320E-05
  3.015157E+00 1.408E-05
  3.015177E+00 4.822E-06
  3.015196E+00 3.354E-09
  3.015215E+00 1.118E-05
  3.015235E+00 6.815E-05
  3.015254E+00 2.542E-04
  3.015273E+00 8.397E-04
  3.015292E+00 2.973E-03
  3.015312E+00 1.509E-02
  3.015331E+00 5.856E-01
  3.015350E+00 8.340E-02
  3.015369E+00 2.109E-02
  3.015388E+00 1.134E-02
  3.015407E+00 7.912E-03
  3.015426E+00 6.275E-03
  3.015445E+00 5.364E-03
  3.015464E+00 4.810E-03
  3.015483E+00 4.457E-03
  3.015501E+00 4.227E-03
  3.015539E+00 3.988E-03
  3.015595E+00 3.930E-03
  3.015669E+00 4.146E-03
  3.015761E+00 4.704E-03
  3.015871E+00 5.729E-03
  3.015961E+00 6.922E-03
  3.016050E+00 8.526E-03
  3.016121E+00 1.022E-02
  3.016192E+00 1.243E-02
  3.016262E+00 1.538E-02
  3.016331E+00 1.944E-02
  3.016383E+00 2.359E-02
  3.016434E+00 2.916E-02
  3.016485E+00 3.690E-02
  3.016519E+00 4.386E-02
  3.016553E+00 5.296E-02
  3.016587E+00 6.516E-02
  3.016621E+00 8.205E-02
  3.016654E+00 1.064E-01
  3.016671E+00 1.227E-01
  3.016687E+00 1.432E-01
  3.016704E+00 1.691E-01
  3.016721E+00 2.027E-01
  3.016737E+00 2.472E-01
  3.016754E+00 3.081E-01
  3.016770E+00 3.941E-01
  3.016787E+00 5.214E-01
  3.016803E+00 7.210E-01
  3.016820E+00 1.059E+00
  3.016836E+00 1.701E+00
  3.016852E+00 3.152E+00
  3.016869E+00 7.648E+00
  3.016885E+00 3.780E+01
  3.016901E+00 4.956E+02
  3.016918E+00 1.832E+01
  3.016934E+00 5.537E+00
  3.016950E+00 2.661E+00
  3.016966E+00 1.575E+00
  3.016982E+00 1.052E+00
  3.016999E+00 7.596E-01
  3.017015E+00 5.809E-01
  3.017031E+00 4.642E-01
  3.017047E+00 3.847E-01
  3.017063E+00 3.289E-01
  3.017079E+00 2.894E-01
  3.017095E+00 2.620E-01
  3.017111E+00 2.442E-01
  3.017126E+00 2.353E-01
  3.017142E+00 2.357E-01
  3.017158E+00 2.486E-01
  3.017174E+00 2.820E-01
  3.017190E+00 3.596E-01
  3.017206E+00 5.710E-01
  3.017221E+00 1.584E+00
  3.017237E+00 4.311E+02
  3.017253E+00 6.213E-01
  3.017268E+00 9.202E-02
  3.017284E+00 2.128E-02
  3.017299E+00 5.001E-03
  3.017315E+00 8.018E-04
  3.017331E+00 4.309E-06
  3.017346E+00 2.279E-04
  3.017362E+00 7.144E-04
  3.017377E+00 1.209E-03
  3.017392E+00 1.631E-03
  3.017408E+00 1.962E-03
  3.017423E+00 2.208E-03
  3.017439E+00 2.379E-03
  3.017469E+00 2.551E-03
  3.017500E+00 2.566E-03
  3.017545E+00 2.424E-03
  3.017666E+00 1.754E-03
  3.017755E+00 1.274E-03
  3.017829E+00 9.446E-04
  3.017887E+00 7.286E-04
  3.017945E+00 5.505E-04
  3.018003E+00 4.061E-04
  3.018060E+00 2.913E-04
  3.018117E+00 2.023E-04
  3.018159E+00 1.505E-04
  3.018202E+00 1.102E-04
  3.018230E+00 8.915E-05
  3.018258E+00 7.247E-05
  3.018285E+00 5.998E-05
  3.018313E+00 5.170E-05
  3.018327E+00 4.924E-05
  3.018341E+00 4.806E-05
  3.018355E+00 4.838E-05
  3.018368E+00 5.058E-05
  3.018382E+00 5.528E-05
  3.018396E+00 6.359E-05
  3.018410E+00 7.738E-05
  3.018423E+00 1.001E-04
  3.018437E+00 1.380E-04
  3.018451E+00 2.041E-04
  3.018464E+00 3.256E-04
  3.018478E+00 5.690E-04
  3.018491E+00 1.121E-03
  3.018505E+00 2.662E-03
  3.018518E+00 9.124E-03
  3.018532E+00 1.096E-01
  3.018545E+00 1.030E-01
  3.018559E+00 1.519E-02
  3.018572E+00 6.781E-03
  3.018586E+00 4.239E-03
  3.018599E+00 3.121E-03
  3.018612E+00 2.529E-03
  3.018626E+00 2.181E-03
  3.018639E+00 1.964E-03
  3.018652E+00 1.824E-03
  3.018679E+00 1.679E-03
  3.018705E+00 1.635E-03
  3.018745E+00 1.674E-03
  3.018797E+00 1.847E-03
  3.018862E+00 2.208E-03
  3.018927E+00 2.728E-03
  3.018990E+00 3.442E-03
  3.019041E+00 4.197E-03
  3.019092E+00 5.173E-03
  3.019142E+00 6.459E-03
  3.019192E+00 8.186E-03
  3.019241E+00 1.058E-02
  3.019278E+00 1.302E-02
  3.019315E+00 1.629E-02
  3.019351E+00 2.082E-02
  3.019388E+00 2.732E-02
  3.019412E+00 3.336E-02
  3.019436E+00 4.148E-02
  3.019448E+00 4.664E-02
  3.019460E+00 5.277E-02
  3.019472E+00 6.013E-02
  3.019484E+00 6.906E-02
  3.019496E+00 8.005E-02
  3.019508E+00 9.377E-02
  3.019519E+00 1.112E-01
  3.019531E+00 1.337E-01
  3.019543E+00 1.636E-01
  3.019555E+00 2.043E-01
  3.019567E+00 2.617E-01
  3.019579E+00 3.463E-01
  3.019590E+00 4.779E-01
  3.019602E+00 6.986E-01
  3.019614E+00 1.110E+00
  3.019626E+00 2.013E+00
  3.019637E+00 4.643E+00
  3.019649E+00 1.932E+01
  3.019661E+00 1.064E+03
  3.019672E+00 1.747E+01
  3.019684E+00 4.667E+00
  3.019696E+00 2.152E+00
  3.019707E+00 1.250E+00
  3.019719E+00 8.263E-01
  3.019730E+00 5.938E-01
  3.019742E+00 4.529E-01
  3.019753E+00 3.615E-01
  3.019765E+00 2.995E-01
  3.019776E+00 2.561E-01
  3.019788E+00 2.253E-01
  3.019799E+00 2.039E-01
  3.019811E+00 1.898E-01
  3.019822E+00 1.824E-01
  3.019834E+00 1.818E-01
  3.019845E+00 1.900E-01
  3.019856E+00 2.121E-01
  3.019868E+00 2.620E-01
  3.019879E+00 3.883E-01
  3.019890E+00 8.741E-01
  3.019902E+00 1.470E+01
  3.019913E+00 1.009E+00
  3.019924E+00 1.117E-01
  3.019935E+00 2.419E-02
  3.019947E+00 5.719E-03
  3.019958E+00 1.015E-03
  3.019969E+00 2.687E-05
  3.019980E+00 1.478E-04
  3.019991E+00 5.711E-04
  3.020002E+00 1.027E-03
  3.020013E+00 1.428E-03
  3.020025E+00 1.752E-03
  3.020036E+00 2.000E-03
  3.020047E+00 2.181E-03
  3.020069E+00 2.386E-03
  3.020091E+00 2.445E-03
  3.020124E+00 2.373E-03
  3.020211E+00 1.852E-03
  3.020296E+00 1.314E-03
  3.020360E+00 9.844E-04
  3.020423E+00 7.215E-04
  3.020476E+00 5.477E-04
  3.020517E+00 4.348E-04
  3.024099E+00 1.859E+00
  3.027429E+00 1.427E+00
  3.030730E+00 1.132E+00
  3.030739E+00 1.239E+00
  3.034857E+00 9.503E-01
  3.038929E+00 7.521E-01
  3.042956E+00 6.104E-01
  3.046939E+00 5.057E-01
  3.050878E+00 4.262E-01
  3.054775E+00 3.646E-01
  3.058629E+00 3.159E-01
  3.062441E+00 2.767E-01
  3.066212E+00 2.448E-01
  3.073632E+00 1.966E-01
  3.080895E+00 1.624E-01
  3.088005E+00 1.374E-01
  3.098392E+00 1.109E-01
  3.108457E+00 9.271E-02
  3.121400E+00 7.608E-02
  3.136852E+00 6.240E-02
  3.154399E+00 5.171E-02
  3.176240E+00 4.263E-02
  3.201288E+00 3.563E-02
  3.230561E+00 3.022E-02
  3.258502E+00 2.710E-02
  3.278210E+00 2.650E-02
  3.289839E+00 2.756E-02
  3.297748E+00 2.975E-02
  3.303849E+00 3.326E-02
  3.308299E+00 3.794E-02
  3.311207E+00 4.286E-02
  3.314070E+00 5.030E-02
  3.315485E+00 5.552E-02
  3.316889E+00 6.223E-02
  3.318282E+00 7.104E-02
  3.319664E+00 8.287E-02
  3.321035E+00 9.921E-02
  3.322396E+00 1.225E-01
  3.323746E+00 1.569E-01
  3.325087E+00 2.096E-01
  3.326416E+00 2.921E-01
  3.327736E+00 4.173E-01
  3.329046E+00 5.719E-01
  3.330346E+00 6.544E-01
  3.331636E+00 5.656E-01
  3.332916E+00 4.030E-01
  3.334186E+00 2.732E-01
  3.335447E+00 1.896E-01
  3.336699E+00 1.373E-01
  3.337941E+00 1.040E-01
  3.339174E+00 8.182E-02
  3.340398E+00 6.659E-02
  3.341613E+00 5.574E-02
  3.342819E+00 4.778E-02
  3.344016E+00 4.179E-02
  3.345204E+00 3.718E-02
  3.346383E+00 3.357E-02
  3.348716E+00 2.834E-02
  3.351015E+00 2.482E-02
  3.354402E+00 2.136E-02
  3.358805E+00 1.859E-02
  3.364134E+00 1.655E-02
  3.372280E+00 1.477E-02
  3.385495E+00 1.327E-02
  3.412192E+00 1.161E-02
  3.415061E+00 1.099E-02
  3.416470E+00 1.033E-02
  3.417861E+00 9.276E-03
  3.418550E+00 8.982E-03
  3.419235E+00 9.741E-03
  3.419916E+00 1.153E-02
  3.420592E+00 1.297E-02
  3.421265E+00 1.365E-02
  3.423257E+00 1.399E-02
  3.430879E+00 1.429E-02
  3.437978E+00 1.560E-02
  3.443529E+00 1.765E-02
  3.447748E+00 2.029E-02
  3.451289E+00 2.378E-02
  3.454217E+00 2.818E-02
  3.456584E+00 3.343E-02
  3.458433E+00 3.922E-02
  3.460242E+00 4.715E-02
  3.461574E+00 5.516E-02
  3.462885E+00 6.578E-02
  3.464175E+00 8.023E-02
  3.465446E+00 1.006E-01
  3.466281E+00 1.191E-01
  3.467109E+00 1.434E-01
  3.467927E+00 1.763E-01
  3.468333E+00 1.972E-01
  3.468738E+00 2.221E-01
  3.469140E+00 2.520E-01
  3.469540E+00 2.883E-01
  3.469937E+00 3.328E-01
  3.470333E+00 3.882E-01
  3.470727E+00 4.578E-01
  3.471119E+00 5.469E-01
  3.471509E+00 6.624E-01
  3.471897E+00 8.147E-01
  3.472283E+00 1.019E+00
  3.472667E+00 1.299E+00
  3.473049E+00 1.695E+00
  3.473429E+00 2.349E+00
  3.473807E+00 5.837E+00
  3.474183E+00 2.132E+00
  3.474558E+00 2.315E+00
  3.474930E+00 2.272E+00
  3.475301E+00 2.012E+00
  3.476037E+00 1.358E+00
  3.476402E+00 1.092E+00
  3.476766E+00 8.815E-01
  3.477127E+00 7.187E-01
  3.477487E+00 5.930E-01
  3.477845E+00 4.952E-01
  3.478201E+00 4.185E-01
  3.478556E+00 3.575E-01
  3.478908E+00 3.085E-01
  3.479260E+00 2.687E-01
  3.479609E+00 2.359E-01
  3.479956E+00 2.087E-01
  3.480647E+00 1.665E-01
  3.481330E+00 1.359E-01
  3.482007E+00 1.130E-01
  3.482677E+00 9.551E-02
  3.483670E+00 7.603E-02
  3.484650E+00 6.203E-02
  3.485615E+00 5.162E-02
  3.486881E+00 4.145E-02
  3.488123E+00 3.407E-02
  3.489643E+00 2.738E-02
  3.491421E+00 2.174E-02
  3.493150E+00 1.773E-02
  3.495108E+00 1.438E-02
  3.497272E+00 1.170E-02
  3.499615E+00 9.654E-03
  3.501867E+00 8.356E-03
  3.504032E+00 7.664E-03
  3.506115E+00 7.542E-03
  3.507901E+00 7.944E-03
  3.509628E+00 8.885E-03
  3.511911E+00 1.067E-02
  3.512113E+00 1.075E-02
  3.512315E+00 1.109E-02
  3.512515E+00 1.242E-02
  3.512715E+00 1.417E-02
  3.512915E+00 1.499E-02
  3.513703E+00 1.650E-02
  3.514093E+00 1.776E-02
  3.514286E+00 1.891E-02
  3.514479E+00 2.130E-02
  3.514671E+00 2.900E-02
  3.514863E+00 8.468E-02
  3.515053E+00 1.074E+00
  3.515243E+00 8.901E-02
  3.515432E+00 4.855E-02
  3.515620E+00 3.913E-02
  3.515808E+00 3.586E-02
  3.515995E+00 3.469E-02
  3.516366E+00 3.483E-02
  3.516917E+00 3.758E-02
  3.517642E+00 4.364E-02
  3.518356E+00 5.201E-02
  3.519059E+00 6.306E-02
  3.519751E+00 7.759E-02
  3.520432E+00 9.691E-02
  3.521103E+00 1.231E-01
  3.521600E+00 1.490E-01
  3.522091E+00 1.827E-01
  3.522576E+00 2.273E-01
  3.523056E+00 2.878E-01
  3.523373E+00 3.408E-01
  3.523687E+00 4.081E-01
  3.523999E+00 4.950E-01
  3.524309E+00 6.099E-01
  3.524616E+00 7.659E-01
  3.524769E+00 8.656E-01
  3.524922E+00 9.848E-01
  3.525073E+00 1.129E+00
  3.525225E+00 1.305E+00
  3.525375E+00 1.525E+00
  3.525525E+00 1.802E+00
  3.525675E+00 2.160E+00
  3.525824E+00 2.635E+00
  3.525972E+00 3.284E+00
  3.526120E+00 4.208E+00
  3.526268E+00 5.594E+00
  3.526414E+00 7.822E+00
  3.526561E+00 1.168E+01
  3.526706E+00 1.844E+01
  3.526851E+00 2.403E+01
  3.526996E+00 1.282E+01
  3.527140E+00 3.446E+00
  3.527284E+00 1.225E+00
  3.527427E+00 1.439E+00
  3.527712E+00 3.277E+00
  3.527853E+00 3.903E+00
  3.527994E+00 4.123E+00
  3.528135E+00 4.012E+00
  3.528275E+00 3.706E+00
  3.528692E+00 2.578E+00
  3.528967E+00 1.990E+00
  3.529241E+00 1.559E+00
  3.529512E+00 1.245E+00
  3.529782E+00 1.014E+00
  3.530050E+00 8.401E-01
  3.530315E+00 7.066E-01
  3.530711E+00 5.581E-01
  3.531102E+00 4.511E-01
  3.531489E+00 3.711E-01
  3.531998E+00 2.919E-01
  3.532625E+00 2.193E-01
  3.533364E+00 1.452E-01
  3.533485E+00 2.177E-01
  3.533606E+00 1.390E+00
  3.533727E+00 2.894E-01
  3.533847E+00 2.115E-01
  3.533967E+00 1.825E-01
  3.534087E+00 1.658E-01
  3.534325E+00 1.446E-01
  3.534678E+00 1.236E-01
  3.535260E+00 9.922E-02
  3.535944E+00 7.782E-02
  3.536726E+00 5.895E-02
  3.537490E+00 4.441E-02
  3.538236E+00 3.320E-02
  3.538758E+00 2.717E-02
  3.539170E+00 2.407E-02
  3.539374E+00 2.362E-02
  3.539475E+00 2.397E-02
  3.539576E+00 2.500E-02
  3.539677E+00 2.727E-02
  3.539778E+00 3.213E-02
  3.539878E+00 4.355E-02
  3.540077E+00 1.054E-01
  3.540176E+00 3.848E-02
  3.540275E+00 1.494E-02
  3.540374E+00 9.165E-03
  3.540472E+00 7.331E-03
  3.540570E+00 6.628E-03
  3.540668E+00 6.340E-03
  3.540862E+00 6.269E-03
  3.541055E+00 6.586E-03
  3.541247E+00 7.265E-03
  3.541437E+00 8.389E-03
  3.541627E+00 1.010E-02
  3.541721E+00 1.126E-02
  3.541815E+00 1.267E-02
  3.541909E+00 1.443E-02
  3.542002E+00 1.664E-02
  3.542095E+00 1.949E-02
  3.542188E+00 2.331E-02
  3.542280E+00 2.866E-02
  3.542373E+00 3.664E-02
  3.542465E+00 4.952E-02
  3.542556E+00 7.250E-02
  3.542647E+00 1.191E-01
  3.542739E+00 2.284E-01
  3.542829E+00 5.011E-01
  3.542920E+00 8.187E-01
  3.543010E+00 5.946E-01
  3.543100E+00 3.543E-01
  3.543190E+00 2.416E-01
  3.543279E+00 1.883E-01
  3.543368E+00 1.614E-01
  3.543457E+00 1.477E-01
  3.543545E+00 1.414E-01
  3.543634E+00 1.396E-01
  3.543809E+00 1.449E-01
  3.543984E+00 1.581E-01
  3.544244E+00 1.892E-01
  3.544501E+00 2.341E-01
  3.544756E+00 2.951E-01
  3.545009E+00 3.768E-01
  3.545260E+00 4.866E-01
  3.545508E+00 6.353E-01
  3.545672E+00 7.641E-01
  3.545835E+00 9.248E-01
  3.545998E+00 1.127E+00
  3.546159E+00 1.385E+00
  3.546319E+00 1.718E+00
  3.546479E+00 2.154E+00
  3.546637E+00 2.738E+00
  3.546716E+00 3.105E+00
  3.546795E+00 3.536E+00
  3.546873E+00 4.046E+00
  3.546951E+00 4.655E+00
  3.547029E+00 5.387E+00
  3.547107E+00 6.275E+00
  3.547184E+00 7.365E+00
  3.547261E+00 8.717E+00
  3.547338E+00 1.041E+01
  3.547415E+00 1.258E+01
  3.547492E+00 1.537E+01
  3.547568E+00 1.905E+01
  3.547644E+00 2.397E+01
  3.547720E+00 3.069E+01
  3.547796E+00 4.002E+01
  3.547871E+00 5.315E+01
  3.547946E+00 7.155E+01
  3.548021E+00 9.637E+01
  3.548096E+00 1.260E+02
  3.548171E+00 1.521E+02
  3.548245E+00 1.604E+02
  3.548319E+00 1.458E+02
  3.548467E+00 9.187E+01
  3.548540E+00 6.987E+01
  3.548613E+00 5.314E+01
  3.548686E+00 4.045E+01
  3.548759E+00 3.048E+01
  3.548832E+00 2.212E+01
  3.548904E+00 1.457E+01
  3.548976E+00 7.984E+00
  3.549048E+00 4.752E+00
  3.549120E+00 6.648E+00
  3.549192E+00 9.714E+00
  3.549263E+00 1.120E+01
  3.549334E+00 1.143E+01
  3.549476E+00 1.051E+01
  3.549757E+00 8.170E+00
  3.549966E+00 6.876E+00
  3.550241E+00 5.664E+00
  3.550513E+00 4.847E+00
  3.550782E+00 4.322E+00
  3.550916E+00 4.232E+00
  3.550982E+00 4.355E+00
  3.551049E+00 5.056E+00
  3.551115E+00 1.303E+01
  3.551181E+00 2.580E+01
  3.551246E+00 5.504E+00
  3.551312E+00 4.211E+00
  3.551377E+00 3.822E+00
  3.551507E+00 3.511E+00
  3.551765E+00 3.249E+00
  3.552210E+00 3.060E+00
  3.552708E+00 3.065E+00
  3.553135E+00 3.278E+00
  3.553435E+00 3.613E+00
  3.553672E+00 4.072E+00
  3.553848E+00 4.608E+00
  3.554022E+00 5.428E+00
  3.554138E+00 6.241E+00
  3.554253E+00 7.413E+00
  3.554310E+00 8.204E+00
  3.554367E+00 9.195E+00
  3.554424E+00 1.046E+01
  3.554481E+00 1.211E+01
  3.554538E+00 1.433E+01
  3.554594E+00 1.741E+01
  3.554651E+00 2.189E+01
  3.554707E+00 2.874E+01
  3.554763E+00 4.001E+01
  3.554819E+00 6.050E+01
  3.554875E+00 1.035E+02
  3.554930E+00 2.142E+02
  3.554986E+00 5.594E+02
  3.555041E+00 8.094E+02
  3.555096E+00 3.146E+02
  3.555151E+00 1.296E+02
  3.555206E+00 6.732E+01
  3.555261E+00 4.080E+01
  3.555315E+00 2.740E+01
  3.555370E+00 1.980E+01
  3.555424E+00 1.512E+01
  3.555478E+00 1.205E+01
  3.555532E+00 9.959E+00
  3.555586E+00 8.479E+00
  3.555640E+00 7.408E+00
  3.555694E+00 6.622E+00
  3.555747E+00 6.042E+00
  3.555800E+00 5.616E+00
  3.555907E+00 5.111E+00
  3.556012E+00 4.968E+00
  3.556117E+00 5.179E+00
  3.556170E+00 5.452E+00
  3.556222E+00 5.884E+00
  3.556274E+00 6.547E+00
  3.556326E+00 7.572E+00
  3.556378E+00 9.211E+00
  3.556430E+00 1.199E+01
  3.556481E+00 1.712E+01
  3.556532E+00 2.760E+01
  3.556584E+00 4.964E+01
  3.556635E+00 7.440E+01
  3.556686E+00 5.417E+01
  3.556737E+00 2.810E+01
  3.556788E+00 1.590E+01
  3.556838E+00 1.034E+01
  3.556889E+00 7.530E+00
  3.556939E+00 5.964E+00
  3.556989E+00 5.027E+00
  3.557039E+00 4.437E+00
  3.557089E+00 4.052E+00
  3.557139E+00 3.798E+00
  3.557238E+00 3.521E+00
  3.557387E+00 3.414E+00
  3.557582E+00 3.559E+00
  3.557824E+00 4.021E+00
  3.558063E+00 4.784E+00
  3.558251E+00 5.680E+00
  3.558392E+00 6.596E+00
  3.558531E+00 7.814E+00
  3.558669E+00 9.480E+00
  3.558761E+00 1.095E+01
  3.558852E+00 1.284E+01
  3.558943E+00 1.533E+01
  3.559033E+00 1.868E+01
  3.559123E+00 2.334E+01
  3.559167E+00 2.640E+01
  3.559212E+00 3.011E+01
  3.559257E+00 3.469E+01
  3.559301E+00 4.042E+01
  3.559345E+00 4.769E+01
  3.559389E+00 5.709E+01
  3.559434E+00 6.947E+01
  3.559478E+00 8.611E+01
  3.559521E+00 1.089E+02
  3.559565E+00 1.405E+02
  3.559609E+00 1.844E+02
  3.559652E+00 2.435E+02
  3.559696E+00 3.143E+02
  3.559739E+00 3.766E+02
  3.559782E+00 3.945E+02
  3.559825E+00 3.538E+02
  3.559911E+00 2.143E+02
  3.559954E+00 1.608E+02
  3.559997E+00 1.221E+02
  3.560039E+00 9.456E+01
  3.560082E+00 7.483E+01
  3.560124E+00 6.044E+01
  3.560167E+00 4.968E+01
  3.560209E+00 4.139E+01
  3.560293E+00 2.829E+01
  3.560335E+00 2.105E+01
  3.560376E+00 1.229E+01
  3.560418E+00 6.243E+00
  3.560460E+00 5.260E+00
  3.560501E+00 5.852E+00
  3.560543E+00 6.262E+00
  3.560584E+00 6.330E+00
  3.560666E+00 5.919E+00
  3.560829E+00 4.725E+00
  3.560911E+00 4.369E+00
  3.560951E+00 4.423E+00
  3.560991E+00 5.161E+00
  3.561031E+00 1.499E+01
  3.561072E+00 1.027E+01
  3.561112E+00 3.059E+00
  3.561151E+00 2.500E+00
  3.561191E+00 2.279E+00
  3.561310E+00 1.878E+00
  3.561467E+00 1.493E+00
  3.561623E+00 1.203E+00
  3.561777E+00 9.812E-01
  3.561968E+00 7.730E-01
  3.562157E+00 6.198E-01
  3.562343E+00 5.058E-01
  3.562564E+00 4.070E-01
  3.562782E+00 3.401E-01
  3.562961E+00 3.058E-01
  3.563103E+00 2.938E-01
  3.563209E+00 2.971E-01
  3.563314E+00 3.179E-01
  3.563383E+00 3.490E-01
  3.563418E+00 3.734E-01
  3.563452E+00 4.068E-01
  3.563487E+00 4.537E-01
  3.563521E+00 5.216E-01
  3.563555E+00 6.247E-01
  3.563590E+00 7.921E-01
  3.563624E+00 1.092E+00
  3.563658E+00 1.716E+00
  3.563692E+00 3.321E+00
  3.563726E+00 7.708E+00
  3.563760E+00 6.115E+00
  3.563794E+00 1.805E+00
  3.563827E+00 6.475E-01
  3.563861E+00 2.837E-01
  3.563895E+00 1.404E-01
  3.563928E+00 7.510E-02
  3.563961E+00 4.245E-02
  3.563995E+00 2.523E-02
  3.564028E+00 1.592E-02
  3.564061E+00 1.094E-02
  3.564094E+00 8.463E-03
  3.564127E+00 7.481E-03
  3.564160E+00 7.437E-03
  3.564193E+00 8.013E-03
  3.564226E+00 9.027E-03
  3.564259E+00 1.038E-02
  3.564291E+00 1.204E-02
  3.564324E+00 1.401E-02
  3.564357E+00 1.633E-02
  3.564389E+00 1.911E-02
  3.564421E+00 2.252E-02
  3.564454E+00 2.685E-02
  3.564486E+00 3.260E-02
  3.564518E+00 4.068E-02
  3.564550E+00 5.285E-02
  3.564582E+00 7.285E-02
  3.564614E+00 1.093E-01
  3.564646E+00 1.837E-01
  3.564678E+00 3.416E-01
  3.564710E+00 5.377E-01
  3.564741E+00 4.413E-01
  3.564773E+00 2.600E-01
  3.564805E+00 1.650E-01
  3.564836E+00 1.195E-01
  3.564867E+00 9.643E-02
  3.564899E+00 8.407E-02
  3.564930E+00 7.740E-02
  3.564961E+00 7.407E-02
  3.565023E+00 7.304E-02
  3.565085E+00 7.637E-02
  3.565178E+00 8.632E-02
  3.565269E+00 1.009E-01
  3.565361E+00 1.202E-01
  3.565481E+00 1.545E-01
  3.565571E+00 1.884E-01
  3.565660E+00 2.319E-01
  3.565749E+00 2.883E-01
  3.565837E+00 3.628E-01
  3.565924E+00 4.633E-01
  3.565982E+00 5.508E-01
  3.566040E+00 6.612E-01
  3.566098E+00 8.027E-01
  3.566155E+00 9.877E-01
  3.566184E+00 1.102E+00
  3.566240E+00 1.392E+00
  3.566269E+00 1.576E+00
  3.566297E+00 1.796E+00
  3.566325E+00 2.060E+00
  3.566354E+00 2.382E+00
  3.566382E+00 2.777E+00
  3.566410E+00 3.271E+00
  3.566438E+00 3.894E+00
  3.566466E+00 4.695E+00
  3.566494E+00 5.744E+00
  3.566521E+00 7.144E+00
  3.566549E+00 9.053E+00
  3.566577E+00 1.171E+01
  3.566605E+00 1.548E+01
  3.566632E+00 2.086E+01
  3.566660E+00 2.835E+01
  3.566715E+00 4.714E+01
  3.566742E+00 5.122E+01
  3.566769E+00 4.724E+01
  3.566824E+00 2.968E+01
  3.566851E+00 2.266E+01
  3.566878E+00 1.754E+01
  3.566905E+00 1.389E+01
  3.566932E+00 1.127E+01
  3.566959E+00 9.371E+00
  3.566986E+00 7.979E+00
  3.567013E+00 6.952E+00
  3.567039E+00 6.194E+00
  3.567119E+00 4.633E+00
  3.567146E+00 3.578E+00
  3.567172E+00 2.012E+00
  3.567199E+00 1.055E+00
  3.567225E+00 8.341E-01
  3.567251E+00 8.718E-01
  3.567278E+00 9.945E-01
  3.567304E+00 1.299E+00
  3.567330E+00 3.913E+00
  3.567356E+00 2.387E+00
  3.567382E+00 6.508E-01
  3.567408E+00 5.727E-01
  3.567665E+00 3.844E-01
  3.567791E+00 3.114E-01
  3.567942E+00 2.467E-01
  3.568090E+00 2.003E-01
  3.568236E+00 1.667E-01
  3.568405E+00 1.392E-01
  3.568571E+00 1.217E-01
  3.568712E+00 1.145E-01
  3.568828E+00 1.157E-01
  3.568897E+00 1.217E-01
  3.568966E+00 1.350E-01
  3.569011E+00 1.513E-01
  3.569034E+00 1.633E-01
  3.569057E+00 1.792E-01
  3.569079E+00 2.009E-01
  3.569102E+00 2.313E-01
  3.569124E+00 2.762E-01
  3.569147E+00 3.464E-01
  3.569169E+00 4.662E-01
  3.569192E+00 6.986E-01
  3.569214E+00 1.244E+00
  3.569236E+00 2.858E+00
  3.569259E+00 5.062E+00
  3.569281E+00 1.863E+00
  3.569303E+00 6.095E-01
  3.569325E+00 2.568E-01
  3.569347E+00 1.280E-01
  3.569369E+00 7.121E-02
  3.569391E+00 4.294E-02
  3.569413E+00 2.771E-02
  3.569435E+00 1.906E-02
  3.569457E+00 1.400E-02
  3.569479E+00 1.101E-02
  3.569501E+00 9.255E-03
  3.569522E+00 8.278E-03
  3.569544E+00 7.803E-03
  3.569566E+00 7.663E-03
  3.569587E+00 7.754E-03
  3.569630E+00 8.412E-03
  3.569673E+00 9.563E-03
  3.569695E+00 1.034E-02
  3.569716E+00 1.130E-02
  3.569737E+00 1.252E-02
  3.569759E+00 1.417E-02
  3.569780E+00 1.656E-02
  3.569801E+00 2.035E-02
  3.569822E+00 2.705E-02
  3.569843E+00 4.041E-02
  3.569864E+00 6.830E-02
  3.569886E+00 1.044E-01
  3.569907E+00 9.180E-02
  3.569927E+00 6.002E-02
  3.569948E+00 4.242E-02
  3.569969E+00 3.399E-02
  3.569990E+00 2.984E-02
  3.570011E+00 2.779E-02
  3.570032E+00 2.689E-02
  3.570073E+00 2.689E-02
  3.570135E+00 2.922E-02
  3.570196E+00 3.323E-02
  3.570278E+00 4.082E-02
  3.570358E+00 5.139E-02
  3.570419E+00 6.185E-02
  3.570479E+00 7.521E-02
  3.570538E+00 9.245E-02
  3.570597E+00 1.150E-01
  3.570656E+00 1.450E-01
  3.570695E+00 1.707E-01
  3.570734E+00 2.026E-01
  3.570773E+00 2.427E-01
  3.570811E+00 2.939E-01
  3.570850E+00 3.603E-01
  3.570888E+00 4.485E-01
  3.570926E+00 5.682E-01
  3.570945E+00 6.446E-01
  3.570964E+00 7.357E-01
  3.570983E+00 8.453E-01
  3.571002E+00 9.785E-01
  3.571021E+00 1.142E+00
  3.571040E+00 1.346E+00
  3.571059E+00 1.604E+00
  3.571078E+00 1.934E+00
  3.571096E+00 2.365E+00
  3.571115E+00 2.940E+00
  3.571134E+00 3.721E+00
  3.571152E+00 4.807E+00
  3.571171E+00 6.349E+00
  3.571190E+00 8.570E+00
  3.571208E+00 1.175E+01
  3.571227E+00 1.604E+01
  3.571245E+00 2.088E+01
  3.571264E+00 2.423E+01
  3.571282E+00 2.384E+01
  3.571300E+00 2.023E+01
  3.571319E+00 1.583E+01
  3.571337E+00 1.212E+01
  3.571355E+00 9.370E+00
  3.571374E+00 7.402E+00
  3.571392E+00 5.999E+00
  3.571410E+00 4.990E+00
  3.571428E+00 4.256E+00
  3.571446E+00 3.720E+00
  3.571464E+00 3.331E+00
  3.571482E+00 3.054E+00
  3.571518E+00 2.699E+00
  3.571536E+00 2.429E+00
  3.571554E+00 1.737E+00
  3.571572E+00 1.252E+00
  3.571590E+00 1.589E+01
  3.571608E+00 1.053E+00
  3.571625E+00 4.519E-01
  3.571643E+00 3.294E-01
  3.571661E+00 2.966E-01
  3.571696E+00 2.795E-01
  3.571802E+00 2.358E-01
  3.571923E+00 1.826E-01
  3.572026E+00 1.484E-01
  3.572144E+00 1.199E-01
  3.572261E+00 1.003E-01
  3.572393E+00 8.563E-02
  3.572507E+00 7.850E-02
  3.572604E+00 7.714E-02
  3.572668E+00 7.987E-02
  3.572716E+00 8.520E-02
  3.572763E+00 9.562E-02
  3.572794E+00 1.078E-01
  3.572810E+00 1.165E-01
  3.572826E+00 1.279E-01
  3.572841E+00 1.433E-01
  3.572857E+00 1.646E-01
  3.572872E+00 1.955E-01
  3.572888E+00 2.428E-01
  3.572903E+00 3.213E-01
  3.572919E+00 4.672E-01
  3.572934E+00 7.885E-01
  3.572950E+00 1.691E+00
  3.572965E+00 4.021E+00
  3.572996E+00 7.062E-01
  3.573011E+00 2.821E-01
  3.573027E+00 1.378E-01
  3.573042E+00 7.670E-02
  3.573057E+00 4.685E-02
  3.573072E+00 3.084E-02
  3.573087E+00 2.167E-02
  3.573103E+00 1.619E-02
  3.573118E+00 1.283E-02
  3.573133E+00 1.073E-02
  3.573148E+00 9.431E-03
  3.573163E+00 8.638E-03
  3.573178E+00 8.184E-03
  3.573208E+00 7.893E-03
  3.573238E+00 8.077E-03
  3.573283E+00 8.879E-03
  3.573312E+00 9.803E-03
  3.573327E+00 1.049E-02
  3.573342E+00 1.151E-02
  3.573357E+00 1.319E-02
  3.573371E+00 1.639E-02
  3.573386E+00 2.302E-02
  3.573401E+00 3.275E-02
  3.573415E+00 3.214E-02
  3.573430E+00 2.466E-02
  3.573444E+00 2.015E-02
  3.573459E+00 1.804E-02
  3.573473E+00 1.712E-02
  3.573502E+00 1.681E-02
  3.573546E+00 1.790E-02
  3.573603E+00 2.070E-02
  3.573660E+00 2.476E-02
  3.573717E+00 3.034E-02
  3.573773E+00 3.797E-02
  3.573815E+00 4.556E-02
  3.573857E+00 5.536E-02
  3.573898E+00 6.816E-02
  3.573926E+00 7.894E-02
  3.573967E+00 9.976E-02
  3.573994E+00 1.178E-01
  3.574021E+00 1.404E-01
  3.574049E+00 1.692E-01
  3.574076E+00 2.064E-01
  3.574103E+00 2.554E-01
  3.574129E+00 3.215E-01
  3.574143E+00 3.633E-01
  3.574170E+00 4.722E-01
  3.574183E+00 5.437E-01
  3.574196E+00 6.308E-01
  3.574210E+00 7.383E-01
  3.574223E+00 8.725E-01
  3.574236E+00 1.043E+00
  3.574249E+00 1.261E+00
  3.574263E+00 1.548E+00
  3.574276E+00 1.932E+00
  3.574289E+00 2.456E+00
  3.574302E+00 3.189E+00
  3.574315E+00 4.234E+00
  3.574328E+00 5.748E+00
  3.574341E+00 7.924E+00
  3.574354E+00 1.087E+01
  3.574367E+00 1.417E+01
  3.574380E+00 1.637E+01
  3.574393E+00 1.598E+01
  3.574406E+00 1.348E+01
  3.574419E+00 1.053E+01
  3.574432E+00 8.082E+00
  3.574445E+00 6.274E+00
  3.574458E+00 4.984E+00
  3.574471E+00 4.065E+00
  3.574484E+00 3.403E+00
  3.574497E+00 2.922E+00
  3.574509E+00 2.569E+00
  3.574522E+00 2.307E+00
  3.574548E+00 1.897E+00
  3.574560E+00 2.845E+00
  3.574573E+00 5.082E+00
  3.574586E+00 3.441E+00
  3.574599E+00 2.436E+00
  3.574611E+00 1.271E+00
  3.574624E+00 6.123E-01
  3.574636E+00 3.534E-01
  3.574649E+00 2.574E-01
  3.574661E+00 2.196E-01
  3.574674E+00 2.028E-01
  3.574699E+00 1.870E-01
  3.574835E+00 1.311E-01
  3.574921E+00 1.055E-01
  3.575005E+00 8.755E-02
  3.575100E+00 7.379E-02
  3.575195E+00 6.546E-02
  3.575276E+00 6.235E-02
  3.575334E+00 6.321E-02
  3.575379E+00 6.694E-02
  3.575413E+00 7.289E-02
  3.575436E+00 7.949E-02
  3.575459E+00 8.975E-02
  3.575470E+00 9.704E-02
  3.575481E+00 1.065E-01
  3.575492E+00 1.191E-01
  3.575504E+00 1.365E-01
  3.575515E+00 1.614E-01
  3.575526E+00 1.989E-01
  3.575537E+00 2.601E-01
  3.575548E+00 3.706E-01
  3.575560E+00 6.042E-01
  3.575571E+00 1.226E+00
  3.575582E+00 3.115E+00
  3.575593E+00 2.741E+00
  3.575604E+00 8.294E-01
  3.575615E+00 3.152E-01
  3.575626E+00 1.503E-01
  3.575637E+00 8.293E-02
  3.575648E+00 5.067E-02
  3.575659E+00 3.351E-02
  3.575670E+00 2.371E-02
  3.575681E+00 1.782E-02
  3.575692E+00 1.416E-02
  3.575703E+00 1.183E-02
  3.575714E+00 1.033E-02
  3.575724E+00 9.365E-03
  3.575735E+00 8.756E-03
  3.575757E+00 8.185E-03
  3.575789E+00 8.155E-03
  3.575832E+00 8.795E-03
  3.575854E+00 9.380E-03
  3.575864E+00 9.846E-03
  3.575875E+00 1.063E-02
  3.575886E+00 1.216E-02
  3.575896E+00 1.475E-02
  3.575907E+00 1.563E-02
  3.575917E+00 1.431E-02
  3.575928E+00 1.337E-02
  3.575938E+00 1.302E-02
  3.575960E+00 1.310E-02
  3.576001E+00 1.443E-02
  3.576043E+00 1.654E-02
  3.576084E+00 1.942E-02
  3.576126E+00 2.332E-02
  3.576167E+00 2.864E-02
  3.576207E+00 3.599E-02
  3.576248E+00 4.639E-02
  3.576278E+00 5.712E-02
  3.576295E+00 6.492E-02
  3.586285E+00 1.103E+00
  3.586295E+00 4.368E-01
  3.611238E+00 1.608E-01
  3.636182E+00 1.043E-01
  3.661125E+00 8.549E-02
  3.686068E+00 7.488E-02
  3.711012E+00 6.648E-02
  3.735955E+00 6.035E-02
  3.785842E+00 5.269E-02
  3.860671E+00 4.374E-02
  3.910558E+00 3.995E-02
  4.135048E+00 3.255E-02
  4.409424E+00 2.668E-02
  4.758631E+00 2.212E-02
  5.282440E+00 1.664E-02
  5.681533E+00 1.334E-02
  5.980853E+00 1.173E-02
  6.030739E+00 1.151E-02
  6.152570E+00 1.084E-02
  6.276856E+00 1.021E-02
  6.403657E+00 9.614E-03
  6.533022E+00 9.054E-03
  6.664998E+00 8.527E-03
  6.799638E+00 8.030E-03
  6.936997E+00 7.563E-03
  7.077135E+00 7.122E-03
  7.220102E+00 6.707E-03
  7.365963E+00 6.317E-03
  7.514762E+00 5.949E-03
  7.666569E+00 5.603E-03
  7.821447E+00 5.276E-03
  7.979449E+00 4.969E-03
  8.140642E+00 4.680E-03
  8.305097E+00 4.407E-03
  8.472870E+00 4.150E-03
  8.644036E+00 3.909E-03
  8.818653E+00 3.681E-03
  8.996807E+00 3.467E-03
  9.178550E+00 3.265E-03
  9.363968E+00 3.075E-03
  9.553136E+00 2.896E-03
  9.746123E+00 2.727E-03
  9.943004E+00 2.568E-03
  1.014387E+01 2.419E-03
  1.034879E+01 2.278E-03
  1.055785E+01 2.145E-03
  1.077113E+01 2.020E-03
  1.098872E+01 1.903E-03
  1.121071E+01 1.792E-03
  1.143718E+01 1.687E-03
  1.166823E+01 1.589E-03
  1.190394E+01 1.497E-03
  1.214442E+01 1.409E-03
  1.238975E+01 1.327E-03
  1.264004E+01 1.250E-03
  1.289538E+01 1.177E-03
  1.315589E+01 1.109E-03
  1.342166E+01 1.044E-03
  1.369279E+01 9.834E-04
  1.396941E+01 9.261E-04
  1.425160E+01 8.722E-04
  1.453950E+01 8.214E-04
  1.483322E+01 7.735E-04
  1.513288E+01 7.285E-04
  1.543858E+01 6.861E-04
  1.575046E+01 6.461E-04
  1.606863E+01 6.085E-04
  1.639323E+01 5.730E-04
  1.672440E+01 5.397E-04
  1.706226E+01 5.082E-04
  1.740694E+01 4.787E-04
  1.775859E+01 4.508E-04
  1.811732E+01 4.245E-04
  1.848332E+01 3.998E-04
  1.885670E+01 3.765E-04
  1.923764E+01 3.546E-04
  1.962625E+01 3.339E-04
  2.002275E+01 3.145E-04
  2.042722E+01 2.962E-04
  2.083989E+01 2.789E-04
  2.126088E+01 2.627E-04
  2.169038E+01 2.474E-04
  2.212854E+01 2.330E-04
  2.257558E+01 2.194E-04