  2.030998E-02 9.542E+01
  7.159466E-02 5.398E+00
  1.215755E-01 1.461E+00
  1.702962E-01 6.113E-01
  2.177988E-01 3.166E-01
  2.641237E-01 1.856E-01
  3.093093E-01 1.176E-01
  3.533928E-01 7.892E-02
  3.964098E-01 5.542E-02
  4.383943E-01 4.050E-02
  4.793791E-01 3.066E-02
  5.193957E-01 2.392E-02
  5.584744E-01 1.911E-02
  5.966442E-01 1.556E-02
  6.339332E-01 1.283E-02
  6.703681E-01 1.068E-02
  7.059750E-01 8.948E-03
  7.407787E-01 7.540E-03
  7.748032E-01 6.391E-03
  8.080715E-01 5.450E-03
  8.406059E-01 4.682E-03
  8.724279E-01 4.055E-03
  9.035581E-01 3.544E-03
  9.340163E-01 3.126E-03
  9.929933E-01 2.500E-03
  1.049504E+00 2.062E-03
  1.129941E+00 1.604E-03
  1.229750E+00 1.179E-03
  1.321858E+00 8.696E-04
  1.386354E+00 6.959E-04
  1.447244E+00 5.644E-04
  1.504794E+00 4.670E-04
  1.576740E+00 3.766E-04
  1.643682E+00 3.173E-04
  1.721009E+00 2.709E-04
  1.805497E+00 2.389E-04
  1.894050E+00 2.209E-04
  1.973262E+00 2.179E-04
  2.053970E+00 2.309E-04
  2.125694E+00 2.589E-04
  2.197236E+00 3.064E-04
  2.253863E+00 3.642E-04
  2.298751E+00 4.329E-04
  2.334160E+00 5.149E-04
  2.361715E+00 6.133E-04
  2.382580E+00 7.291E-04
  2.397586E+00 8.573E-04
  2.407297E+00 9.782E-04
  2.416783E+00 1.149E-03
  2.421443E+00 1.265E-03
  2.426050E+00 1.411E-03
  2.430604E+00 1.602E-03
  2.435106E+00 1.862E-03
  2.439556E+00 2.233E-03
  2.443956E+00 2.796E-03
  2.448306E+00 3.722E-03
  2.452607E+00 5.424E-03
  2.456859E+00 9.018E-03
  2.461064E+00 1.736E-02
  2.465222E+00 2.659E-02
  2.469334E+00 1.511E-02
  2.473401E+00 6.412E-03
  2.477422E+00 3.246E-03
  2.481399E+00 1.980E-03
  2.485333E+00 1.401E-03
  2.489224E+00 1.113E-03
  2.493073E+00 9.633E-04
  2.496879E+00 8.879E-04
  2.500645E+00 8.552E-04
  2.504371E+00 8.492E-04
  2.511702E+00 8.854E-04
  2.522409E+00 1.012E-03
  2.532782E+00 1.202E-03
  2.542835E+00 1.462E-03
  2.552579E+00 1.819E-03
  2.558910E+00 2.136E-03
  2.565114E+00 2.547E-03
  2.571194E+00 3.092E-03
  2.577152E+00 3.845E-03
  2.580087E+00 4.335E-03
  2.582993E+00 4.931E-03
  2.585870E+00 5.667E-03
  2.588719E+00 6.592E-03
  2.591540E+00 7.779E-03
  2.594333E+00 9.340E-03
  2.597099E+00 1.145E-02
  2.599839E+00 1.442E-02
  2.602552E+00 1.879E-02
  2.605238E+00 2.560E-02
  2.607899E+00 3.708E-02
  2.610534E+00 5.868E-02
  2.613144E+00 1.061E-01
  2.615730E+00 2.350E-01
  2.618290E+00 5.874E-01
  2.620827E+00 5.132E-01
  2.623339E+00 1.925E-01
  2.625828E+00 8.572E-02
  2.628294E+00 4.628E-02
  2.630736E+00 2.833E-02
  2.633156E+00 1.886E-02
  2.635553E+00 1.331E-02
  2.637928E+00 9.813E-03
  2.640282E+00 7.473E-03
  2.642613E+00 5.840E-03
  2.644923E+00 4.660E-03
  2.647212E+00 3.782E-03
  2.649480E+00 3.115E-03
  2.651728E+00 2.596E-03
  2.653955E+00 2.187E-03
  2.656162E+00 1.859E-03
  2.658349E+00 1.594E-03
  2.660517E+00 1.377E-03
  2.662665E+00 1.197E-03
  2.664793E+00 1.047E-03
  2.668995E+00 8.160E-04
  2.673122E+00 6.499E-04
  2.677177E+00 5.287E-04
  2.681161E+00 4.396E-04
  2.685076E+00 3.738E-04
  2.688924E+00 3.254E-04
  2.694572E+00 2.770E-04
  2.700078E+00 2.494E-04
  2.705445E+00 2.369E-04
  2.712394E+00 2.374E-04
  2.720761E+00 2.582E-04
  2.728791E+00 2.962E-04
  2.738009E+00 3.609E-04
  2.746796E+00 4.461E-04
  2.755179E+00 5.552E-04
  2.763183E+00 6.981E-04
  2.769579E+00 8.613E-04
  2.773303E+00 9.963E-04
  2.776944E+00 1.189E-03
  2.779327E+00 1.385E-03
  2.780506E+00 1.524E-03
  2.781676E+00 1.712E-03
  2.782837E+00 1.987E-03
  2.783990E+00 2.437E-03
  2.785134E+00 3.314E-03
  2.786270E+00 5.706E-03
  2.787398E+00 2.147E-02
  2.788518E+00 2.843E-02
  2.789630E+00 1.485E-03
  2.790733E+00 4.964E-04
  2.791829E+00 4.527E-04
  2.792917E+00 5.291E-04
  2.796135E+00 7.950E-04
  2.808347E+00 1.652E-03
  2.813142E+00 2.084E-03
  2.816862E+00 2.529E-03
  2.820483E+00 3.125E-03
  2.823136E+00 3.737E-03
  2.825736E+00 4.588E-03
  2.827441E+00 5.372E-03
  2.829124E+00 6.433E-03
  2.829957E+00 7.116E-03
  2.830784E+00 7.942E-03
  2.831607E+00 8.957E-03
  2.832423E+00 1.023E-02
  2.833235E+00 1.185E-02
  2.834041E+00 1.397E-02
  2.834843E+00 1.684E-02
  2.835639E+00 2.084E-02
  2.836430E+00 2.666E-02
  2.837215E+00 3.556E-02
  2.837996E+00 4.994E-02
  2.838772E+00 7.443E-02
  2.839543E+00 1.164E-01
  2.840309E+00 1.749E-01
  2.841070E+00 1.981E-01
  2.841826E+00 1.476E-01
  2.842578E+00 9.065E-02
  2.843325E+00 5.595E-02
  2.844067E+00 3.670E-02
  2.844804E+00 2.567E-02
  2.845537E+00 1.898E-02
  2.846265E+00 1.470E-02
  2.846989E+00 1.185E-02
  2.847708E+00 9.885E-03
  2.848423E+00 8.490E-03
  2.849133E+00 7.481E-03
  2.849839E+00 6.740E-03
  2.850540E+00 6.193E-03
  2.851931E+00 5.490E-03
  2.853304E+00 5.127E-03
  2.855332E+00 4.964E-03
  2.857324E+00 5.093E-03
  2.859924E+00 5.586E-03
  2.862462E+00 6.409E-03
  2.864941E+00 7.608E-03
  2.866761E+00 8.838E-03
  2.868550E+00 1.047E-02
  2.870308E+00 1.269E-02
  2.872036E+00 1.584E-02
  2.873171E+00 1.874E-02
  2.874293E+00 2.265E-02
  2.874849E+00 2.513E-02
  2.875402E+00 2.810E-02
  2.875952E+00 3.170E-02
  2.876499E+00 3.612E-02
  2.877043E+00 4.164E-02
  2.877583E+00 4.868E-02
  2.878121E+00 5.787E-02
  2.878655E+00 7.023E-02
  2.879187E+00 8.743E-02
  2.879716E+00 1.124E-01
  2.880241E+00 1.509E-01
  2.880764E+00 2.144E-01
  2.881284E+00 3.305E-01
  2.881800E+00 5.725E-01
  2.882314E+00 1.162E+00
  2.882825E+00 2.457E+00
  2.883334E+00 2.314E+00
  2.883839E+00 1.011E+00
  2.884342E+00 4.679E-01
  2.884842E+00 2.533E-01
  2.885339E+00 1.539E-01
  2.885833E+00 1.011E-01
  2.886325E+00 7.033E-02
  2.886814E+00 5.098E-02
  2.887300E+00 3.813E-02
  2.887784E+00 2.922E-02
  2.888265E+00 2.283E-02
  2.888743E+00 1.812E-02
  2.889219E+00 1.457E-02
  2.889693E+00 1.184E-02
  2.890163E+00 9.700E-03
  2.890631E+00 8.008E-03
  2.891097E+00 6.651E-03
  2.891560E+00 5.553E-03
  2.892021E+00 4.657E-03
  2.892479E+00 3.921E-03
  2.892935E+00 3.312E-03
  2.893388E+00 2.807E-03
  2.893839E+00 2.385E-03
  2.894287E+00 2.034E-03
  2.894734E+00 1.740E-03
  2.895177E+00 1.494E-03
  2.895619E+00 1.289E-03
  2.896058E+00 1.118E-03
  2.896494E+00 9.775E-04
  2.896929E+00 8.619E-04
  2.897361E+00 7.683E-04
  2.897791E+00 6.938E-04
  2.898219E+00 6.361E-04
  2.898644E+00 5.933E-04
  2.899067E+00 5.637E-04
  2.899907E+00 5.390E-04
  2.900738E+00 5.540E-04
  2.901561E+00 6.037E-04
  2.902375E+00 6.859E-04
  2.903180E+00 8.019E-04
  2.903978E+00 9.587E-04
  2.904767E+00 1.175E-03
  2.905159E+00 1.319E-03
  2.905549E+00 1.503E-03
  2.905936E+00 1.754E-03
  2.906322E+00 2.133E-03
  2.906706E+00 2.804E-03
  2.907088E+00 4.379E-03
  2.907468E+00 1.135E-02
  2.907846E+00 2.294E+00
  2.908222E+00 5.330E-03
  2.908596E+00 1.623E-03
  2.908968E+00 1.230E-03
  2.909339E+00 1.228E-03
  2.910075E+00 1.423E-03
  2.912592E+00 2.310E-03
  2.914682E+00 3.190E-03
  2.916712E+00 4.268E-03
  2.918359E+00 5.403E-03
  2.919967E+00 6.874E-03
  2.921226E+00 8.429E-03
  2.922462E+00 1.053E-02
  2.923373E+00 1.270E-02
  2.924272E+00 1.577E-02
  2.924865E+00 1.876E-02
  2.925159E+00 2.078E-02
  2.925451E+00 2.345E-02
  2.925743E+00 2.739E-02
  2.926033E+00 3.474E-02
  2.926322E+00 5.791E-02
  2.926609E+00 4.829E-03
  2.926895E+00 1.526E-02
  2.927180E+00 2.280E-02
  2.927746E+00 3.468E-02
  2.928027E+00 4.131E-02
  2.928306E+00 4.925E-02
  2.928585E+00 5.918E-02
  2.928862E+00 7.208E-02
  2.929138E+00 8.943E-02
  2.929412E+00 1.137E-01
  2.929686E+00 1.489E-01
  2.929958E+00 2.028E-01
  2.930229E+00 2.894E-01
  2.930499E+00 4.355E-01
  2.930767E+00 6.826E-01
  2.931034E+00 1.029E+00
  2.931300E+00 1.213E+00
  2.931565E+00 9.724E-01
  2.931829E+00 6.308E-01
  2.932092E+00 4.017E-01
  2.932353E+00 2.681E-01
  2.932613E+00 1.891E-01
  2.932872E+00 1.401E-01
  2.933130E+00 1.082E-01
  2.933387E+00 8.653E-02
  2.933643E+00 7.123E-02
  2.933897E+00 6.010E-02
  2.934151E+00 5.182E-02
  2.934403E+00 4.554E-02
  2.934654E+00 4.069E-02
  2.934904E+00 3.690E-02
  2.935401E+00 3.156E-02
  2.935894E+00 2.820E-02
  2.936625E+00 2.544E-02
  2.937346E+00 2.438E-02
  2.938294E+00 2.470E-02
  2.939225E+00 2.653E-02
  2.940140E+00 2.978E-02
  2.941041E+00 3.469E-02
  2.941926E+00 4.185E-02
  2.942580E+00 4.938E-02
  2.943226E+00 5.973E-02
  2.943864E+00 7.443E-02
  2.944285E+00 8.800E-02
  2.944702E+00 1.062E-01
  2.945116E+00 1.316E-01
  2.945322E+00 1.482E-01
  2.945527E+00 1.685E-01
  2.945731E+00 1.937E-01
  2.945934E+00 2.255E-01
  2.946136E+00 2.667E-01
  2.946338E+00 3.212E-01
  2.946539E+00 3.955E-01
  2.946739E+00 5.010E-01
  2.946938E+00 6.577E-01
  2.947136E+00 9.049E-01
  2.947333E+00 1.326E+00
  2.947530E+00 2.119E+00
  2.947726E+00 3.800E+00
  2.948116E+00 1.115E+01
  2.948309E+00 7.249E+00
  2.948502E+00 3.493E+00
  2.948694E+00 1.840E+00
  2.948885E+00 1.088E+00
  2.949076E+00 7.019E-01
  2.949265E+00 4.825E-01
  2.949454E+00 3.476E-01
  2.949642E+00 2.595E-01
  2.949830E+00 1.991E-01
  2.950017E+00 1.562E-01
  2.950203E+00 1.247E-01
  2.950388E+00 1.010E-01
  2.950572E+00 8.282E-02
  2.950756E+00 6.858E-02
  2.950939E+00 5.727E-02
  2.951121E+00 4.815E-02
  2.951303E+00 4.073E-02
  2.951484E+00 3.462E-02
  2.951664E+00 2.955E-02
  2.951844E+00 2.530E-02
  2.952022E+00 2.172E-02
  2.952200E+00 1.869E-02
  2.952378E+00 1.610E-02
  2.952554E+00 1.389E-02
  2.952730E+00 1.199E-02
  2.952906E+00 1.034E-02
  2.953080E+00 8.922E-03
  2.953254E+00 7.689E-03
  2.953600E+00 5.685E-03
  2.953772E+00 4.872E-03
  2.953943E+00 4.164E-03
  2.954114E+00 3.547E-03
  2.954284E+00 3.010E-03
  2.954453E+00 2.544E-03
  2.954622E+00 2.140E-03
  2.954790E+00 1.792E-03
  2.954957E+00 1.492E-03
  2.955124E+00 1.238E-03
  2.955290E+00 1.023E-03
  2.955455E+00 8.437E-04
  2.955620E+00 6.978E-04
  2.955784E+00 5.826E-04
  2.955948E+00 4.967E-04
  2.956111E+00 4.407E-04
  2.956273E+00 4.192E-04
  2.956435E+00 4.507E-04
  2.956596E+00 6.189E-04
  2.956757E+00 1.671E-03
  2.956916E+00 2.599E-01
  2.957076E+00 1.510E-03
  2.957234E+00 7.391E-04
  2.957393E+00 6.383E-04
  2.957550E+00 6.543E-04
  2.957707E+00 7.129E-04
  2.957863E+00 7.947E-04
  2.958174E+00 1.003E-03
  2.958636E+00 1.396E-03
  2.959244E+00 2.036E-03
  2.959992E+00 2.981E-03
  2.961159E+00 4.710E-03
  2.961303E+00 4.950E-03
  2.961446E+00 5.056E-03
  2.962013E+00 5.848E-03
  2.962433E+00 6.146E-03
  2.962986E+00 6.081E-03
  2.963123E+00 6.644E-03
  2.963259E+00 9.877E-03
  2.963395E+00 3.065E-02
  2.963531E+00 4.026E-01
  2.963666E+00 3.992E-01
  2.963800E+00 1.041E-01
  2.963934E+00 6.162E-02
  2.964068E+00 4.733E-02
  2.964201E+00 4.086E-02
  2.964334E+00 3.754E-02
  2.964466E+00 3.580E-02
  2.964729E+00 3.473E-02
  2.965120E+00 3.613E-02
  2.965507E+00 3.966E-02
  2.965889E+00 4.505E-02
  2.966268E+00 5.267E-02
  2.966643E+00 6.342E-02
  2.966891E+00 7.316E-02
  2.967137E+00 8.596E-02
  2.967381E+00 1.033E-01
  2.967503E+00 1.144E-01
  2.967624E+00 1.277E-01
  2.967744E+00 1.438E-01
  2.967865E+00 1.637E-01
  2.967985E+00 1.886E-01
  2.968104E+00 2.203E-01
  2.968223E+00 2.618E-01
  2.968342E+00 3.172E-01
  2.968460E+00 3.936E-01
  2.968578E+00 5.027E-01
  2.968695E+00 6.652E-01
  2.968812E+00 9.188E-01
  2.968929E+00 1.334E+00
  2.969045E+00 2.030E+00
  2.969277E+00 4.186E+00
  2.969392E+00 4.025E+00
  2.969506E+00 2.850E+00
  2.969621E+00 1.833E+00
  2.969735E+00 1.206E+00
  2.969848E+00 8.346E-01
  2.969961E+00 6.082E-01
  2.970074E+00 4.632E-01
  2.970186E+00 3.663E-01
  2.970298E+00 2.989E-01
  2.970410E+00 2.506E-01
  2.970521E+00 2.150E-01
  2.970632E+00 1.882E-01
  2.970743E+00 1.677E-01
  2.970853E+00 1.519E-01
  2.971072E+00 1.297E-01
  2.971290E+00 1.159E-01
  2.971614E+00 1.049E-01
  2.971934E+00 1.010E-01
  2.972357E+00 1.033E-01
  2.972774E+00 1.123E-01
  2.973186E+00 1.279E-01
  2.973593E+00 1.520E-01
  2.973894E+00 1.778E-01
  2.974193E+00 2.135E-01
  2.974488E+00 2.644E-01
  2.974684E+00 3.115E-01
  2.974878E+00 3.747E-01
  2.975071E+00 4.626E-01
  2.975167E+00 5.203E-01
  2.975263E+00 5.906E-01
  2.975358E+00 6.780E-01
  2.975453E+00 7.884E-01
  2.975548E+00 9.309E-01
  2.975643E+00 1.120E+00
  2.975737E+00 1.378E+00
  2.975831E+00 1.744E+00
  2.975924E+00 2.288E+00
  2.976018E+00 3.148E+00
  2.976111E+00 4.619E+00
  2.976204E+00 7.403E+00
  2.976296E+00 1.333E+01
  2.976388E+00 2.630E+01
  2.976480E+00 3.814E+01
  2.976572E+00 2.389E+01
  2.976663E+00 1.142E+01
  2.976754E+00 6.012E+00
  2.976845E+00 3.552E+00
  2.976935E+00 2.288E+00
  2.977025E+00 1.569E+00
  2.977115E+00 1.126E+00
  2.977205E+00 8.375E-01
  2.977294E+00 6.397E-01
  2.977383E+00 4.992E-01
  2.977472E+00 3.962E-01
  2.977561E+00 3.188E-01
  2.977649E+00 2.595E-01
  2.977737E+00 2.131E-01
  2.977825E+00 1.764E-01
  2.977912E+00 1.468E-01
  2.977999E+00 1.228E-01
  2.978086E+00 1.030E-01
  2.978173E+00 8.670E-02
  2.978259E+00 7.305E-02
  2.978345E+00 6.156E-02
  2.978431E+00 5.184E-02
  2.978516E+00 4.354E-02
  2.978602E+00 3.643E-02
  2.978687E+00 3.028E-02
  2.978772E+00 2.492E-02
  2.978856E+00 2.018E-02
  2.979024E+00 1.189E-02
  2.979108E+00 7.827E-03
  2.979192E+00 3.101E-03
  2.979275E+00 6.205E-03
  2.979358E+00 5.474E-02
  2.979440E+00 1.766E-02
  2.979523E+00 1.091E-02
  2.979605E+00 7.694E-03
  2.979687E+00 5.666E-03
  2.979769E+00 4.230E-03
  2.979850E+00 3.161E-03
  2.979932E+00 2.353E-03
  2.980013E+00 1.743E-03
  2.980093E+00 1.293E-03
  2.980174E+00 9.771E-04
  2.980254E+00 7.762E-04
  2.980334E+00 6.756E-04
  2.980414E+00 6.635E-04
  2.980494E+00 7.307E-04
  2.980573E+00 8.692E-04
  2.980652E+00 1.073E-03
  2.980731E+00 1.335E-03
  2.980809E+00 1.652E-03
  2.980888E+00 2.019E-03
  2.981044E+00 2.888E-03
  2.981199E+00 3.919E-03
  2.981430E+00 5.729E-03
  2.981659E+00 7.851E-03
  2.981810E+00 9.583E-03
  2.981886E+00 1.090E-02
  2.981961E+00 1.987E-02
  2.982036E+00 9.374E-03
  2.982111E+00 1.102E-02
  2.982260E+00 1.288E-02
  2.982628E+00 1.669E-02
  2.982774E+00 1.891E-02
  2.982846E+00 2.096E-02
  2.982919E+00 2.479E-02
  2.982991E+00 3.303E-02
  2.983063E+00 5.352E-02
  2.983135E+00 1.162E-01
  2.983206E+00 4.011E-01
  2.983278E+00 4.264E+00
  2.983349E+00 3.562E+00
  2.983420E+00 7.806E-01
  2.983490E+00 4.009E-01
  2.983561E+00 2.773E-01
  2.983631E+00 2.215E-01
  2.983701E+00 1.919E-01
  2.983771E+00 1.749E-01
  2.983841E+00 1.649E-01
  2.983980E+00 1.564E-01
  2.984187E+00 1.588E-01
  2.984392E+00 1.716E-01
  2.984595E+00 1.932E-01
  2.984797E+00 2.247E-01
  2.984997E+00 2.698E-01
  2.985195E+00 3.359E-01
  2.985326E+00 3.985E-01
  2.985457E+00 4.845E-01
  2.985521E+00 5.402E-01
  2.985586E+00 6.077E-01
  2.985651E+00 6.904E-01
  2.985715E+00 7.935E-01
  2.985780E+00 9.243E-01
  2.985844E+00 1.094E+00
  2.985907E+00 1.318E+00
  2.985971E+00 1.624E+00
  2.986035E+00 2.055E+00
  2.986098E+00 2.686E+00
  2.986161E+00 3.651E+00
  2.986224E+00 5.193E+00
  2.986287E+00 7.746E+00
  2.986350E+00 1.185E+01
  2.986412E+00 1.693E+01
  2.986475E+00 1.868E+01
  2.986537E+00 1.473E+01
  2.986599E+00 9.816E+00
  2.986660E+00 6.457E+00
  2.986722E+00 4.429E+00
  2.986784E+00 3.194E+00
  2.986845E+00 2.411E+00
  2.986906E+00 1.892E+00
  2.986967E+00 1.534E+00
  2.987028E+00 1.279E+00
  2.987088E+00 1.092E+00
  2.987149E+00 9.523E-01
  2.987209E+00 8.457E-01
  2.987269E+00 7.633E-01
  2.987389E+00 6.484E-01
  2.987508E+00 5.770E-01
  2.987686E+00 5.191E-01
  2.987862E+00 4.978E-01
  2.988094E+00 5.067E-01
  2.988324E+00 5.491E-01
  2.988552E+00 6.246E-01
  2.988777E+00 7.410E-01
  2.988944E+00 8.654E-01
  2.989110E+00 1.036E+00
  2.989275E+00 1.278E+00
  2.989384E+00 1.499E+00
  2.989492E+00 1.791E+00
  2.989600E+00 2.192E+00
  2.989654E+00 2.450E+00
  2.989707E+00 2.761E+00
  2.989761E+00 3.141E+00
  2.989814E+00 3.614E+00
  2.989867E+00 4.211E+00
  2.989920E+00 4.982E+00
  2.989973E+00 6.004E+00
  2.990026E+00 7.398E+00
  2.990079E+00 9.374E+00
  2.990131E+00 1.231E+01
  2.990184E+00 1.693E+01
  2.990236E+00 2.478E+01
  2.990288E+00 3.948E+01
  2.990340E+00 7.022E+01
  2.990392E+00 1.353E+02
  2.990443E+00 1.962E+02
  2.990546E+00 6.364E+01
  2.990597E+00 3.387E+01
  2.990649E+00 2.012E+01
  2.990700E+00 1.301E+01
  2.990750E+00 8.950E+00
  2.990801E+00 6.446E+00
  2.990852E+00 4.807E+00
  2.990902E+00 3.683E+00
  2.990953E+00 2.883E+00
  2.991003E+00 2.295E+00
  2.991053E+00 1.852E+00
  2.991103E+00 1.512E+00
  2.991153E+00 1.246E+00
  2.991203E+00 1.034E+00
  2.991252E+00 8.626E-01
  2.991302E+00 7.230E-01
  2.991351E+00 6.078E-01
  2.991400E+00 5.118E-01
  2.991449E+00 4.310E-01
  2.991498E+00 3.622E-01
  2.991547E+00 3.029E-01
  2.991644E+00 2.040E-01
  2.991693E+00 1.588E-01
  2.991741E+00 1.082E-01
  2.991789E+00 2.404E-02
  2.991837E+00 5.974E-01
  2.991885E+00 1.906E-01
  2.991933E+00 1.314E-01
  2.991981E+00 1.008E-01
  2.992029E+00 7.980E-02
  2.992076E+00 6.374E-02
  2.992123E+00 5.087E-02
  2.992171E+00 4.032E-02
  2.992218E+00 3.158E-02
  2.992265E+00 2.434E-02
  2.992312E+00 1.835E-02
  2.992359E+00 1.344E-02
  2.992405E+00 9.483E-03
  2.992452E+00 6.363E-03
  2.992498E+00 3.994E-03
  2.992545E+00 2.300E-03
  2.992591E+00 1.221E-03
  2.992637E+00 7.038E-04
  2.992683E+00 7.032E-04
  2.992729E+00 1.181E-03
  2.992774E+00 2.104E-03
  2.992820E+00 3.444E-03
  2.992865E+00 5.178E-03
  2.992911E+00 7.286E-03
  2.992956E+00 9.751E-03
  2.993001E+00 1.256E-02
  2.993046E+00 1.571E-02
  2.993136E+00 2.302E-02
  2.993226E+00 3.179E-02
  2.993314E+00 4.251E-02
  2.993359E+00 4.912E-02
  2.993403E+00 5.752E-02
  2.993447E+00 7.065E-02
  2.993491E+00 1.106E-01
  2.993535E+00 5.884E-04
  2.993579E+00 4.248E-02
  2.993622E+00 5.797E-02
  2.993709E+00 7.754E-02
  2.993796E+00 9.690E-02
  2.993839E+00 1.090E-01
  2.993882E+00 1.249E-01
  2.993925E+00 1.477E-01
  2.993968E+00 1.838E-01
  2.994010E+00 2.472E-01
  2.994053E+00 3.719E-01
  2.994095E+00 6.547E-01
  2.994138E+00 1.447E+00
  2.994180E+00 4.734E+00
  2.994222E+00 4.293E+01
  2.994264E+00 4.258E+01
  2.994306E+00 8.338E+00
  2.994348E+00 3.984E+00
  2.994390E+00 2.614E+00
  2.994432E+00 2.007E+00
  2.994473E+00 1.687E+00
  2.994515E+00 1.503E+00
  2.994556E+00 1.393E+00
  2.994597E+00 1.328E+00
  2.994679E+00 1.277E+00
  2.994802E+00 1.315E+00
  2.994924E+00 1.442E+00
  2.995045E+00 1.648E+00
  2.995165E+00 1.948E+00
  2.995284E+00 2.379E+00
  2.995363E+00 2.772E+00
  2.995442E+00 3.290E+00
  2.995520E+00 3.989E+00
  2.995598E+00 4.968E+00
  2.995636E+00 5.611E+00
  2.995675E+00 6.397E+00
  2.995714E+00 7.373E+00
  2.995752E+00 8.605E+00
  2.995791E+00 1.019E+01
  2.995829E+00 1.227E+01
  2.995867E+00 1.509E+01
  2.995905E+00 1.900E+01
  2.995944E+00 2.464E+01
  2.995982E+00 3.311E+01
  2.996019E+00 4.642E+01
  2.996057E+00 6.829E+01
  2.996095E+00 1.048E+02
  2.996133E+00 1.601E+02
  2.996170E+00 2.107E+02
  2.996208E+00 1.997E+02
  2.996245E+00 1.436E+02
  2.996282E+00 9.510E+01
  2.996319E+00 6.439E+01
  2.996357E+00 4.579E+01
  2.996394E+00 3.418E+01
  2.996430E+00 2.663E+01
  2.996467E+00 2.151E+01
  2.996504E+00 1.791E+01
  2.996541E+00 1.531E+01
  2.996577E+00 1.339E+01
  2.996614E+00 1.194E+01
  2.996650E+00 1.083E+01
  2.996723E+00 9.325E+00
  2.996795E+00 8.435E+00
  2.996903E+00 7.809E+00
  2.997010E+00 7.740E+00
  2.997116E+00 8.082E+00
  2.997222E+00 8.791E+00
  2.997327E+00 9.885E+00
  2.997431E+00 1.144E+01
  2.997534E+00 1.358E+01
  2.997637E+00 1.655E+01
  2.997739E+00 2.071E+01
  2.997807E+00 2.444E+01
  2.997874E+00 2.927E+01
  2.997941E+00 3.565E+01
  2.997975E+00 3.962E+01
  2.998041E+00 4.977E+01
  2.998108E+00 6.415E+01
  2.998141E+00 7.369E+01
  2.998174E+00 8.543E+01
  2.998206E+00 1.001E+02
  2.998239E+00 1.186E+02
  2.998272E+00 1.427E+02
  2.998305E+00 1.744E+02
  2.998337E+00 2.176E+02
  2.998370E+00 2.781E+02
  2.998402E+00 3.666E+02
  2.998435E+00 5.023E+02
  2.998467E+00 7.242E+02
  2.998499E+00 1.118E+03
  2.998531E+00 1.893E+03
  2.998563E+00 3.576E+03
  2.998596E+00 6.889E+03
  2.998627E+00 8.208E+03
  2.998659E+00 4.840E+03
  2.998691E+00 2.522E+03
  2.998723E+00 1.452E+03
  2.998755E+00 9.255E+02
  2.998786E+00 6.373E+02
  2.998818E+00 4.647E+02
  2.998849E+00 3.538E+02
  2.998881E+00 2.785E+02
  2.998912E+00 2.251E+02
  2.998943E+00 1.859E+02
  2.998974E+00 1.563E+02
  2.999006E+00 1.333E+02
  2.999037E+00 1.151E+02
  2.999068E+00 1.004E+02
  2.999098E+00 8.842E+01
  2.999129E+00 7.845E+01
  2.999191E+00 6.287E+01
  2.999252E+00 5.116E+01
  2.999343E+00 3.682E+01
  2.999374E+00 3.120E+01
  2.999404E+00 2.090E+01
  2.999434E+00 3.658E+02
  2.999464E+00 4.807E+01
  2.999494E+00 3.812E+01
  2.999524E+00 3.371E+01
  2.999554E+00 3.079E+01
  2.999614E+00 2.673E+01
  2.999703E+00 2.255E+01
  2.999821E+00 1.870E+01
  2.999967E+00 1.538E+01
  3.000111E+00 1.309E+01
  3.000282E+00 1.127E+01
  3.000395E+00 1.079E+01
  3.000423E+00 1.090E+01
  3.000451E+00 1.126E+01
  3.000479E+00 1.227E+01
  3.000507E+00 1.622E+01
  3.000535E+00 2.612E+02
  3.000562E+00 3.829E+00
  3.000590E+00 5.822E+00
  3.000618E+00 6.629E+00
  3.000700E+00 8.134E+00
  3.000728E+00 8.895E+00
  3.000755E+00 1.006E+01
  3.000783E+00 1.197E+01
  3.000810E+00 1.529E+01
  3.000837E+00 2.150E+01
  3.000864E+00 3.453E+01
  3.000891E+00 6.737E+01
  3.000918E+00 1.838E+02
  3.000945E+00 1.143E+03
  3.000972E+00 2.675E+03
  3.000999E+00 3.581E+02
  3.001026E+00 1.423E+02
  3.001053E+00 8.194E+01
  3.001079E+00 5.641E+01
  3.001106E+00 4.308E+01
  3.001132E+00 3.516E+01
  3.001159E+00 3.004E+01
  3.001185E+00 2.652E+01
  3.001212E+00 2.400E+01
  3.001238E+00 2.212E+01
  3.001291E+00 1.960E+01
  3.001369E+00 1.756E+01
  3.001447E+00 1.666E+01
  3.001550E+00 1.657E+01
  3.001653E+00 1.758E+01
  3.001729E+00 1.923E+01
  3.001805E+00 2.205E+01
  3.001855E+00 2.495E+01
  3.001905E+00 2.918E+01
  3.001930E+00 3.204E+01
  3.001955E+00 3.562E+01
  3.001980E+00 4.014E+01
  3.002004E+00 4.599E+01
  3.002029E+00 5.371E+01
  3.002054E+00 6.418E+01
  3.002078E+00 7.882E+01
  3.002103E+00 1.001E+02
  3.002127E+00 1.323E+02
  3.002152E+00 1.833E+02
  3.002176E+00 2.664E+02
  3.002201E+00 3.966E+02
  3.002225E+00 5.468E+02
  3.002249E+00 5.742E+02
  3.002274E+00 4.316E+02
  3.002298E+00 2.776E+02
  3.002322E+00 1.776E+02
  3.002346E+00 1.188E+02
  3.002370E+00 8.358E+01
  3.002394E+00 6.156E+01
  3.002418E+00 4.715E+01
  3.002442E+00 3.731E+01
  3.002466E+00 3.036E+01
  3.002490E+00 2.531E+01
  3.002513E+00 2.154E+01
  3.002537E+00 1.867E+01
  3.002561E+00 1.645E+01
  3.002584E+00 1.470E+01
  3.002608E+00 1.330E+01
  3.002655E+00 1.127E+01
  3.002702E+00 9.917E+00
  3.002748E+00 8.999E+00
  3.002818E+00 8.151E+00
  3.002910E+00 7.641E+00
  3.003024E+00 7.643E+00
  3.003137E+00 8.212E+00
  3.003227E+00 9.123E+00
  3.003294E+00 1.017E+01
  3.003360E+00 1.169E+01
  3.003426E+00 1.393E+01
  3.003470E+00 1.607E+01
  3.003514E+00 1.903E+01
  3.003557E+00 2.330E+01
  3.003579E+00 2.620E+01
  3.003600E+00 2.983E+01
  3.003622E+00 3.448E+01
  3.003643E+00 4.059E+01
  3.003665E+00 4.885E+01
  3.003686E+00 6.043E+01
  3.003708E+00 7.743E+01
  3.003729E+00 1.038E+02
  3.003750E+00 1.479E+02
  3.003772E+00 2.286E+02
  3.003793E+00 3.925E+02
  3.003814E+00 7.269E+02
  3.003835E+00 1.041E+03
  3.003857E+00 7.038E+02
  3.003878E+00 3.460E+02
  3.003899E+00 1.811E+02
  3.003920E+00 1.053E+02
  3.003941E+00 6.662E+01
  3.003962E+00 4.484E+01
  3.003982E+00 3.160E+01
  3.004003E+00 2.307E+01
  3.004024E+00 1.730E+01
  3.004045E+00 1.326E+01
  3.004066E+00 1.035E+01
  3.004086E+00 8.183E+00
  3.004107E+00 6.547E+00
  3.004127E+00 5.288E+00
  3.004148E+00 4.304E+00
  3.004169E+00 3.524E+00
  3.004189E+00 2.900E+00
  3.004209E+00 2.395E+00
  3.004230E+00 1.982E+00
  3.004250E+00 1.641E+00
  3.004271E+00 1.357E+00
  3.004291E+00 1.116E+00
  3.004331E+00 7.083E-01
  3.004351E+00 4.345E-01
  3.004372E+00 1.179E+00
  3.004392E+00 6.039E-01
  3.004412E+00 4.619E-01
  3.004432E+00 3.694E-01
  3.004452E+00 2.986E-01
  3.004472E+00 2.416E-01
  3.004492E+00 1.947E-01
  3.004512E+00 1.559E-01
  3.004531E+00 1.236E-01
  3.004551E+00 9.684E-02
  3.004571E+00 7.467E-02
  3.004591E+00 5.644E-02
  3.004610E+00 4.159E-02
  3.004630E+00 2.964E-02
  3.004650E+00 2.021E-02
  3.004669E+00 1.296E-02
  3.004689E+00 7.607E-03
  3.004708E+00 3.908E-03
  3.004728E+00 1.652E-03
  3.004747E+00 6.590E-04
  3.004766E+00 7.741E-04
  3.004786E+00 1.863E-03
  3.004805E+00 3.810E-03
  3.004824E+00 6.516E-03
  3.004844E+00 9.898E-03
  3.004863E+00 1.389E-02
  3.004882E+00 1.842E-02
  3.004901E+00 2.347E-02
  3.004939E+00 3.499E-02
  3.004977E+00 4.853E-02
  3.005015E+00 6.490E-02
  3.005034E+00 7.501E-02
  3.005053E+00 8.783E-02
  3.005072E+00 1.073E-01
  3.005091E+00 1.542E-01
  3.005109E+00 1.040E+01
  3.005128E+00 4.366E-02
  3.005147E+00 7.830E-02
  3.005203E+00 1.412E-01
  3.005221E+00 1.685E-01
  3.005240E+00 2.058E-01
  3.005258E+00 2.613E-01
  3.005277E+00 3.507E-01
  3.005295E+00 5.084E-01
  3.005313E+00 8.199E-01
  3.005332E+00 1.543E+00
  3.005350E+00 3.732E+00
  3.005368E+00 1.535E+01
  3.005387E+00 2.142E+02
  3.005405E+00 2.309E+01
  3.005423E+00 7.088E+00
  3.005441E+00 3.745E+00
  3.005459E+00 2.500E+00
  3.005477E+00 1.897E+00
  3.005495E+00 1.559E+00
  3.005513E+00 1.350E+00
  3.005531E+00 1.215E+00
  3.005549E+00 1.123E+00
  3.005585E+00 1.018E+00
  3.005621E+00 9.708E-01
  3.005674E+00 9.614E-01
  3.005745E+00 1.021E+00
  3.005815E+00 1.150E+00
  3.005867E+00 1.302E+00
  3.005919E+00 1.526E+00
  3.005953E+00 1.734E+00
  3.005988E+00 2.014E+00
  3.006022E+00 2.403E+00
  3.006039E+00 2.658E+00
  3.006056E+00 2.969E+00
  3.006073E+00 3.353E+00
  3.006090E+00 3.837E+00
  3.006107E+00 4.458E+00
  3.006124E+00 5.273E+00
  3.006141E+00 6.372E+00
  3.006157E+00 7.900E+00
  3.006174E+00 1.011E+01
  3.006191E+00 1.342E+01
  3.006208E+00 1.865E+01
  3.006225E+00 2.723E+01
  3.006241E+00 4.127E+01
  3.006258E+00 6.056E+01
  3.006275E+00 7.208E+01
  3.006291E+00 6.040E+01
  3.006308E+00 4.048E+01
  3.006324E+00 2.608E+01
  3.006341E+00 1.743E+01
  3.006357E+00 1.226E+01
  3.006374E+00 9.043E+00
  3.006390E+00 6.952E+00
  3.006407E+00 5.532E+00
  3.006423E+00 4.533E+00
  3.006439E+00 3.809E+00
  3.006456E+00 3.270E+00
  3.006472E+00 2.860E+00
  3.006488E+00 2.544E+00
  3.006504E+00 2.296E+00
  3.006537E+00 1.943E+00
  3.006569E+00 1.715E+00
  3.006617E+00 1.514E+00
  3.006665E+00 1.416E+00
  3.006729E+00 1.384E+00
  3.006807E+00 1.456E+00
  3.006870E+00 1.593E+00
  3.006932E+00 1.816E+00
  3.006994E+00 2.161E+00
  3.007040E+00 2.544E+00
  3.007085E+00 3.102E+00
  3.007116E+00 3.630E+00
  3.007146E+00 4.356E+00
  3.007161E+00 4.827E+00
  3.007176E+00 5.399E+00
  3.007191E+00 6.101E+00
  3.007206E+00 6.981E+00
  3.007221E+00 8.104E+00
  3.007236E+00 9.572E+00
  3.007251E+00 1.155E+01
  3.007266E+00 1.430E+01
  3.007281E+00 1.830E+01
  3.007296E+00 2.444E+01
  3.007311E+00 3.455E+01
  3.007325E+00 5.270E+01
  3.007340E+00 8.884E+01
  3.007355E+00 1.644E+02
  3.007370E+00 2.640E+02
  3.007384E+00 2.109E+02
  3.007399E+00 1.067E+02
  3.007414E+00 5.509E+01
  3.007428E+00 3.160E+01
  3.007443E+00 1.981E+01
  3.007458E+00 1.327E+01
  3.007472E+00 9.332E+00
  3.007487E+00 6.812E+00
  3.007501E+00 5.117E+00
  3.007516E+00 3.932E+00
  3.007530E+00 3.076E+00
  3.007545E+00 2.443E+00
  3.007559E+00 1.963E+00
  3.007573E+00 1.593E+00
  3.007588E+00 1.303E+00
  3.007602E+00 1.073E+00
  3.007616E+00 8.883E-01
  3.007631E+00 7.382E-01
  3.007645E+00 6.152E-01
  3.007659E+00 5.134E-01
  3.007673E+00 4.284E-01
  3.007702E+00 2.940E-01
  3.007716E+00 2.359E-01
  3.007730E+00 1.566E-01
  3.007744E+00 2.750E-01
  3.007758E+00 1.787E-01
  3.007772E+00 1.422E-01
  3.007786E+00 1.159E-01
  3.007800E+00 9.499E-02
  3.007814E+00 7.771E-02
  3.007828E+00 6.327E-02
  3.007842E+00 5.114E-02
  3.007856E+00 4.095E-02
  3.007870E+00 3.240E-02
  3.007884E+00 2.526E-02
  3.007898E+00 1.933E-02
  3.007911E+00 1.445E-02
  3.007925E+00 1.049E-02
  3.007939E+00 7.338E-03
  3.007953E+00 4.887E-03
  3.007966E+00 3.055E-03
  3.007980E+00 1.769E-03
  3.007994E+00 9.683E-04
  3.008007E+00 5.968E-04
  3.008021E+00 6.078E-04
  3.008035E+00 9.606E-04
  3.008048E+00 1.620E-03
  3.008062E+00 2.556E-03
  3.008075E+00 3.744E-03
  3.008089E+00 5.162E-03
  3.008116E+00 8.632E-03
  3.008143E+00 1.290E-02
  3.008170E+00 1.802E-02
  3.008196E+00 2.435E-02
  3.008210E+00 2.829E-02
  3.008223E+00 3.329E-02
  3.008236E+00 4.074E-02
  3.008249E+00 5.784E-02
  3.008263E+00 9.959E-01
  3.008276E+00 1.788E-02
  3.008289E+00 3.229E-02
  3.008315E+00 5.079E-02
  3.008328E+00 6.136E-02
  3.008342E+00 7.508E-02
  3.008355E+00 9.450E-02
  3.008368E+00 1.242E-01
  3.008381E+00 1.735E-01
  3.008394E+00 2.636E-01
  3.008407E+00 4.510E-01
  3.008420E+00 9.242E-01
  3.008433E+00 2.619E+00
  3.008446E+00 1.681E+01
  3.008458E+00 3.832E+01
  3.008471E+00 5.366E+00
  3.008484E+00 2.188E+00
  3.008497E+00 1.290E+00
  3.008510E+00 9.105E-01
  3.008523E+00 7.138E-01
  3.008536E+00 5.990E-01
  3.008548E+00 5.266E-01
  3.008561E+00 4.789E-01
  3.008586E+00 4.244E-01
  3.008612E+00 3.998E-01
  3.008650E+00 3.921E-01
  3.008700E+00 4.141E-01
  3.008750E+00 4.652E-01
  3.008787E+00 5.254E-01
  3.008824E+00 6.122E-01
  3.008861E+00 7.403E-01
  3.008885E+00 8.623E-01
  3.008910E+00 1.031E+00
  3.008922E+00 1.141E+00
  3.008934E+00 1.275E+00
  3.008946E+00 1.440E+00
  3.008958E+00 1.646E+00
  3.008970E+00 1.910E+00
  3.008982E+00 2.255E+00
  3.008994E+00 2.717E+00
  3.009006E+00 3.355E+00
  3.009018E+00 4.269E+00
  3.009030E+00 5.630E+00
  3.009042E+00 7.756E+00
  3.009054E+00 1.123E+01
  3.009066E+00 1.698E+01
  3.009078E+00 2.556E+01
  3.009090E+00 3.291E+01
  3.009102E+00 3.016E+01
  3.009114E+00 2.097E+01
  3.009126E+00 1.351E+01
  3.009137E+00 8.937E+00
  3.009149E+00 6.221E+00
  3.009161E+00 4.550E+00
  3.009173E+00 3.474E+00
  3.009184E+00 2.751E+00
  3.009196E+00 2.245E+00
  3.009208E+00 1.881E+00
  3.009220E+00 1.612E+00
  3.009231E+00 1.408E+00
  3.009254E+00 1.129E+00
  3.009278E+00 9.557E-01
  3.009301E+00 8.446E-01
  3.009324E+00 7.731E-01
  3.009358E+00 7.132E-01
  3.009404E+00 6.895E-01
  3.009449E+00 7.093E-01
  3.009506E+00 7.855E-01
  3.009562E+00 9.271E-01
  3.009606E+00 1.110E+00
  3.009639E+00 1.313E+00
  3.009672E+00 1.607E+00
  3.009694E+00 1.884E+00
  3.009716E+00 2.265E+00
  3.009727E+00 2.512E+00
  3.009738E+00 2.810E+00
  3.009749E+00 3.176E+00
  3.009759E+00 3.634E+00
  3.009770E+00 4.216E+00
  3.009781E+00 4.974E+00
  3.009792E+00 5.990E+00
  3.009803E+00 7.397E+00
  3.009813E+00 9.430E+00
  3.009824E+00 1.252E+01
  3.009835E+00 1.755E+01
  3.009846E+00 2.646E+01
  3.009856E+00 4.390E+01
  3.009867E+00 8.048E+01
  3.009878E+00 1.369E+02
  3.009888E+00 1.241E+02
  3.009899E+00 6.483E+01
  3.009910E+00 3.308E+01
  3.009920E+00 1.872E+01
  3.009931E+00 1.162E+01
  3.009941E+00 7.727E+00
  3.009952E+00 5.408E+00
  3.009962E+00 3.934E+00
  3.009973E+00 2.949E+00
  3.009983E+00 2.263E+00
  3.009994E+00 1.769E+00
  3.010004E+00 1.405E+00
  3.010015E+00 1.129E+00
  3.010025E+00 9.167E-01
  3.010036E+00 7.507E-01
  3.010046E+00 6.189E-01
  3.010056E+00 5.131E-01
  3.010077E+00 3.568E-01
  3.010098E+00 2.501E-01
  3.010108E+00 2.091E-01
  3.010118E+00 1.739E-01
  3.010129E+00 1.420E-01
  3.017000E+00 4.008E+00
  3.020300E+00 2.714E+00
  3.024428E+00 1.884E+00
  3.028500E+00 1.379E+00
  3.032527E+00 1.056E+00
  3.036510E+00 8.369E-01
  3.040449E+00 6.813E-01
  3.044345E+00 5.669E-01
  3.048199E+00 4.802E-01
  3.052011E+00 4.128E-01
  3.055782E+00 3.595E-01
  3.059512E+00 3.164E-01
  3.066854E+00 2.519E-01
  3.074040E+00 2.064E-01
  3.081074E+00 1.730E-01
  3.091352E+00 1.373E-01
  3.101313E+00 1.125E-01
  3.110970E+00 9.444E-02
  3.123394E+00 7.712E-02
  3.138236E+00 6.219E-02
  3.155103E+00 5.010E-02
  3.173576E+00 4.066E-02
  3.195592E+00 3.271E-02
  3.220131E+00 2.653E-02
  3.246188E+00 2.199E-02
  3.271172E+00 1.918E-02
  3.287319E+00 1.856E-02
  3.294915E+00 1.913E-02
  3.300778E+00 2.069E-02
  3.303641E+00 2.236E-02
  3.305056E+00 2.364E-02
  3.306459E+00 2.545E-02
  3.307852E+00 2.809E-02
  3.309234E+00 3.207E-02
  3.310606E+00 3.803E-02
  3.311967E+00 4.556E-02
  3.313317E+00 5.001E-02
  3.314657E+00 4.668E-02
  3.315987E+00 4.080E-02
  3.317307E+00 3.725E-02
  3.318616E+00 3.628E-02
  3.319916E+00 3.721E-02
  3.321206E+00 3.963E-02
  3.322486E+00 4.344E-02
  3.323757E+00 4.875E-02
  3.325018E+00 5.586E-02
  3.326270E+00 6.523E-02
  3.327512E+00 7.741E-02
  3.328745E+00 9.296E-02
  3.329969E+00 1.121E-01
  3.332389E+00 1.566E-01
  3.333586E+00 1.743E-01
  3.334774E+00 1.818E-01
  3.335954E+00 1.768E-01
  3.337125E+00 1.620E-01
  3.340586E+00 1.054E-01
  3.341723E+00 9.064E-02
  3.342852E+00 7.857E-02
  3.343972E+00 6.880E-02
  3.345085E+00 6.090E-02
  3.346190E+00 5.448E-02
  3.348375E+00 4.489E-02
  3.350530E+00 3.823E-02
  3.353705E+00 3.156E-02
  3.356813E+00 2.723E-02
  3.360857E+00 2.349E-02
  3.365756E+00 2.069E-02
  3.371418E+00 1.900E-02
  3.375962E+00 1.882E-02
  3.379490E+00 1.979E-02
  3.382075E+00 2.156E-02
  3.384609E+00 2.459E-02
  3.387911E+00 3.063E-02
  3.390332E+00 3.540E-02
  3.391920E+00 3.695E-02
  3.392706E+00 3.658E-02
  3.393488E+00 3.530E-02
  3.397320E+00 2.400E-02
  3.398820E+00 2.079E-02
  3.401033E+00 1.766E-02
  3.403206E+00 1.573E-02
  3.406738E+00 1.379E-02
  3.412168E+00 1.209E-02
  3.420449E+00 1.063E-02
  3.429807E+00 9.735E-03
  3.436282E+00 9.685E-03
  3.439862E+00 1.017E-02
  3.442335E+00 1.112E-02
  3.443787E+00 1.229E-02
  3.444742E+00 1.363E-02
  3.445215E+00 1.460E-02
  3.445686E+00 1.589E-02
  3.446155E+00 1.763E-02
  3.446621E+00 2.001E-02
  3.447084E+00 2.321E-02
  3.448003E+00 3.129E-02
  3.448459E+00 3.328E-02
  3.448913E+00 3.156E-02
  3.449813E+00 2.325E-02
  3.450259E+00 2.016E-02
  3.450703E+00 1.814E-02
  3.451145E+00 1.692E-02
  3.451584E+00 1.627E-02
  3.452456E+00 1.606E-02
  3.453318E+00 1.682E-02
  3.454172E+00 1.836E-02
  3.455016E+00 2.076E-02
  3.455852E+00 2.433E-02
  3.456267E+00 2.674E-02
  3.456679E+00 2.971E-02
  3.457090E+00 3.341E-02
  3.457498E+00 3.809E-02
  3.457904E+00 4.405E-02
  3.458308E+00 5.171E-02
  3.458710E+00 6.154E-02
  3.459110E+00 7.394E-02
  3.459904E+00 1.046E-01
  3.460298E+00 1.180E-01
  3.460690E+00 1.244E-01
  3.461079E+00 1.219E-01
  3.461853E+00 1.031E-01
  3.462237E+00 9.594E-02
  3.462619E+00 9.832E-02
  3.462999E+00 2.164E-01
  3.463378E+00 7.302E-02
  3.463754E+00 5.970E-02
  3.464128E+00 6.055E-02
  3.464872E+00 6.586E-02
  3.465608E+00 7.535E-02
  3.466336E+00 8.981E-02
  3.467057E+00 1.106E-01
  3.467772E+00 1.400E-01
  3.468126E+00 1.587E-01
  3.468479E+00 1.807E-01
  3.468830E+00 2.063E-01
  3.469527E+00 2.696E-01
  3.470560E+00 3.896E-01
  3.471240E+00 4.714E-01
  3.471577E+00 5.217E-01
  3.471913E+00 9.587E-01
  3.472248E+00 4.266E-01
  3.472580E+00 4.345E-01
  3.472911E+00 4.192E-01
  3.474865E+00 2.529E-01
  3.475504E+00 2.099E-01
  3.476137E+00 1.760E-01
  3.477075E+00 1.383E-01
  3.478000E+00 1.118E-01
  3.478912E+00 9.274E-02
  3.480108E+00 7.470E-02
  3.481283E+00 6.206E-02
  3.482720E+00 5.095E-02
  3.484403E+00 4.183E-02
  3.486309E+00 3.468E-02
  3.488415E+00 2.941E-02
  3.490197E+00 2.675E-02
  3.491682E+00 2.610E-02
  3.492651E+00 2.696E-02
  3.493366E+00 2.872E-02
  3.494073E+00 3.197E-02
  3.494770E+00 3.743E-02
  3.495458E+00 4.586E-02
  3.496138E+00 5.754E-02
  3.497031E+00 7.416E-02
  3.497252E+00 7.638E-02
  3.497472E+00 7.686E-02
  3.497691E+00 7.535E-02
  3.498126E+00 6.743E-02
  3.498986E+00 4.698E-02
  3.499410E+00 3.921E-02
  3.499831E+00 3.332E-02
  3.500456E+00 2.705E-02
  3.501074E+00 2.275E-02
  3.501885E+00 1.877E-02
  3.502881E+00 1.498E-02
  3.503078E+00 1.397E-02
  3.503274E+00 1.166E-02
  3.503469E+00 2.116E-02
  3.503663E+00 1.568E-02
  3.503857E+00 1.454E-02
  3.504433E+00 1.292E-02
  3.505565E+00 1.101E-02
  3.507033E+00 9.392E-03
  3.508280E+00 8.620E-03
  3.509322E+00 8.523E-03
  3.510172E+00 9.020E-03
  3.510840E+00 1.001E-02
  3.511335E+00 1.130E-02
  3.511985E+00 1.400E-02
  3.512146E+00 1.443E-02
  3.512467E+00 1.475E-02
  3.512626E+00 1.571E-02
  3.512943E+00 1.877E-02
  3.513258E+00 2.290E-02
  3.513570E+00 2.840E-02
  3.513880E+00 3.594E-02
  3.514034E+00 4.077E-02
  3.514187E+00 4.650E-02
  3.514340E+00 5.329E-02
  3.514492E+00 6.130E-02
  3.514795E+00 8.130E-02
  3.515245E+00 1.165E-01
  3.515394E+00 1.260E-01
  3.515543E+00 1.325E-01
  3.515838E+00 1.371E-01
  3.515985E+00 1.382E-01
  3.516131E+00 1.431E-01
  3.516277E+00 1.647E-01
  3.516422E+00 3.211E-01
  3.516567E+00 6.289E-01
  3.516711E+00 1.792E+00
  3.516854E+00 1.536E-01
  3.516997E+00 1.293E-01
  3.517140E+00 1.294E-01
  3.517282E+00 1.361E-01
  3.517424E+00 1.469E-01
  3.517565E+00 1.618E-01
  3.517705E+00 1.816E-01
  3.517845E+00 2.079E-01
  3.517985E+00 2.434E-01
  3.518124E+00 2.929E-01
  3.518262E+00 3.655E-01
  3.518400E+00 4.804E-01
  3.518538E+00 6.827E-01
  3.518675E+00 1.091E+00
  3.518811E+00 1.875E+00
  3.518947E+00 1.557E+00
  3.519083E+00 3.868E-01
  3.519218E+00 8.116E-02
  3.519352E+00 3.282E-02
  3.519487E+00 4.779E-02
  3.519620E+00 8.283E-02
  3.519753E+00 1.267E-01
  3.520018E+00 2.279E-01
  3.520150E+00 2.794E-01
  3.520281E+00 3.216E-01
  3.520412E+00 3.341E-01
  3.520542E+00 2.772E-01
  3.520672E+00 1.324E-01
  3.520802E+00 7.354E-02
  3.520931E+00 2.465E-01
  3.521059E+00 4.701E-01
  3.521187E+00 6.378E-01
  3.521315E+00 7.450E-01
  3.521442E+00 8.041E-01
  3.521569E+00 8.268E-01
  3.521695E+00 8.225E-01
  3.521946E+00 7.645E-01
  3.522690E+00 5.108E-01
  3.523056E+00 4.140E-01
  3.523418E+00 3.409E-01
  3.523776E+00 2.859E-01
  3.524249E+00 2.325E-01
  3.524715E+00 1.944E-01
  3.525288E+00 1.612E-01
  3.525852E+00 1.389E-01
  3.526407E+00 1.252E-01
  3.526952E+00 1.199E-01
  3.527382E+00 1.231E-01
  3.527806E+00 1.344E-01
  3.528329E+00 1.586E-01
  3.528843E+00 1.921E-01
  3.529046E+00 2.122E-01
  3.529147E+00 3.005E-01
  3.529248E+00 3.441E-01
  3.529348E+00 2.536E-01
  3.529747E+00 2.119E-01
  3.530238E+00 1.445E-01
  3.530529E+00 1.154E-01
  3.530817E+00 9.492E-02
  3.531103E+00 8.014E-02
  3.531479E+00 6.595E-02
  3.531943E+00 5.334E-02
  3.532490E+00 4.235E-02
  3.533116E+00 3.265E-02
  3.533814E+00 2.402E-02
  3.534496E+00 1.705E-02
  3.534580E+00 1.598E-02
  3.534663E+00 1.389E-02
  3.534747E+00 1.979E-02
  3.534830E+00 1.659E-02
  3.534913E+00 1.561E-02
  3.535324E+00 1.305E-02
  3.535406E+00 1.237E-02
  3.535487E+00 1.230E-02
  3.535568E+00 1.929E-02
  3.535649E+00 9.525E-02
  3.535729E+00 1.261E-01
  3.535810E+00 4.135E-02
  3.535890E+00 2.729E-02
  3.535970E+00 2.374E-02
  3.536049E+00 2.320E-02
  3.536128E+00 2.405E-02
  3.536208E+00 2.581E-02
  3.536286E+00 2.835E-02
  3.536365E+00 3.172E-02
  3.536443E+00 3.602E-02
  3.536522E+00 4.143E-02
  3.536600E+00 4.823E-02
  3.536677E+00 5.674E-02
  3.536755E+00 6.741E-02
  3.536832E+00 8.076E-02
  3.536909E+00 9.737E-02
  3.536986E+00 1.177E-01
  3.537139E+00 1.691E-01
  3.537291E+00 2.233E-01
  3.537366E+00 2.433E-01
  3.537442E+00 2.556E-01
  3.537667E+00 2.668E-01
  3.537741E+00 2.749E-01
  3.537815E+00 2.935E-01
  3.537890E+00 3.340E-01
  3.537963E+00 4.372E-01
  3.538037E+00 8.992E-01
  3.538111E+00 1.370E+01
  3.538184E+00 8.791E-01
  3.538257E+00 4.908E-01
  3.538330E+00 4.664E-01
  3.538402E+00 5.076E-01
  3.538475E+00 5.823E-01
  3.538547E+00 6.886E-01
  3.538619E+00 8.341E-01
  3.538691E+00 1.033E+00
  3.538762E+00 1.309E+00
  3.538834E+00 1.694E+00
  3.538905E+00 2.227E+00
  3.538976E+00 2.900E+00
  3.539046E+00 3.503E+00
  3.539117E+00 3.488E+00
  3.539187E+00 2.621E+00
  3.539257E+00 1.551E+00
  3.539327E+00 7.905E-01
  3.539397E+00 3.575E-01
  3.539467E+00 1.404E-01
  3.539536E+00 5.545E-02
  3.539605E+00 5.626E-02
  3.539674E+00 1.195E-01
  3.539743E+00 2.334E-01
  3.539811E+00 3.903E-01
  3.539880E+00 5.814E-01
  3.540016E+00 1.005E+00
  3.540084E+00 1.194E+00
  3.540151E+00 1.338E+00
  3.540219E+00 1.424E+00
  3.540286E+00 1.450E+00
  3.540353E+00 1.426E+00
  3.540486E+00 1.281E+00
  3.540817E+00 7.996E-01
  3.541013E+00 5.555E-01
  3.541207E+00 3.483E-01
  3.541272E+00 2.924E-01
  3.541336E+00 2.576E-01
  3.541400E+00 2.816E-01
  3.541464E+00 4.876E-01
  3.541528E+00 1.291E+00
  3.541591E+00 3.403E+00
  3.541654E+00 4.458E+00
  3.541718E+00 3.328E+00
  3.541781E+00 2.378E+00
  3.541843E+00 1.822E+00
  3.541906E+00 1.485E+00
  3.541969E+00 1.264E+00
  3.542031E+00 1.110E+00
  3.542093E+00 9.974E-01
  3.542155E+00 9.114E-01
  3.542279E+00 7.899E-01
  3.542462E+00 6.797E-01
  3.542645E+00 6.185E-01
  3.542826E+00 5.902E-01
  3.543005E+00 5.900E-01
  3.543183E+00 6.183E-01
  3.543418E+00 6.997E-01
  3.543823E+00 8.683E-01
  3.544052E+00 9.494E-01
  3.544165E+00 1.022E+00
  3.544221E+00 1.076E+00
  3.544277E+00 1.161E+00
  3.544333E+00 1.462E+00
  3.544389E+00 5.946E+00
  3.544445E+00 1.442E+00
  3.544501E+00 1.373E+00
  3.544612E+00 1.345E+00
  3.544722E+00 1.249E+00
  3.544995E+00 8.830E-01
  3.545157E+00 7.126E-01
  3.545318E+00 5.914E-01
  3.545477E+00 5.052E-01
  3.545688E+00 4.250E-01
  3.545948E+00 3.587E-01
  3.546256E+00 3.090E-01
  3.546510E+00 2.863E-01
  3.546710E+00 2.831E-01
  3.546858E+00 2.972E-01
  3.546957E+00 3.246E-01
  3.547006E+00 3.499E-01
  3.547055E+00 3.900E-01
  3.547104E+00 4.561E-01
  3.547153E+00 5.549E-01
  3.547201E+00 6.037E-01
  3.547250E+00 5.560E-01
  3.547298E+00 6.331E-01
  3.547346E+00 9.426E-01
  3.547394E+00 1.342E+00
  3.547442E+00 5.391E-01
  3.547490E+00 1.108E-01
  3.547538E+00 3.107E-02
  3.547586E+00 2.297E-02
  3.547633E+00 3.173E-02
  3.547680E+00 4.616E-02
  3.547728E+00 6.472E-02
  3.547775E+00 8.898E-02
  3.547822E+00 1.214E-01
  3.547869E+00 1.577E-01
  3.547916E+00 1.624E-01
  3.548009E+00 4.709E-02
  3.548055E+00 2.023E-02
  3.548101E+00 1.096E-02
  3.548148E+00 9.287E-03
  3.548194E+00 1.100E-02
  3.548240E+00 1.448E-02
  3.548286E+00 1.918E-02
  3.548331E+00 2.496E-02
  3.548377E+00 3.190E-02
  3.548423E+00 4.021E-02
  3.548468E+00 5.019E-02
  3.548513E+00 6.227E-02
  3.548558E+00 7.700E-02
  3.548603E+00 9.507E-02
  3.548648E+00 1.174E-01
  3.548693E+00 1.453E-01
  3.548738E+00 1.802E-01
  3.548783E+00 2.245E-01
  3.548827E+00 2.807E-01
  3.548872E+00 3.521E-01
  3.548916E+00 4.425E-01
  3.548960E+00 5.548E-01
  3.549004E+00 6.891E-01
  3.549092E+00 9.919E-01
  3.549136E+00 1.127E+00
  3.549179E+00 1.228E+00
  3.549310E+00 1.400E+00
  3.549353E+00 1.479E+00
  3.549396E+00 1.610E+00
  3.549439E+00 1.836E+00
  3.549482E+00 2.266E+00
  3.549525E+00 3.301E+00
  3.549567E+00 7.799E+00
  3.549610E+00 1.373E+02
  3.549652E+00 1.080E+01
  3.549695E+00 5.077E+00
  3.549737E+00 4.573E+00
  3.549779E+00 5.001E+00
  3.549821E+00 5.917E+00
  3.549863E+00 7.305E+00
  3.549905E+00 9.273E+00
  3.549947E+00 1.196E+01
  3.550030E+00 1.904E+01
  3.550072E+00 2.129E+01
  3.550113E+00 2.017E+01
  3.550154E+00 1.596E+01
  3.550196E+00 1.104E+01
  3.550237E+00 7.026E+00
  3.550278E+00 4.217E+00
  3.550319E+00 2.374E+00
  3.550359E+00 1.225E+00
  3.550400E+00 5.793E-01
  3.550441E+00 3.344E-01
  3.550481E+00 4.487E-01
  3.550521E+00 9.231E-01
  3.550562E+00 1.779E+00
  3.550602E+00 3.026E+00
  3.550642E+00 4.615E+00
  3.550722E+00 8.101E+00
  3.550762E+00 9.446E+00
  3.550802E+00 1.024E+01
  3.550841E+00 1.046E+01
  3.550881E+00 1.023E+01
  3.550959E+00 9.019E+00
  3.551116E+00 6.215E+00
  3.551232E+00 4.557E+00
  3.551348E+00 3.245E+00
  3.551386E+00 2.882E+00
  3.551425E+00 2.582E+00
  3.551463E+00 2.395E+00
  3.551501E+00 2.450E+00
  3.551539E+00 3.071E+00
  3.551577E+00 5.128E+00
  3.551614E+00 1.100E+01
  3.551652E+00 2.511E+01
  3.551690E+00 4.064E+01
  3.551727E+00 3.752E+01
  3.551765E+00 2.803E+01
  3.551802E+00 2.131E+01
  3.551839E+00 1.714E+01
  3.551877E+00 1.448E+01
  3.551914E+00 1.271E+01
  3.551951E+00 1.148E+01
  3.551988E+00 1.060E+01
  3.552061E+00 9.516E+00
  3.552135E+00 8.996E+00
  3.552244E+00 8.924E+00
  3.552352E+00 9.570E+00
  3.552460E+00 1.094E+01
  3.552603E+00 1.370E+01
  3.552744E+00 1.634E+01
  3.552954E+00 1.892E+01
  3.553023E+00 2.059E+01
  3.553092E+00 2.348E+01
  3.553126E+00 2.575E+01
  3.553160E+00 2.998E+01
  3.553194E+00 8.238E+01
  3.553229E+00 4.212E+01
  3.553263E+00 3.373E+01
  3.553364E+00 3.415E+01
  3.553432E+00 3.252E+01
  3.553632E+00 2.462E+01
  3.553731E+00 2.199E+01
  3.553862E+00 2.002E+01
  3.553992E+00 1.941E+01
  3.554121E+00 1.996E+01
  3.554249E+00 2.184E+01
  3.554344E+00 2.456E+01
  3.554407E+00 2.744E+01
  3.554469E+00 3.181E+01
  3.554501E+00 3.490E+01
  3.554532E+00 3.895E+01
  3.554563E+00 4.443E+01
  3.554594E+00 5.213E+01
  3.554625E+00 6.338E+01
  3.554656E+00 7.994E+01
  3.554687E+00 1.018E+02
  3.554717E+00 1.191E+02
  3.554748E+00 1.154E+02
  3.554779E+00 1.015E+02
  3.554809E+00 9.599E+01
  3.554840E+00 1.033E+02
  3.554870E+00 1.254E+02
  3.554901E+00 1.702E+02
  3.554931E+00 2.580E+02
  3.554961E+00 4.225E+02
  3.554992E+00 5.669E+02
  3.555022E+00 3.799E+02
  3.555052E+00 1.699E+02
  3.555082E+00 7.616E+01
  3.555112E+00 3.670E+01
  3.555142E+00 1.897E+01
  3.555171E+00 1.097E+01
  3.555201E+00 8.282E+00
  3.555231E+00 9.596E+00
  3.555260E+00 1.560E+01
  3.555290E+00 2.965E+01
  3.555319E+00 6.073E+01
  3.555349E+00 1.280E+02
  3.555378E+00 2.311E+02
  3.555407E+00 2.487E+02
  3.555437E+00 1.746E+02
  3.555466E+00 1.151E+02
  3.555495E+00 8.068E+01
  3.555524E+00 6.083E+01
  3.555553E+00 4.874E+01
  3.555582E+00 4.100E+01
  3.555611E+00 3.586E+01
  3.555640E+00 3.240E+01
  3.555668E+00 3.006E+01
  3.555697E+00 2.853E+01
  3.555754E+00 2.719E+01
  3.555811E+00 2.760E+01
  3.555868E+00 2.953E+01
  3.555924E+00 3.319E+01
  3.555980E+00 3.912E+01
  3.556008E+00 4.321E+01
  3.556036E+00 4.819E+01
  3.556092E+00 6.095E+01
  3.556148E+00 7.496E+01
  3.556175E+00 8.004E+01
  3.556203E+00 8.244E+01
  3.556230E+00 8.204E+01
  3.556313E+00 7.552E+01
  3.556340E+00 7.574E+01
  3.556367E+00 7.894E+01
  3.556394E+00 8.713E+01
  3.556422E+00 1.059E+02
  3.556449E+00 1.575E+02
  3.556476E+00 4.153E+02
  3.556503E+00 6.985E+03
  3.556529E+00 4.269E+02
  3.556556E+00 1.931E+02
  3.556583E+00 1.611E+02
  3.556610E+00 1.653E+02
  3.556637E+00 1.856E+02
  3.556663E+00 2.182E+02
  3.556690E+00 2.618E+02
  3.556716E+00 3.105E+02
  3.556743E+00 3.467E+02
  3.556769E+00 3.420E+02
  3.556796E+00 2.862E+02
  3.556822E+00 2.069E+02
  3.556848E+00 1.362E+02
  3.556874E+00 8.505E+01
  3.556900E+00 5.125E+01
  3.556927E+00 2.972E+01
  3.556953E+00 1.638E+01
  3.556979E+00 8.615E+00
  3.557005E+00 4.888E+00
  3.557030E+00 4.401E+00
  3.557056E+00 6.827E+00
  3.557082E+00 1.211E+01
  3.557108E+00 2.024E+01
  3.557133E+00 3.086E+01
  3.557185E+00 5.410E+01
  3.557210E+00 6.217E+01
  3.557235E+00 6.550E+01
  3.557261E+00 6.423E+01
  3.557286E+00 5.976E+01
  3.557362E+00 4.106E+01
  3.557412E+00 3.058E+01
  3.557437E+00 2.634E+01
  3.557462E+00 2.268E+01
  3.557487E+00 1.953E+01
  3.557512E+00 1.681E+01
  3.557537E+00 1.447E+01
  3.557586E+00 1.077E+01
  3.557611E+00 9.388E+00
  3.557636E+00 8.398E+00
  3.557660E+00 7.962E+00
  3.557685E+00 8.467E+00
  3.557709E+00 1.080E+01
  3.557734E+00 1.708E+01
  3.557758E+00 3.204E+01
  3.557783E+00 6.202E+01
  3.557807E+00 9.314E+01
  3.557831E+00 8.976E+01
  3.557855E+00 6.850E+01
  3.557879E+00 5.119E+01
  3.557904E+00 3.983E+01
  3.557928E+00 3.242E+01
  3.557952E+00 2.740E+01
  3.557976E+00 2.387E+01
  3.557999E+00 2.130E+01
  3.558023E+00 1.941E+01
  3.558047E+00 1.798E+01
  3.558095E+00 1.612E+01
  3.558142E+00 1.518E+01
  3.558212E+00 1.495E+01
  3.558306E+00 1.604E+01
  3.558375E+00 1.689E+01
  3.558445E+00 1.671E+01
  3.558582E+00 1.435E+01
  3.558627E+00 1.415E+01
  3.558672E+00 1.464E+01
  3.558695E+00 1.522E+01
  3.558717E+00 1.618E+01
  3.558740E+00 1.853E+01
  3.558762E+00 6.434E+01
  3.558784E+00 2.206E+01
  3.558807E+00 1.734E+01
  3.558873E+00 1.538E+01
  3.559006E+00 9.332E+00
  3.559049E+00 7.798E+00
  3.559114E+00 6.108E+00
  3.559179E+00 4.956E+00
  3.559244E+00 4.163E+00
  3.559308E+00 3.616E+00
  3.559372E+00 3.251E+00
  3.559435E+00 3.042E+00
  3.559498E+00 3.006E+00
  3.559540E+00 3.120E+00
  3.559561E+00 3.241E+00
  3.559581E+00 3.427E+00
  3.559602E+00 3.703E+00
  3.559623E+00 4.108E+00
  3.559644E+00 4.687E+00
  3.559685E+00 6.237E+00
  3.559705E+00 6.487E+00
  3.559726E+00 5.822E+00
  3.559746E+00 4.805E+00
  3.559767E+00 4.078E+00
  3.559787E+00 3.770E+00
  3.559808E+00 3.829E+00
  3.559828E+00 4.250E+00
  3.559848E+00 5.142E+00
  3.559868E+00 6.800E+00
  3.559889E+00 9.708E+00
  3.559909E+00 1.317E+01
  3.559929E+00 1.159E+01
  3.559949E+00 6.006E+00
  3.559969E+00 2.702E+00
  3.559989E+00 1.272E+00
  3.560009E+00 6.392E-01
  3.560029E+00 3.387E-01
  3.560049E+00 1.879E-01
  3.560069E+00 1.104E-01
  3.560089E+00 7.208E-02
  3.560109E+00 5.728E-02
  3.560128E+00 5.989E-02
  3.560148E+00 8.086E-02
  3.560168E+00 1.292E-01
  3.560187E+00 2.137E-01
  3.560207E+00 2.602E-01
  3.560246E+00 8.065E-02
  3.560266E+00 3.856E-02
  3.560285E+00 1.997E-02
  3.560304E+00 1.185E-02
  3.560324E+00 8.757E-03
  3.560343E+00 8.404E-03
  3.560363E+00 9.767E-03
  3.560382E+00 1.239E-02
  3.560401E+00 1.609E-02
  3.560420E+00 2.084E-02
  3.560439E+00 2.671E-02
  3.560459E+00 3.385E-02
  3.560478E+00 4.247E-02
  3.560497E+00 5.288E-02
  3.560516E+00 6.545E-02
  3.560535E+00 8.070E-02
  3.560554E+00 9.931E-02
  3.560573E+00 1.222E-01
  3.560592E+00 1.505E-01
  3.560610E+00 1.858E-01
  3.560629E+00 2.303E-01
  3.560648E+00 2.865E-01
  3.560667E+00 3.577E-01
  3.560686E+00 4.470E-01
  3.560704E+00 5.561E-01
  3.560760E+00 9.494E-01
  3.560797E+00 1.141E+00
  3.560834E+00 1.274E+00
  3.560852E+00 1.362E+00
  3.560871E+00 1.497E+00
  3.560889E+00 1.716E+00
  3.560908E+00 2.098E+00
  3.560926E+00 2.880E+00
  3.560944E+00 5.101E+00
  3.560962E+00 1.906E+01
  3.560980E+00 1.354E+02
  3.560999E+00 1.222E+01
  3.561017E+00 6.699E+00
  3.561035E+00 6.059E+00
  3.561053E+00 6.612E+00
  3.561071E+00 7.846E+00
  3.561089E+00 9.653E+00
  3.561107E+00 1.182E+01
  3.561125E+00 1.366E+01
  3.561143E+00 1.392E+01
  3.561160E+00 1.205E+01
  3.561196E+00 6.227E+00
  3.561214E+00 4.096E+00
  3.561231E+00 2.624E+00
  3.561249E+00 1.639E+00
  3.561267E+00 9.947E-01
  3.561284E+00 5.910E-01
  3.561302E+00 3.712E-01
  3.561320E+00 3.091E-01
  3.561337E+00 4.010E-01
  3.561355E+00 6.597E-01
  3.561372E+00 1.106E+00
  3.561389E+00 1.751E+00
  3.561407E+00 2.560E+00
  3.561424E+00 3.424E+00
  3.561442E+00 4.158E+00
  3.561459E+00 4.593E+00
  3.561476E+00 4.675E+00
  3.561493E+00 4.473E+00
  3.561511E+00 4.108E+00
  3.561562E+00 2.861E+00
  3.561596E+00 2.200E+00
  3.561630E+00 1.696E+00
  3.561664E+00 1.316E+00
  3.561681E+00 1.165E+00
  3.561698E+00 1.039E+00
  3.561715E+00 9.428E-01
  3.561732E+00 8.851E-01
  3.561748E+00 8.874E-01
  3.561765E+00 9.952E-01
  3.561782E+00 1.308E+00
  3.561799E+00 2.045E+00
  3.561815E+00 3.660E+00
  3.561832E+00 6.692E+00
  3.561849E+00 1.000E+01
  3.561865E+00 1.032E+01
  3.561898E+00 6.539E+00
  3.561915E+00 5.221E+00
  3.561931E+00 4.338E+00
  3.561948E+00 3.738E+00
  3.561964E+00 3.320E+00
  3.561980E+00 3.025E+00
  3.562013E+00 2.667E+00
  3.562046E+00 2.508E+00
  3.562078E+00 2.483E+00
  3.562126E+00 2.634E+00
  3.562223E+00 3.215E+00
  3.562254E+00 3.281E+00
  3.562302E+00 3.157E+00
  3.562365E+00 2.899E+00
  3.562396E+00 2.890E+00
  3.562427E+00 3.026E+00
  3.562443E+00 3.162E+00
  3.562458E+00 3.363E+00
  3.562474E+00 3.706E+00
  3.562489E+00 4.915E+00
  3.562505E+00 5.128E+01
  3.562520E+00 4.132E+00
  3.562536E+00 3.819E+00
  3.562566E+00 3.627E+00
  3.562597E+00 3.266E+00
  3.562673E+00 2.205E+00
  3.562703E+00 1.886E+00
  3.562749E+00 1.533E+00
  3.562794E+00 1.293E+00
  3.562838E+00 1.131E+00
  3.562883E+00 1.027E+00
  3.562927E+00 9.717E-01
  3.562971E+00 9.690E-01
  3.563000E+00 1.008E+00
  3.563029E+00 1.099E+00
  3.563044E+00 1.177E+00
  3.563058E+00 1.288E+00
  3.563073E+00 1.443E+00
  3.563087E+00 1.657E+00
  3.563116E+00 2.192E+00
  3.563131E+00 2.292E+00
  3.563145E+00 2.112E+00
  3.563159E+00 1.791E+00
  3.563174E+00 1.528E+00
  3.563188E+00 1.390E+00
  3.563202E+00 1.372E+00
  3.563216E+00 1.470E+00
  3.563231E+00 1.705E+00
  3.563245E+00 2.145E+00
  3.563259E+00 2.933E+00
  3.563273E+00 4.217E+00
  3.563287E+00 5.281E+00
  3.563301E+00 4.062E+00
  3.563315E+00 2.090E+00
  3.563329E+00 1.009E+00
  3.563343E+00 5.151E-01
  3.563357E+00 2.809E-01
  3.563371E+00 1.618E-01
  3.563385E+00 9.754E-02
  3.563399E+00 6.152E-02
  3.563413E+00 4.106E-02
  3.563427E+00 2.992E-02
  3.563441E+00 2.516E-02
  3.563455E+00 2.606E-02
  3.563469E+00 3.426E-02
  3.563482E+00 5.416E-02
  3.563496E+00 7.951E-02
  3.563510E+00 6.876E-02
  3.563524E+00 4.001E-02
  3.563537E+00 2.326E-02
  3.563551E+00 1.518E-02
  3.563565E+00 1.119E-02
  3.563578E+00 9.206E-03
  3.563592E+00 8.308E-03
  3.563606E+00 8.076E-03
  3.563619E+00 8.308E-03
  3.563633E+00 8.909E-03
  3.563646E+00 9.842E-03
  3.563660E+00 1.111E-02
  3.563673E+00 1.273E-02
  3.563687E+00 1.475E-02
  3.563700E+00 1.724E-02
  3.563713E+00 2.028E-02
  3.563727E+00 2.400E-02
  3.563740E+00 2.857E-02
  3.563753E+00 3.417E-02
  3.563767E+00 4.111E-02
  3.563780E+00 4.974E-02
  3.563793E+00 6.059E-02
  3.563807E+00 7.432E-02
  3.563820E+00 9.181E-02
  3.563833E+00 1.141E-01
  3.563846E+00 1.425E-01
  3.563859E+00 1.777E-01
  3.563873E+00 2.197E-01
  3.563899E+00 3.128E-01
  3.563912E+00 3.545E-01
  3.563951E+00 4.480E-01
  3.563964E+00 4.859E-01
  3.563977E+00 5.408E-01
  3.563990E+00 6.266E-01
  3.564003E+00 7.726E-01
  3.564016E+00 1.061E+00
  3.564029E+00 1.823E+00
  3.564042E+00 5.694E+00
  3.564054E+00 1.008E+02
  3.564067E+00 6.975E+00
  3.564080E+00 3.117E+00
  3.564093E+00 2.612E+00
  3.564106E+00 2.767E+00
  3.564118E+00 3.248E+00
  3.564131E+00 3.967E+00
  3.564144E+00 4.783E+00
  3.564156E+00 5.331E+00
  3.564169E+00 5.141E+00
  3.564182E+00 4.211E+00
  3.564194E+00 3.053E+00
  3.564207E+00 2.072E+00
  3.564219E+00 1.365E+00
  3.564232E+00 8.839E-01
  3.564245E+00 5.635E-01
  3.564257E+00 3.545E-01
  3.564270E+00 2.260E-01
  3.564282E+00 1.611E-01
  3.564295E+00 1.534E-01
  3.564307E+00 2.044E-01
  3.564319E+00 3.217E-01
  3.564332E+00 5.154E-01
  3.564344E+00 7.897E-01
  3.564369E+00 1.480E+00
  3.564381E+00 1.763E+00
  3.564393E+00 1.910E+00
  3.564406E+00 1.911E+00
  3.564418E+00 1.803E+00
  3.564467E+00 1.130E+00
  3.564491E+00 8.715E-01
  3.564515E+00 6.779E-01
  3.564539E+00 5.353E-01
  3.564564E+00 4.382E-01
  3.564576E+00 4.104E-01
  3.564588E+00 4.036E-01
  3.564600E+00 4.309E-01
  3.564611E+00 5.195E-01
  3.564623E+00 7.268E-01
  3.564635E+00 1.172E+00
  3.564647E+00 2.061E+00
  3.564659E+00 3.456E+00
  3.564671E+00 4.504E+00
  3.564683E+00 4.284E+00
  3.564706E+00 2.774E+00
  3.564718E+00 2.274E+00
  3.564730E+00 1.933E+00
  3.564742E+00 1.699E+00
  3.564753E+00 1.537E+00
  3.564765E+00 1.424E+00
  3.564788E+00 1.297E+00
  3.564812E+00 1.258E+00
  3.564835E+00 1.284E+00
  3.564870E+00 1.414E+00
  3.564927E+00 1.702E+00
  3.564950E+00 1.740E+00
  3.564984E+00 1.671E+00
  3.565029E+00 1.526E+00
  3.565052E+00 1.518E+00
  3.565074E+00 1.586E+00
  3.565097E+00 1.759E+00
  3.565108E+00 1.916E+00
  3.565119E+00 2.285E+00
  3.565130E+00 1.012E+01
  3.565141E+00 2.617E+00
  3.565152E+00 2.088E+00
  3.565185E+00 1.923E+00
  3.565251E+00 1.262E+00
  3.565284E+00 1.011E+00
  3.565317E+00 8.379E-01
  3.565349E+00 7.215E-01
  3.565392E+00 6.282E-01
  3.565424E+00 5.950E-01
  3.565456E+00 5.942E-01
  3.565477E+00 6.177E-01
  3.565498E+00 6.722E-01
  3.565509E+00 7.174E-01
  3.565520E+00 7.804E-01
  3.565530E+00 8.680E-01
  3.565541E+00 9.877E-01
  3.565562E+00 1.317E+00
  3.565572E+00 1.441E+00
  3.565582E+00 1.421E+00
  3.565593E+00 1.260E+00
  3.565603E+00 1.073E+00
  3.565614E+00 9.428E-01
  3.565624E+00 8.862E-01
  3.565634E+00 8.997E-01
  3.565645E+00 9.861E-01
  3.565655E+00 1.167E+00
  3.565665E+00 1.496E+00
  3.565676E+00 2.077E+00
  3.565686E+00 2.971E+00
  3.565696E+00 3.507E+00
  3.565706E+00 2.522E+00
  3.565717E+00 1.304E+00
  3.565727E+00 6.526E-01
  3.565737E+00 3.472E-01
  3.565747E+00 1.973E-01
  3.565757E+00 1.185E-01
  3.565768E+00 7.464E-02
  3.565778E+00 4.909E-02
  3.565788E+00 3.385E-02
  3.565798E+00 2.482E-02
  3.565808E+00 1.992E-02
  3.565818E+00 1.840E-02
  3.565828E+00 2.078E-02
  3.565838E+00 2.942E-02
  3.565848E+00 4.449E-02
  3.565866E+00 3.413E-02
  3.575856E+00 4.051E-01
  3.575866E+00 4.401E-01
  3.600809E+00 1.245E-01
  3.625752E+00 6.612E-02
  3.650696E+00 4.189E-02
  3.675639E+00 3.021E-02
  3.700582E+00 2.412E-02
  3.725525E+00 2.066E-02
  3.750469E+00 1.857E-02
  3.775412E+00 1.726E-02
  3.825299E+00 1.584E-02
  3.900129E+00 1.507E-02
  4.274278E+00 1.535E-02
  4.648428E+00 1.384E-02
  5.621217E+00 9.014E-03
  5.995367E+00 7.721E-03
  6.020310E+00 7.649E-03
  6.141931E+00 7.204E-03
  6.266003E+00 6.784E-03
  6.392583E+00 6.389E-03
  6.521725E+00 6.017E-03
  6.653473E+00 5.667E-03
  6.787880E+00 5.337E-03
  6.925002E+00 5.026E-03
  7.064898E+00 4.733E-03
  7.207618E+00 4.457E-03
  7.353226E+00 4.198E-03
  7.501767E+00 3.953E-03
  7.653312E+00 3.723E-03
  7.807922E+00 3.506E-03
  7.965651E+00 3.302E-03
  8.126565E+00 3.110E-03
  8.290735E+00 2.929E-03
  8.458219E+00 2.758E-03
  8.629088E+00 2.598E-03
  8.803404E+00 2.446E-03
  8.981250E+00 2.304E-03
  9.162679E+00 2.170E-03
  9.347775E+00 2.043E-03
  9.536617E+00 1.924E-03
  9.729270E+00 1.812E-03
  9.925810E+00 1.707E-03
  1.012633E+01 1.607E-03
  1.033090E+01 1.514E-03
  1.053959E+01 1.426E-03
  1.075251E+01 1.343E-03
  1.096972E+01 1.264E-03
  1.119132E+01 1.191E-03
  1.141740E+01 1.121E-03
  1.164805E+01 1.056E-03
  1.188336E+01 9.946E-04
  1.212342E+01 9.367E-04
  1.236832E+01 8.821E-04
  1.261818E+01 8.308E-04
  1.287309E+01 7.824E-04
  1.313314E+01 7.368E-04
  1.339845E+01 6.939E-04
  1.366911E+01 6.535E-04
  1.394525E+01 6.154E-04
  1.422696E+01 5.796E-04
  1.451436E+01 5.458E-04
  1.480758E+01 5.141E-04
  1.510671E+01 4.841E-04
  1.541188E+01 4.559E-04
  1.572322E+01 4.294E-04
  1.604085E+01 4.044E-04
  1.636490E+01 3.808E-04
  1.669548E+01 3.586E-04
  1.703276E+01 3.378E-04
  1.737683E+01 3.181E-04
  1.772787E+01 2.996E-04
  1.808600E+01 2.821E-04
  1.845137E+01 2.657E-04
  1.882410E+01 2.502E-04
  1.920438E+01 2.356E-04
  1.959232E+01 2.219E-04
  1.998813E+01 2.090E-04
  2.039189E+01 1.968E-04
  2.080386E+01 1.854E-04
  2.122411E+01 1.746E-04
  2.165288E+01 1.644E-04
  2.209027E+01 1.548E-04
  2.253654E+01 1.458E-04
  2.299181E+01 1.373E-04