  1.612509E-02 5.081E+01
  1.613506E-02 5.209E+01
  6.741977E-02 3.254E+00
  1.174006E-01 1.079E+00
  1.661213E-01 5.390E-01
  2.136239E-01 3.271E-01
  2.599488E-01 2.217E-01
  3.051344E-01 1.606E-01
  3.492179E-01 1.214E-01
  3.922349E-01 9.473E-02
  4.342193E-01 7.594E-02
  4.752041E-01 6.245E-02
  5.152208E-01 5.258E-02
  5.542994E-01 4.522E-02
  5.924693E-01 3.956E-02
  6.661932E-01 3.137E-02
  7.366038E-01 2.550E-02
  8.364310E-01 1.905E-02
  8.993831E-01 1.591E-02
  9.596470E-01 1.354E-02
  1.045329E+00 1.110E-02
  1.125766E+00 9.536E-03
  1.295334E+00 7.220E-03
  1.500619E+00 4.821E-03
  1.606632E+00 3.886E-03
  1.701899E+00 3.305E-03
  1.827660E+00 2.822E-03
  2.059224E+00 2.117E-03
  2.352163E+00 1.007E-03
  2.488898E+00 5.365E-04
  2.525186E+00 3.838E-04
  2.548404E+00 2.640E-04
  2.563994E+00 1.695E-04
  2.581695E+00 5.372E-05
  2.584544E+00 3.675E-05
  2.587365E+00 2.172E-05
  2.590158E+00 9.624E-06
  2.592925E+00 1.839E-06
  2.595664E+00 3.803E-07
  2.598377E+00 8.213E-06
  2.601063E+00 2.978E-05
  2.603724E+00 7.191E-05
  2.606359E+00 1.453E-04
  2.608969E+00 2.675E-04
  2.611555E+00 4.679E-04
  2.614115E+00 7.990E-04
  2.616652E+00 1.360E-03
  2.619164E+00 2.352E-03
  2.621653E+00 4.232E-03
  2.624119E+00 8.193E-03
  2.626561E+00 1.809E-02
  2.628981E+00 5.134E-02
  2.631378E+00 2.339E-01
  2.633753E+00 3.386E-01
  2.636107E+00 9.036E-02
  2.638438E+00 3.905E-02
  2.640748E+00 2.246E-02
  2.643037E+00 1.507E-02
  2.645305E+00 1.110E-02
  2.647553E+00 8.690E-03
  2.649780E+00 7.106E-03
  2.651987E+00 5.998E-03
  2.654174E+00 5.187E-03
  2.656342E+00 4.572E-03
  2.658490E+00 4.091E-03
  2.662729E+00 3.392E-03
  2.666892E+00 2.911E-03
  2.673002E+00 2.421E-03
  2.678952E+00 2.089E-03
  2.686648E+00 1.783E-03
  2.697707E+00 1.483E-03
  2.711607E+00 1.230E-03
  2.729281E+00 1.008E-03
  2.753713E+00 7.904E-04
  2.780959E+00 6.091E-04
  2.797173E+00 5.341E-04
  2.805144E+00 5.259E-04
  2.809907E+00 5.535E-04
  2.812688E+00 6.024E-04
  2.814510E+00 6.668E-04
  2.815412E+00 7.175E-04
  2.816308E+00 7.896E-04
  2.817199E+00 8.971E-04
  2.818083E+00 1.069E-03
  2.818961E+00 1.377E-03
  2.819833E+00 2.037E-03
  2.820700E+00 4.081E-03
  2.821561E+00 2.367E-02
  2.822416E+00 1.996E-02
  2.823266E+00 1.199E-03
  2.824110E+00 2.118E-04
  2.824949E+00 3.800E-05
  2.825782E+00 2.613E-06
  2.826609E+00 1.433E-06
  2.827432E+00 9.486E-06
  2.828249E+00 1.941E-05
  2.829060E+00 2.884E-05
  2.829867E+00 3.708E-05
  2.830668E+00 4.397E-05
  2.831464E+00 4.959E-05
  2.833040E+00 5.756E-05
  2.834597E+00 6.207E-05
  2.836895E+00 6.425E-05
  2.839892E+00 6.160E-05
  2.843533E+00 5.321E-05
  2.848444E+00 3.725E-05
  2.854457E+00 1.621E-05
  2.856389E+00 1.025E-05
  2.857658E+00 6.818E-06
  2.858287E+00 5.307E-06
  2.858912E+00 3.949E-06
  2.859534E+00 2.761E-06
  2.860152E+00 1.759E-06
  2.860766E+00 9.625E-07
  2.861376E+00 3.912E-07
  2.861983E+00 6.702E-08
  2.862586E+00 1.420E-08
  2.863186E+00 2.593E-07
  2.863783E+00 8.317E-07
  2.864375E+00 1.764E-06
  2.864965E+00 3.092E-06
  2.865551E+00 4.857E-06
  2.866133E+00 7.103E-06
  2.866712E+00 9.881E-06
  2.867288E+00 1.325E-05
  2.867861E+00 1.727E-05
  2.868430E+00 2.201E-05
  2.868996E+00 2.757E-05
  2.869558E+00 3.402E-05
  2.870118E+00 4.148E-05
  2.870674E+00 5.007E-05
  2.871227E+00 5.993E-05
  2.871777E+00 7.123E-05
  2.872324E+00 8.414E-05
  2.872868E+00 9.890E-05
  2.873408E+00 1.158E-04
  2.873946E+00 1.350E-04
  2.874481E+00 1.570E-04
  2.875012E+00 1.822E-04
  2.875541E+00 2.110E-04
  2.876066E+00 2.441E-04
  2.876589E+00 2.823E-04
  2.877109E+00 3.263E-04
  2.877625E+00 3.773E-04
  2.878139E+00 4.366E-04
  2.878651E+00 5.058E-04
  2.879159E+00 5.872E-04
  2.879664E+00 6.832E-04
  2.880167E+00 7.974E-04
  2.880667E+00 9.343E-04
  2.881164E+00 1.100E-03
  2.881658E+00 1.301E-03
  2.882150E+00 1.550E-03
  2.882639E+00 1.861E-03
  2.883125E+00 2.255E-03
  2.883609E+00 2.764E-03
  2.884090E+00 3.435E-03
  2.884569E+00 4.339E-03
  2.885044E+00 5.597E-03
  2.885518E+00 7.411E-03
  2.885988E+00 1.015E-02
  2.886456E+00 1.456E-02
  2.886922E+00 2.224E-02
  2.887385E+00 3.731E-02
  2.887846E+00 7.269E-02
  2.888304E+00 1.839E-01
  2.888760E+00 6.656E-01
  2.889213E+00 6.056E-01
  2.889664E+00 1.779E-01
  2.890112E+00 7.588E-02
  2.890559E+00 4.145E-02
  2.891002E+00 2.612E-02
  2.891444E+00 1.802E-02
  2.891883E+00 1.322E-02
  2.892320E+00 1.014E-02
  2.892754E+00 8.045E-03
  2.893186E+00 6.552E-03
  2.893616E+00 5.448E-03
  2.894044E+00 4.608E-03
  2.894469E+00 3.954E-03
  2.894892E+00 3.432E-03
  2.895313E+00 3.010E-03
  2.895732E+00 2.663E-03
  2.896563E+00 2.130E-03
  2.897386E+00 1.744E-03
  2.898200E+00 1.454E-03
  2.899405E+00 1.137E-03
  2.900592E+00 9.118E-04
  2.901761E+00 7.447E-04
  2.903293E+00 5.813E-04
  2.904794E+00 4.626E-04
  2.906265E+00 3.735E-04
  2.908063E+00 2.910E-04
  2.909817E+00 2.309E-04
  2.911529E+00 1.873E-04
  2.913200E+00 1.570E-04
  2.914832E+00 1.388E-04
  2.916109E+00 1.340E-04
  2.917051E+00 1.380E-04
  2.917672E+00 1.458E-04
  2.918287E+00 1.599E-04
  2.918896E+00 1.833E-04
  2.919198E+00 2.002E-04
  2.919499E+00 2.219E-04
  2.919799E+00 2.503E-04
  2.920097E+00 2.878E-04
  2.920394E+00 3.382E-04
  2.920690E+00 4.077E-04
  2.920984E+00 5.066E-04
  2.921277E+00 6.540E-04
  2.921568E+00 8.883E-04
  2.921858E+00 1.306E-03
  2.922147E+00 2.304E-03
  2.922434E+00 6.375E+00
  2.922720E+00 2.718E-03
  2.923005E+00 8.049E-03
  2.923289E+00 3.348E-02
  2.923571E+00 5.045E+00
  2.923852E+00 5.733E-02
  2.924131E+00 1.397E-02
  2.924410E+00 6.473E-03
  2.924687E+00 3.860E-03
  2.924963E+00 2.639E-03
  2.925237E+00 1.967E-03
  2.925511E+00 1.556E-03
  2.925783E+00 1.286E-03
  2.926054E+00 1.099E-03
  2.926324E+00 9.642E-04
  2.926592E+00 8.644E-04
  2.926859E+00 7.887E-04
  2.927390E+00 6.847E-04
  2.927917E+00 6.206E-04
  2.928697E+00 5.671E-04
  2.929722E+00 5.411E-04
  2.930978E+00 5.497E-04
  2.932450E+00 5.978E-04
  2.934119E+00 6.946E-04
  2.935738E+00 8.357E-04
  2.937310E+00 1.032E-03
  2.938621E+00 1.261E-03
  2.939689E+00 1.516E-03
  2.940735E+00 1.856E-03
  2.941556E+00 2.224E-03
  2.942364E+00 2.725E-03
  2.942961E+00 3.235E-03
  2.943551E+00 3.930E-03
  2.943941E+00 4.548E-03
  2.944327E+00 5.353E-03
  2.944710E+00 6.438E-03
  2.944901E+00 7.132E-03
  2.945090E+00 7.965E-03
  2.945279E+00 8.980E-03
  2.945468E+00 1.024E-02
  2.945655E+00 1.183E-02
  2.945842E+00 1.388E-02
  2.946028E+00 1.662E-02
  2.946213E+00 2.040E-02
  2.946397E+00 2.584E-02
  2.946581E+00 3.415E-02
  2.946764E+00 4.785E-02
  2.946946E+00 7.297E-02
  2.947128E+00 1.271E-01
  2.947309E+00 2.768E-01
  2.947489E+00 8.362E-01
  2.947669E+00 1.064E+00
  2.947847E+00 3.088E-01
  2.948025E+00 1.166E-01
  2.948203E+00 5.697E-02
  2.948379E+00 3.234E-02
  2.948555E+00 2.015E-02
  2.948731E+00 1.335E-02
  2.948905E+00 9.242E-03
  2.949079E+00 6.597E-03
  2.949253E+00 4.817E-03
  2.949425E+00 3.575E-03
  2.949597E+00 2.684E-03
  2.949768E+00 2.031E-03
  2.949939E+00 1.544E-03
  2.950109E+00 1.175E-03
  2.950278E+00 8.922E-04
  2.950447E+00 6.744E-04
  2.950615E+00 5.056E-04
  2.950782E+00 3.743E-04
  2.950949E+00 2.724E-04
  2.951115E+00 1.935E-04
  2.951281E+00 1.330E-04
  2.951445E+00 8.729E-05
  2.951610E+00 5.350E-05
  2.951773E+00 2.946E-05
  2.951936E+00 1.344E-05
  2.952098E+00 4.060E-06
  2.952260E+00 2.140E-07
  2.952421E+00 1.003E-06
  2.952582E+00 5.696E-06
  2.952742E+00 1.370E-05
  2.952901E+00 2.451E-05
  2.953060E+00 3.774E-05
  2.953218E+00 5.303E-05
  2.953375E+00 7.011E-05
  2.953688E+00 1.087E-04
  2.954154E+00 1.753E-04
  2.954918E+00 3.018E-04
  2.956112E+00 5.287E-04
  2.958535E+00 1.031E-03
  2.958948E+00 1.071E-03
  2.959084E+00 1.057E-03
  2.959220E+00 1.002E-03
  2.959356E+00 8.311E-04
  2.959491E+00 9.732E-05
  2.959625E+00 3.360E-03
  2.959759E+00 2.111E-03
  2.959893E+00 1.906E-03
  2.960026E+00 1.845E-03
  2.960291E+00 1.839E-03
  2.961074E+00 2.038E-03
  2.962093E+00 2.453E-03
  2.962716E+00 2.826E-03
  2.962962E+00 3.054E-03
  2.963084E+00 3.219E-03
  2.963206E+00 3.464E-03
  2.963328E+00 3.923E-03
  2.963449E+00 5.393E-03
  2.963570E+00 3.913E-02
  2.963690E+00 1.415E-03
  2.963810E+00 2.154E-03
  2.963929E+00 2.484E-03
  2.964167E+00 2.841E-03
  2.964754E+00 3.356E-03
  2.966568E+00 4.768E-03
  2.967760E+00 5.992E-03
  2.968806E+00 7.483E-03
  2.969619E+00 9.141E-03
  2.970215E+00 1.088E-02
  2.970703E+00 1.289E-02
  2.971088E+00 1.516E-02
  2.971373E+00 1.750E-02
  2.971656E+00 2.078E-02
  2.971843E+00 2.381E-02
  2.972029E+00 2.795E-02
  2.972213E+00 3.394E-02
  2.972305E+00 3.804E-02
  2.972397E+00 4.326E-02
  2.972488E+00 5.013E-02
  2.972579E+00 5.946E-02
  2.972670E+00 7.274E-02
  2.972760E+00 9.279E-02
  2.972851E+00 1.256E-01
  2.972940E+00 1.855E-01
  2.973030E+00 3.153E-01
  2.973119E+00 6.798E-01
  2.973208E+00 1.882E+00
  2.973297E+00 1.409E+00
  2.973386E+00 3.929E-01
  2.973474E+00 1.456E-01
  2.973562E+00 6.670E-02
  2.973650E+00 3.439E-02
  2.973737E+00 1.894E-02
  2.973824E+00 1.078E-02
  2.973911E+00 6.186E-03
  2.973998E+00 3.499E-03
  2.974084E+00 1.899E-03
  2.974170E+00 9.498E-04
  2.974256E+00 4.065E-04
  2.974342E+00 1.233E-04
  2.974427E+00 1.085E-05
  2.974512E+00 1.240E-05
  2.974597E+00 9.094E-05
  2.974681E+00 2.218E-04
  2.974765E+00 3.883E-04
  2.974849E+00 5.790E-04
  2.975017E+00 1.003E-03
  2.976159E+00 4.112E-03
  2.978380E+00 9.589E-03
  2.978671E+00 1.006E-02
  2.978816E+00 9.921E-03
  2.978888E+00 9.421E-03
  2.978960E+00 7.416E-03
  2.979031E+00 5.432E-02
  2.979103E+00 1.602E-02
  2.979174E+00 1.441E-02
  2.979245E+00 1.400E-02
  2.979456E+00 1.405E-02
  2.980012E+00 1.576E-02
  2.980555E+00 1.828E-02
  2.980888E+00 2.068E-02
  2.981086E+00 2.320E-02
  2.981151E+00 2.457E-02
  2.981216E+00 2.660E-02
  2.981282E+00 3.012E-02
  2.981347E+00 3.824E-02
  2.981411E+00 8.087E-02
  2.981476E+00 9.868E-03
  2.981540E+00 6.080E-03
  2.981605E+00 1.137E-02
  2.981669E+00 1.415E-02
  2.981733E+00 1.590E-02
  2.981860E+00 1.815E-02
  2.982112E+00 2.090E-02
  2.983452E+00 3.194E-02
  2.984149E+00 3.980E-02
  2.984658E+00 4.805E-02
  2.985045E+00 5.718E-02
  2.985317E+00 6.642E-02
  2.985533E+00 7.677E-02
  2.985746E+00 9.188E-02
  2.985904E+00 1.090E-01
  2.986009E+00 1.254E-01
  2.986113E+00 1.488E-01
  2.986165E+00 1.646E-01
  2.986217E+00 1.846E-01
  2.986268E+00 2.107E-01
  2.986320E+00 2.458E-01
  2.986371E+00 2.953E-01
  2.986423E+00 3.693E-01
  2.986474E+00 4.888E-01
  2.986525E+00 7.046E-01
  2.986576E+00 1.165E+00
  2.986626E+00 2.426E+00
  2.986677E+00 6.267E+00
  2.986727E+00 4.306E+00
  2.986778E+00 1.169E+00
  2.986828E+00 4.114E-01
  2.986878E+00 1.751E-01
  2.986928E+00 8.192E-02
  2.986978E+00 3.964E-02
  2.987028E+00 1.887E-02
  2.987077E+00 8.337E-03
  2.987127E+00 3.085E-03
  2.987176E+00 7.245E-04
  2.987225E+00 1.169E-05
  2.987274E+00 2.644E-04
  2.987323E+00 1.091E-03
  2.987372E+00 2.258E-03
  2.987421E+00 3.625E-03
  2.987663E+00 1.128E-02
  2.987949E+00 1.992E-02
  2.988462E+00 3.337E-02
  2.989578E+00 5.909E-02
  2.989750E+00 6.112E-02
  2.989793E+00 6.069E-02
  2.989835E+00 5.901E-02
  2.989878E+00 5.373E-02
  2.989920E+00 2.824E-02
  2.989963E+00 1.416E-01
  2.990005E+00 9.463E-02
  2.990047E+00 8.769E-02
  2.990131E+00 8.516E-02
  2.990340E+00 8.908E-02
  2.990749E+00 1.050E-01
  2.991030E+00 1.217E-01
  2.991188E+00 1.369E-01
  2.991267E+00 1.487E-01
  2.991345E+00 1.684E-01
  2.991384E+00 1.853E-01
  2.991423E+00 2.143E-01
  2.991462E+00 2.789E-01
  2.991500E+00 5.527E-01
  2.991539E+00 2.516E+00
  2.991577E+00 6.508E-03
  2.991616E+00 4.484E-02
  2.991654E+00 6.853E-02
  2.991692E+00 8.360E-02
  2.991731E+00 9.426E-02
  2.991807E+00 1.090E-01
  2.991958E+00 1.283E-01
  2.992728E+00 2.024E-01
  2.993117E+00 2.525E-01
  2.993428E+00 3.091E-01
  2.993666E+00 3.716E-01
  2.993866E+00 4.499E-01
  2.993999E+00 5.259E-01
  2.994097E+00 6.055E-01
  2.994195E+00 7.193E-01
  2.994260E+00 8.277E-01
  2.994324E+00 9.815E-01
  2.994356E+00 1.085E+00
  2.994389E+00 1.217E+00
  2.994421E+00 1.388E+00
  2.994453E+00 1.619E+00
  2.994484E+00 1.944E+00
  2.994516E+00 2.432E+00
  2.994548E+00 3.226E+00
  2.994580E+00 4.676E+00
  2.994611E+00 7.824E+00
  2.994643E+00 1.665E+01
  2.994674E+00 4.031E+01
  2.994706E+00 2.127E+01
  2.994737E+00 5.802E+00
  2.994768E+00 2.046E+00
  2.994799E+00 8.483E-01
  2.994831E+00 3.764E-01
  2.994862E+00 1.666E-01
  2.994893E+00 6.819E-02
  2.994924E+00 2.263E-02
  2.994954E+00 4.063E-03
  2.994985E+00 3.864E-05
  2.995016E+00 4.107E-03
  2.995047E+00 1.275E-02
  2.995077E+00 2.399E-02
  2.995108E+00 3.666E-02
  2.995349E+00 1.444E-01
  2.995763E+00 3.104E-01
  2.996248E+00 5.141E-01
  2.996525E+00 6.348E-01
  2.996580E+00 6.432E-01
  2.996608E+00 6.357E-01
  2.996635E+00 6.057E-01
  2.996662E+00 4.989E-01
  2.996689E+00 4.550E-01
  2.996716E+00 1.281E+00
  2.996743E+00 1.045E+00
  2.996770E+00 9.937E-01
  2.996824E+00 9.843E-01
  2.996958E+00 1.069E+00
  2.997168E+00 1.299E+00
  2.997350E+00 1.589E+00
  2.997478E+00 1.893E+00
  2.997554E+00 2.164E+00
  2.997604E+00 2.433E+00
  2.997630E+00 2.621E+00
  2.997655E+00 2.877E+00
  2.997680E+00 3.261E+00
  2.997705E+00 3.933E+00
  2.997730E+00 5.501E+00
  2.997755E+00 1.339E+01
  2.997780E+00 1.870E+01
  2.997805E+00 4.530E-02
  2.997829E+00 6.171E-01
  2.997854E+00 1.044E+00
  2.997879E+00 1.341E+00
  2.997903E+00 1.566E+00
  2.997953E+00 1.907E+00
  2.998123E+00 2.785E+00
  2.998315E+00 3.840E+00
  2.998457E+00 4.862E+00
  2.998597E+00 6.226E+00
  2.998712E+00 7.759E+00
  2.998827E+00 9.842E+00
  2.998917E+00 1.210E+01
  2.998985E+00 1.429E+01
  2.999052E+00 1.709E+01
  2.999119E+00 2.072E+01
  2.999185E+00 2.556E+01
  2.999251E+00 3.219E+01
  2.999295E+00 3.808E+01
  2.999339E+00 4.566E+01
  2.999382E+00 5.564E+01
  2.999404E+00 6.185E+01
  2.999447E+00 7.773E+01
  2.999469E+00 8.799E+01
  2.999490E+00 1.004E+02
  2.999511E+00 1.154E+02
  2.999533E+00 1.341E+02
  2.999554E+00 1.576E+02
  2.999576E+00 1.876E+02
  2.999597E+00 2.269E+02
  2.999618E+00 2.797E+02
  2.999639E+00 3.528E+02
  2.999660E+00 4.581E+02
  2.999682E+00 6.174E+02
  2.999703E+00 8.743E+02
  2.999724E+00 1.327E+03
  2.999745E+00 2.229E+03
  2.999766E+00 4.400E+03
  2.999787E+00 1.127E+04
  2.999807E+00 3.138E+04
  2.999828E+00 1.796E+04
  2.999849E+00 6.286E+03
  2.999870E+00 2.932E+03
  2.999891E+00 1.665E+03
  2.999911E+00 1.067E+03
  2.999932E+00 7.414E+02
  2.999953E+00 5.449E+02
  2.999973E+00 4.175E+02
  2.999994E+00 3.302E+02
  3.000014E+00 2.679E+02
  3.000035E+00 2.218E+02
  3.000055E+00 1.867E+02
  3.000075E+00 1.595E+02
  3.000096E+00 1.379E+02
  3.000116E+00 1.204E+02
  3.000136E+00 1.062E+02
  3.000156E+00 9.432E+01
  3.000197E+00 7.599E+01
  3.000237E+00 6.262E+01
  3.000277E+00 5.256E+01
  3.000337E+00 4.157E+01
  3.000396E+00 3.378E+01
  3.000455E+00 2.805E+01
  3.000533E+00 2.249E+01
  3.000611E+00 1.849E+01
  3.000707E+00 1.487E+01
  3.000821E+00 1.181E+01
  3.000953E+00 9.249E+00
  3.001065E+00 7.295E+00
  3.001083E+00 6.847E+00
  3.001102E+00 6.214E+00
  3.001120E+00 4.996E+00
  3.001139E+00 3.067E-01
  3.001157E+00 1.349E+01
  3.001175E+00 9.346E+00
  3.001194E+00 8.280E+00
  3.001212E+00 7.728E+00
  3.001248E+00 7.074E+00
  3.001321E+00 6.300E+00
  3.001446E+00 5.453E+00
  3.001605E+00 4.806E+00
  3.001709E+00 4.657E+00
  3.001761E+00 4.761E+00
  3.001796E+00 4.999E+00
  3.001813E+00 5.227E+00
  3.001830E+00 5.599E+00
  3.001847E+00 6.261E+00
  3.001864E+00 7.640E+00
  3.001881E+00 1.175E+01
  3.001898E+00 6.027E+01
  3.001915E+00 2.777E+00
  3.001932E+00 2.005E-01
  3.001949E+00 8.962E-01
  3.001966E+00 1.357E+00
  3.001983E+00 1.649E+00
  3.001999E+00 1.843E+00
  3.002033E+00 2.071E+00
  3.002083E+00 2.223E+00
  3.002182E+00 2.290E+00
  3.002648E+00 2.106E+00
  3.002819E+00 2.149E+00
  3.002941E+00 2.313E+00
  3.003016E+00 2.546E+00
  3.003076E+00 2.896E+00
  3.003121E+00 3.365E+00
  3.003151E+00 3.879E+00
  3.003165E+00 4.245E+00
  3.003180E+00 4.726E+00
  3.003195E+00 5.379E+00
  3.003210E+00 6.307E+00
  3.003224E+00 7.707E+00
  3.003239E+00 9.995E+00
  3.003253E+00 1.420E+01
  3.003268E+00 2.342E+01
  3.003283E+00 4.941E+01
  3.003297E+00 1.078E+02
  3.003312E+00 4.616E+01
  3.003326E+00 1.235E+01
  3.003341E+00 4.218E+00
  3.003355E+00 1.653E+00
  3.003370E+00 6.728E-01
  3.003384E+00 2.606E-01
  3.003398E+00 8.427E-02
  3.003413E+00 1.596E-02
  3.003427E+00 5.630E-08
  3.003441E+00 1.013E-02
  3.003456E+00 3.314E-02
  3.003470E+00 6.213E-02
  3.003498E+00 1.249E-01
  3.003541E+00 2.122E-01
  3.003583E+00 2.842E-01
  3.003639E+00 3.579E-01
  3.003709E+00 4.230E-01
  3.003805E+00 4.808E-01
  3.003941E+00 5.237E-01
  3.004088E+00 5.354E-01
  3.004154E+00 5.187E-01
  3.004180E+00 4.945E-01
  3.004193E+00 4.689E-01
  3.004206E+00 4.163E-01
  3.004219E+00 2.567E-01
  3.004232E+00 3.513E+00
  3.004245E+00 8.739E-01
  3.004258E+00 7.325E-01
  3.004271E+00 6.838E-01
  3.004296E+00 6.452E-01
  3.004361E+00 6.197E-01
  3.004512E+00 6.239E-01
  3.004612E+00 6.578E-01
  3.004661E+00 7.016E-01
  3.004686E+00 7.426E-01
  3.004710E+00 8.153E-01
  3.004722E+00 8.771E-01
  3.004735E+00 9.757E-01
  3.004747E+00 1.156E+00
  3.004759E+00 1.582E+00
  3.004771E+00 3.502E+00
  3.004783E+00 3.087E+01
  3.004795E+00 9.376E-03
  3.004807E+00 8.423E-02
  3.004819E+00 1.863E-01
  3.004831E+00 2.549E-01
  3.004843E+00 3.021E-01
  3.004855E+00 3.362E-01
  3.004879E+00 3.819E-01
  3.004915E+00 4.220E-01
  3.004986E+00 4.628E-01
  3.005353E+00 5.634E-01
  3.005464E+00 6.269E-01
  3.005530E+00 6.968E-01
  3.005585E+00 7.982E-01
  3.005617E+00 8.982E-01
  3.005639E+00 9.959E-01
  3.005660E+00 1.137E+00
  3.005671E+00 1.233E+00
  3.005692E+00 1.515E+00
  3.005703E+00 1.732E+00
  3.005713E+00 2.039E+00
  3.005724E+00 2.501E+00
  3.005735E+00 3.255E+00
  3.005745E+00 4.640E+00
  3.005756E+00 7.675E+00
  3.005766E+00 1.623E+01
  3.005777E+00 3.528E+01
  3.005787E+00 1.504E+01
  3.005798E+00 4.025E+00
  3.005808E+00 1.372E+00
  3.005819E+00 5.338E-01
  3.005829E+00 2.144E-01
  3.005840E+00 8.086E-02
  3.005850E+00 2.463E-02
  3.005861E+00 3.804E-03
  3.005871E+00 1.480E-04
  3.005882E+00 5.045E-03
  3.005892E+00 1.416E-02
  3.005913E+00 3.703E-02
  3.005933E+00 6.047E-02
  3.012825E+00 6.430E+00
  3.016125E+00 4.244E+00
  3.016135E+00 2.331E+00
  3.020253E+00 1.469E+00
  3.024325E+00 1.013E+00
  3.028352E+00 7.432E-01
  3.032335E+00 5.703E-01
  3.036274E+00 4.530E-01
  3.040170E+00 3.697E-01
  3.044024E+00 3.084E-01
  3.047836E+00 2.620E-01
  3.051607E+00 2.261E-01
  3.055338E+00 1.976E-01
  3.059028E+00 1.746E-01
  3.066291E+00 1.402E-01
  3.073401E+00 1.160E-01
  3.080361E+00 9.832E-02
  3.090532E+00 7.936E-02
  3.100391E+00 6.613E-02
  3.113071E+00 5.380E-02
  3.128214E+00 4.344E-02
  3.145416E+00 3.524E-02
  3.164249E+00 2.896E-02
  3.186684E+00 2.378E-02
  3.213825E+00 1.951E-02
  3.245766E+00 1.610E-02
  3.276843E+00 1.392E-02
  3.296603E+00 1.336E-02
  3.307792E+00 1.377E-02
  3.315741E+00 1.491E-02
  3.320843E+00 1.646E-02
  3.324570E+00 1.841E-02
  3.328214E+00 2.151E-02
  3.330599E+00 2.459E-02
  3.332950E+00 2.893E-02
  3.335266E+00 3.509E-02
  3.337548E+00 4.374E-02
  3.339798E+00 5.534E-02
  3.343112E+00 7.505E-02
  3.344200E+00 7.980E-02
  3.345282E+00 8.224E-02
  3.346355E+00 8.189E-02
  3.347421E+00 7.890E-02
  3.349530E+00 6.782E-02
  3.352638E+00 4.950E-02
  3.354674E+00 4.008E-02
  3.356682E+00 3.309E-02
  3.358662E+00 2.797E-02
  3.361581E+00 2.266E-02
  3.364441E+00 1.915E-02
  3.368164E+00 1.609E-02
  3.372678E+00 1.369E-02
  3.377900E+00 1.190E-02
  3.385355E+00 1.028E-02
  3.396125E+00 8.866E-03
  3.411255E+00 7.684E-03
  3.426189E+00 7.040E-03
  3.434170E+00 7.058E-03
  3.438160E+00 7.425E-03
  3.440091E+00 7.920E-03
  3.441511E+00 8.724E-03
  3.441980E+00 9.190E-03
  3.442446E+00 9.864E-03
  3.442909E+00 1.092E-02
  3.443370E+00 1.279E-02
  3.443828E+00 1.691E-02
  3.444284E+00 3.201E-02
  3.444738E+00 1.209E+00
  3.445189E+00 4.295E-03
  3.445638E+00 1.447E-03
  3.446084E+00 2.315E-03
  3.446528E+00 3.056E-03
  3.446970E+00 3.600E-03
  3.447409E+00 4.008E-03
  3.448281E+00 4.584E-03
  3.449997E+00 5.290E-03
  3.456123E+00 7.098E-03
  3.459579E+00 8.613E-03
  3.461798E+00 9.981E-03
  3.462883E+00 1.117E-02
  3.464304E+00 1.352E-02
  3.465698E+00 1.676E-02
  3.466726E+00 2.001E-02
  3.467738E+00 2.432E-02
  3.468737E+00 3.017E-02
  3.469720E+00 3.829E-02
  3.470369E+00 4.552E-02
  3.471011E+00 5.476E-02
  3.471646E+00 6.663E-02
  3.472276E+00 8.194E-02
  3.472900E+00 1.016E-01
  3.473518E+00 1.262E-01
  3.475338E+00 2.155E-01
  3.475933E+00 2.314E-01
  3.476229E+00 2.328E-01
  3.476816E+00 2.221E-01
  3.477687E+00 1.846E-01
  3.478829E+00 1.302E-01
  3.479672E+00 9.896E-02
  3.480504E+00 7.588E-02
  3.481595E+00 5.291E-02
  3.482134E+00 4.210E-02
  3.482401E+00 1.626E-01
  3.482667E+00 9.013E-02
  3.482933E+00 5.794E-02
  3.483196E+00 4.912E-02
  3.483459E+00 4.424E-02
  3.483981E+00 3.803E-02
  3.484755E+00 3.193E-02
  3.485771E+00 2.636E-02
  3.487017E+00 2.150E-02
  3.488476E+00 1.745E-02
  3.490131E+00 1.415E-02
  3.491963E+00 1.149E-02
  3.494167E+00 9.172E-03
  3.496488E+00 7.404E-03
  3.498706E+00 6.203E-03
  3.500639E+00 5.561E-03
  3.501946E+00 5.440E-03
  3.502858E+00 5.624E-03
  3.503575E+00 6.054E-03
  3.504105E+00 6.677E-03
  3.504455E+00 7.348E-03
  3.504802E+00 8.387E-03
  3.504975E+00 9.138E-03
  3.505147E+00 1.014E-02
  3.505318E+00 1.154E-02
  3.505489E+00 1.362E-02
  3.505659E+00 1.699E-02
  3.505828E+00 2.329E-02
  3.505997E+00 3.844E-02
  3.506165E+00 1.023E-01
  3.506332E+00 2.340E+00
  3.506499E+00 4.674E-02
  3.506665E+00 6.303E-03
  3.506831E+00 1.818E-03
  3.506995E+00 1.344E-03
  3.507160E+00 1.713E-03
  3.507323E+00 2.315E-03
  3.507649E+00 3.724E-03
  3.507972E+00 5.317E-03
  3.508292E+00 7.207E-03
  3.508610E+00 9.602E-03
  3.508768E+00 1.108E-02
  3.508926E+00 1.283E-02
  3.509083E+00 1.491E-02
  3.509239E+00 1.744E-02
  3.509395E+00 2.055E-02
  3.509550E+00 2.443E-02
  3.509705E+00 2.939E-02
  3.509859E+00 3.580E-02
  3.510012E+00 4.429E-02
  3.510165E+00 5.572E-02
  3.510317E+00 7.134E-02
  3.510469E+00 9.285E-02
  3.510620E+00 1.220E-01
  3.510921E+00 1.972E-01
  3.511071E+00 2.219E-01
  3.511219E+00 2.171E-01
  3.511368E+00 1.867E-01
  3.511516E+00 1.483E-01
  3.511663E+00 1.144E-01
  3.511810E+00 8.846E-02
  3.511956E+00 6.955E-02
  3.512102E+00 5.592E-02
  3.512247E+00 4.603E-02
  3.512392E+00 3.879E-02
  3.512536E+00 3.341E-02
  3.512679E+00 2.939E-02
  3.512823E+00 2.636E-02
  3.512965E+00 2.408E-02
  3.513107E+00 2.239E-02
  3.513390E+00 2.028E-02
  3.513670E+00 1.942E-02
  3.513949E+00 1.947E-02
  3.514363E+00 2.095E-02
  3.514772E+00 2.395E-02
  3.515178E+00 2.859E-02
  3.515578E+00 3.522E-02
  3.515975E+00 4.446E-02
  3.516367E+00 5.727E-02
  3.516627E+00 6.850E-02
  3.516884E+00 8.256E-02
  3.517140E+00 1.002E-01
  3.517394E+00 1.223E-01
  3.517646E+00 1.499E-01
  3.518021E+00 2.020E-01
  3.518392E+00 2.554E-01
  3.518515E+00 2.630E-01
  3.518637E+00 2.530E-01
  3.518759E+00 2.076E-01
  3.518881E+00 1.109E-01
  3.519002E+00 2.845E-02
  3.519123E+00 1.033E-01
  3.519243E+00 2.461E-01
  3.519363E+00 3.450E-01
  3.519482E+00 3.967E-01
  3.519602E+00 4.174E-01
  3.519720E+00 4.184E-01
  3.519956E+00 3.874E-01
  3.520655E+00 2.354E-01
  3.520999E+00 1.744E-01
  3.521340E+00 1.261E-01
  3.521677E+00 8.642E-02
  3.521900E+00 6.282E-02
  3.522011E+00 5.223E-02
  3.522122E+00 4.443E-02
  3.522232E+00 4.717E-02
  3.522342E+00 1.017E-01
  3.522451E+00 5.908E-01
  3.522560E+00 2.877E+00
  3.522669E+00 8.079E-01
  3.522777E+00 3.899E-01
  3.522885E+00 2.569E-01
  3.522993E+00 1.947E-01
  3.523100E+00 1.589E-01
  3.523207E+00 1.354E-01
  3.523314E+00 1.186E-01
  3.523420E+00 1.059E-01
  3.523631E+00 8.762E-02
  3.523841E+00 7.481E-02
  3.524154E+00 6.110E-02
  3.524463E+00 5.115E-02
  3.524871E+00 4.127E-02
  3.525373E+00 3.218E-02
  3.525868E+00 2.533E-02
  3.526451E+00 1.900E-02
  3.527023E+00 1.409E-02
  3.527584E+00 1.027E-02
  3.528043E+00 7.810E-03
  3.528406E+00 6.318E-03
  3.528674E+00 5.511E-03
  3.528941E+00 5.021E-03
  3.529205E+00 4.919E-03
  3.529379E+00 5.123E-03
  3.529553E+00 5.599E-03
  3.529725E+00 6.416E-03
  3.529897E+00 7.671E-03
  3.530067E+00 9.504E-03
  3.530152E+00 1.070E-02
  3.530236E+00 1.213E-02
  3.530321E+00 1.383E-02
  3.530405E+00 1.588E-02
  3.530488E+00 1.834E-02
  3.530572E+00 2.132E-02
  3.530655E+00 2.498E-02
  3.530738E+00 2.953E-02
  3.530821E+00 3.531E-02
  3.530903E+00 4.283E-02
  3.530986E+00 5.301E-02
  3.531068E+00 6.754E-02
  3.531149E+00 9.000E-02
  3.531231E+00 1.294E-01
  3.531312E+00 2.154E-01
  3.531393E+00 5.095E-01
  3.531474E+00 4.318E+00
  3.531555E+00 7.268E-01
  3.531635E+00 1.106E-01
  3.531715E+00 5.511E-02
  3.531795E+00 5.471E-02
  3.531874E+00 6.881E-02
  3.531954E+00 9.071E-02
  3.532033E+00 1.198E-01
  3.532112E+00 1.576E-01
  3.532190E+00 2.065E-01
  3.532269E+00 2.699E-01
  3.532347E+00 3.516E-01
  3.532425E+00 4.544E-01
  3.532580E+00 7.050E-01
  3.532657E+00 8.126E-01
  3.532734E+00 8.648E-01
  3.532811E+00 8.444E-01
  3.532887E+00 7.656E-01
  3.533040E+00 5.531E-01
  3.533116E+00 4.588E-01
  3.533191E+00 3.806E-01
  3.533267E+00 3.175E-01
  3.533342E+00 2.670E-01
  3.533417E+00 2.267E-01
  3.533492E+00 1.943E-01
  3.533566E+00 1.681E-01
  3.533641E+00 1.467E-01
  3.533715E+00 1.292E-01
  3.533789E+00 1.146E-01
  3.533862E+00 1.026E-01
  3.534009E+00 8.408E-02
  3.534155E+00 7.116E-02
  3.534300E+00 6.229E-02
  3.534444E+00 5.656E-02
  3.534587E+00 5.344E-02
  3.534730E+00 5.264E-02
  3.534872E+00 5.406E-02
  3.535012E+00 5.777E-02
  3.535153E+00 6.399E-02
  3.535292E+00 7.307E-02
  3.535430E+00 8.556E-02
  3.535568E+00 1.022E-01
  3.535705E+00 1.242E-01
  3.535841E+00 1.528E-01
  3.535976E+00 1.898E-01
  3.536111E+00 2.375E-01
  3.536245E+00 2.984E-01
  3.536378E+00 3.741E-01
  3.536642E+00 5.514E-01
  3.536707E+00 5.825E-01
  3.536773E+00 5.874E-01
  3.536838E+00 5.386E-01
  3.536903E+00 3.940E-01
  3.536968E+00 1.556E-01
  3.537032E+00 7.652E-02
  3.537097E+00 3.628E-01
  3.537161E+00 6.904E-01
  3.537225E+00 8.891E-01
  3.537289E+00 9.838E-01
  3.537353E+00 1.014E+00
  3.537416E+00 1.005E+00
  3.537543E+00 9.229E-01
  3.537918E+00 5.812E-01
  3.538104E+00 4.447E-01
  3.538288E+00 3.351E-01
  3.538470E+00 2.450E-01
  3.538591E+00 1.937E-01
  3.538651E+00 1.723E-01
  3.538711E+00 1.580E-01
  3.538771E+00 1.631E-01
  3.538830E+00 2.335E-01
  3.538890E+00 6.119E-01
  3.538949E+00 3.729E+00
  3.539008E+00 8.538E+00
  3.539067E+00 2.256E+00
  3.539126E+00 1.123E+00
  3.539185E+00 7.438E-01
  3.539243E+00 5.634E-01
  3.539302E+00 4.590E-01
  3.539360E+00 3.908E-01
  3.539418E+00 3.423E-01
  3.539476E+00 3.057E-01
  3.539591E+00 2.534E-01
  3.539706E+00 2.169E-01
  3.539877E+00 1.779E-01
  3.540102E+00 1.414E-01
  3.540381E+00 1.091E-01
  3.540656E+00 8.491E-02
  3.540982E+00 6.230E-02
  3.541302E+00 4.428E-02
  3.541618E+00 2.957E-02
  3.541825E+00 2.136E-02
  3.542031E+00 1.445E-02
  3.542132E+00 1.153E-02
  3.542234E+00 9.031E-03
  3.542335E+00 7.000E-03
  3.542385E+00 6.187E-03
  3.542435E+00 5.525E-03
  3.542485E+00 5.029E-03
  3.542535E+00 4.717E-03
  3.542585E+00 4.609E-03
  3.542634E+00 4.728E-03
  3.542684E+00 5.101E-03
  3.542733E+00 5.760E-03
  3.542782E+00 6.743E-03
  3.542831E+00 8.092E-03
  3.542880E+00 9.860E-03
  3.542929E+00 1.211E-02
  3.542978E+00 1.490E-02
  3.543026E+00 1.834E-02
  3.543075E+00 2.252E-02
  3.543123E+00 2.756E-02
  3.543171E+00 3.362E-02
  3.543219E+00 4.088E-02
  3.543267E+00 4.956E-02
  3.543315E+00 5.996E-02
  3.543363E+00 7.242E-02
  3.543411E+00 8.739E-02
  3.543458E+00 1.054E-01
  3.543506E+00 1.273E-01
  3.543553E+00 1.540E-01
  3.543600E+00 1.868E-01
  3.543647E+00 2.274E-01
  3.543694E+00 2.784E-01
  3.543741E+00 3.434E-01
  3.543787E+00 4.278E-01
  3.543834E+00 5.402E-01
  3.543880E+00 6.956E-01
  3.543927E+00 9.230E-01
  3.543973E+00 1.290E+00
  3.544019E+00 2.006E+00
  3.544065E+00 4.199E+00
  3.544111E+00 2.879E+01
  3.544156E+00 3.123E+00
  3.544202E+00 1.665E+00
  3.544248E+00 2.008E+00
  3.544293E+00 2.508E+00
  3.544338E+00 2.931E+00
  3.544383E+00 3.147E+00
  3.544429E+00 3.112E+00
  3.544473E+00 2.881E+00
  3.544608E+00 1.883E+00
  3.544652E+00 1.606E+00
  3.544697E+00 1.374E+00
  3.544741E+00 1.183E+00
  3.544785E+00 1.025E+00
  3.544829E+00 8.946E-01
  3.544873E+00 7.864E-01
  3.544917E+00 6.959E-01
  3.545004E+00 5.551E-01
  3.545091E+00 4.526E-01
  3.545178E+00 3.763E-01
  3.545264E+00 3.186E-01
  3.545392E+00 2.566E-01
  3.545520E+00 2.160E-01
  3.545646E+00 1.918E-01
  3.545772E+00 1.820E-01
  3.545897E+00 1.867E-01
  3.545979E+00 1.989E-01
  3.546062E+00 2.195E-01
  3.546144E+00 2.505E-01
  3.546225E+00 2.941E-01
  3.546306E+00 3.536E-01
  3.546387E+00 4.336E-01
  3.546467E+00 5.400E-01
  3.546547E+00 6.800E-01
  3.546627E+00 8.623E-01
  3.546706E+00 1.094E+00
  3.546824E+00 1.510E+00
  3.546863E+00 1.619E+00
  3.546902E+00 1.612E+00
  3.546941E+00 1.231E+00
  3.546980E+00 4.156E-01
  3.547019E+00 1.104E+00
  3.547057E+00 2.087E+00
  3.547096E+00 2.629E+00
  3.547135E+00 2.945E+00
  3.547173E+00 3.135E+00
  3.547211E+00 3.234E+00
  3.547288E+00 3.224E+00
  3.547364E+00 3.016E+00
  3.547665E+00 1.712E+00
  3.547776E+00 1.315E+00
  3.547886E+00 9.825E-01
  3.547996E+00 7.052E-01
  3.548033E+00 6.290E-01
  3.548069E+00 5.700E-01
  3.548105E+00 5.464E-01
  3.548141E+00 6.065E-01
  3.548178E+00 8.983E-01
  3.548214E+00 1.991E+00
  3.548249E+00 7.107E+00
  3.548285E+00 3.999E+01
  3.548321E+00 2.586E+01
  3.548357E+00 9.505E+00
  3.548392E+00 5.270E+00
  3.548428E+00 3.595E+00
  3.548463E+00 2.738E+00
  3.548499E+00 2.226E+00
  3.548534E+00 1.886E+00
  3.548569E+00 1.645E+00
  3.548604E+00 1.463E+00
  3.548674E+00 1.205E+00
  3.548744E+00 1.029E+00
  3.548848E+00 8.434E-01
  3.548985E+00 6.739E-01
  3.549155E+00 5.252E-01
  3.549357E+00 3.940E-01
  3.549589E+00 2.757E-01
  3.549817E+00 1.791E-01
  3.550010E+00 1.089E-01
  3.550137E+00 6.854E-02
  3.550200E+00 5.081E-02
  3.550263E+00 3.509E-02
  3.550294E+00 2.813E-02
  3.550326E+00 2.186E-02
  3.550357E+00 1.638E-02
  3.550388E+00 1.177E-02
  3.550419E+00 8.163E-03
  3.550450E+00 5.700E-03
  3.550481E+00 4.544E-03
  3.550512E+00 4.891E-03
  3.550543E+00 6.970E-03
  3.550573E+00 1.105E-02
  3.550604E+00 1.747E-02
  3.550635E+00 2.659E-02
  3.550665E+00 3.889E-02
  3.550695E+00 5.492E-02
  3.550726E+00 7.535E-02
  3.550756E+00 1.010E-01
  3.550786E+00 1.328E-01
  3.550817E+00 1.720E-01
  3.550847E+00 2.202E-01
  3.550877E+00 2.790E-01
  3.550907E+00 3.509E-01
  3.550937E+00 4.388E-01
  3.550967E+00 5.463E-01
  3.550996E+00 6.781E-01
  3.551026E+00 8.404E-01
  3.551056E+00 1.041E+00
  3.551085E+00 1.290E+00
  3.551115E+00 1.602E+00
  3.551144E+00 1.995E+00
  3.551174E+00 2.493E+00
  3.551203E+00 3.131E+00
  3.551233E+00 3.953E+00
  3.551262E+00 5.021E+00
  3.551291E+00 6.415E+00
  3.551320E+00 8.238E+00
  3.551349E+00 1.061E+01
  3.551378E+00 1.364E+01
  3.551407E+00 1.740E+01
  3.551436E+00 2.200E+01
  3.551465E+00 2.875E+01
  3.551493E+00 5.919E+01
  3.551522E+00 1.260E+02
  3.551551E+00 3.352E+01
  3.551579E+00 2.455E+01
  3.551608E+00 2.016E+01
  3.551636E+00 1.693E+01
  3.551664E+00 1.434E+01
  3.551693E+00 1.224E+01
  3.551721E+00 1.054E+01
  3.551749E+00 9.161E+00
  3.551777E+00 8.027E+00
  3.551805E+00 7.091E+00
  3.551861E+00 5.658E+00
  3.551917E+00 4.631E+00
  3.551973E+00 3.873E+00
  3.552028E+00 3.297E+00
  3.552110E+00 2.666E+00
  3.552192E+00 2.224E+00
  3.552274E+00 1.915E+00
  3.552355E+00 1.711E+00
  3.552435E+00 1.599E+00
  3.552515E+00 1.585E+00
  3.552594E+00 1.685E+00
  3.552647E+00 1.831E+00
  3.552699E+00 2.060E+00
  3.552752E+00 2.392E+00
  3.552804E+00 2.860E+00
  3.552855E+00 3.504E+00
  3.552907E+00 4.380E+00
  3.552933E+00 4.925E+00
  3.552984E+00 6.282E+00
  3.553010E+00 7.112E+00
  3.553061E+00 9.099E+00
  3.553111E+00 1.135E+01
  3.553137E+00 1.218E+01
  3.553162E+00 1.168E+01
  3.553187E+00 7.088E+00
  3.553212E+00 1.439E+01
  3.553237E+00 2.258E+01
  3.553262E+00 2.645E+01
  3.553312E+00 3.203E+01
  3.553362E+00 3.613E+01
  3.553412E+00 3.825E+01
  3.553461E+00 3.814E+01
  3.553534E+00 3.481E+01
  3.553729E+00 2.145E+01
  3.553848E+00 1.451E+01
  3.553920E+00 1.107E+01
  3.553943E+00 1.024E+01
  3.553967E+00 9.812E+00
  3.553991E+00 1.028E+01
  3.554014E+00 1.285E+01
  3.554038E+00 2.094E+01
  3.554061E+00 4.658E+01
  3.554084E+00 1.472E+02
  3.554108E+00 6.822E+02
  3.554131E+00 8.268E+02
  3.554154E+00 3.106E+02
  3.554177E+00 1.644E+02
  3.554201E+00 1.093E+02
  3.554224E+00 8.236E+01
  3.554247E+00 6.690E+01
  3.554270E+00 5.704E+01
  3.554293E+00 5.027E+01
  3.554316E+00 4.537E+01
  3.554361E+00 3.882E+01
  3.554407E+00 3.468E+01
  3.554475E+00 3.081E+01
  3.554565E+00 2.790E+01
  3.554699E+00 2.591E+01
  3.554853E+00 2.554E+01
  3.555026E+00 2.690E+01
  3.555176E+00 2.965E+01
  3.555323E+00 3.438E+01
  3.555427E+00 3.959E+01
  3.555510E+00 4.544E+01
  3.555592E+00 5.362E+01
  3.555653E+00 6.199E+01
  3.555714E+00 7.333E+01
  3.555774E+00 8.916E+01
  3.555814E+00 1.035E+02
  3.555854E+00 1.222E+02
  3.555894E+00 1.475E+02
  3.555934E+00 1.825E+02
  3.555973E+00 2.324E+02
  3.555993E+00 2.655E+02
  3.556012E+00 3.058E+02
  3.556032E+00 3.551E+02
  3.556052E+00 4.151E+02
  3.556091E+00 5.709E+02
  3.556130E+00 7.476E+02
  3.556149E+00 8.074E+02
  3.556168E+00 8.180E+02
  3.556188E+00 7.708E+02
  3.556207E+00 6.898E+02
  3.556226E+00 6.671E+02
  3.556245E+00 1.563E+03
  3.556265E+00 5.455E+03
  3.556284E+00 1.045E+03
  3.556303E+00 5.531E+02
  3.556322E+00 3.750E+02
  3.556341E+00 2.788E+02
  3.556360E+00 2.171E+02
  3.556379E+00 1.739E+02
  3.556398E+00 1.421E+02
  3.556417E+00 1.178E+02
  3.556436E+00 9.894E+01
  3.556454E+00 8.391E+01
  3.556473E+00 7.179E+01
  3.556492E+00 6.188E+01
  3.556529E+00 4.686E+01
  3.556548E+00 4.111E+01
  3.556585E+00 3.211E+01
  3.556622E+00 2.550E+01
  3.556659E+00 2.056E+01
  3.556696E+00 1.681E+01
  3.556733E+00 1.395E+01
  3.556769E+00 1.175E+01
  3.556806E+00 1.007E+01
  3.556860E+00 8.290E+00
  3.556914E+00 7.211E+00
  3.556968E+00 6.702E+00
  3.557021E+00 6.704E+00
  3.557074E+00 7.219E+00
  3.557127E+00 8.296E+00
  3.557180E+00 1.002E+01
  3.557232E+00 1.244E+01
  3.557284E+00 1.494E+01
  3.557301E+00 1.507E+01
  3.557318E+00 1.352E+01
  3.557336E+00 1.369E+01
  3.557353E+00 3.090E+01
  3.557370E+00 3.314E+01
  3.557455E+00 3.975E+01
  3.557489E+00 4.025E+01
  3.557523E+00 3.845E+01
  3.557557E+00 3.478E+01
  3.557657E+00 2.078E+01
  3.557690E+00 1.687E+01
  3.557723E+00 1.356E+01
  3.557756E+00 1.081E+01
  3.557805E+00 7.532E+00
  3.557838E+00 5.838E+00
  3.557854E+00 5.141E+00
  3.557871E+00 4.567E+00
  3.557887E+00 4.166E+00
  3.557903E+00 4.038E+00
  3.557919E+00 4.414E+00
  3.557935E+00 5.848E+00
  3.557952E+00 9.875E+00
  3.557968E+00 2.170E+01
  3.557984E+00 6.505E+01
  3.558000E+00 2.542E+02
  3.558016E+00 2.413E+02
  3.558032E+00 9.344E+01
  3.558048E+00 4.853E+01
  3.558064E+00 3.098E+01
  3.558079E+00 2.226E+01
  3.558095E+00 1.720E+01
  3.558111E+00 1.393E+01
  3.558127E+00 1.166E+01
  3.558143E+00 9.998E+00
  3.558158E+00 8.720E+00
  3.558174E+00 7.709E+00
  3.558190E+00 6.886E+00
  3.558221E+00 5.624E+00
  3.558252E+00 4.696E+00
  3.558299E+00 3.681E+00
  3.558345E+00 2.944E+00
  3.558392E+00 2.382E+00
  3.558437E+00 1.939E+00
  3.558498E+00 1.476E+00
  3.558559E+00 1.115E+00
  3.558619E+00 8.289E-01
  3.558663E+00 6.513E-01
  3.558723E+00 4.541E-01
  3.558752E+00 3.702E-01
  3.558796E+00 2.607E-01
  3.558825E+00 1.979E-01
  3.558869E+00 1.189E-01
  3.558898E+00 7.648E-02
  3.558912E+00 5.851E-02
  3.558927E+00 4.283E-02
  3.558941E+00 2.957E-02
  3.558956E+00 1.887E-02
  3.558970E+00 1.094E-02
  3.558984E+00 6.013E-03
  3.558999E+00 4.377E-03
  3.559013E+00 6.384E-03
  3.559027E+00 1.246E-02
  3.559042E+00 2.312E-02
  3.559056E+00 3.898E-02
  3.559070E+00 6.082E-02
  3.559084E+00 8.955E-02
  3.559098E+00 1.263E-01
  3.559112E+00 1.726E-01
  3.559126E+00 2.300E-01
  3.559140E+00 3.008E-01
  3.559155E+00 3.877E-01
  3.559169E+00 4.942E-01
  3.559183E+00 6.247E-01
  3.559197E+00 7.850E-01
  3.559211E+00 9.823E-01
  3.559224E+00 1.226E+00
  3.559238E+00 1.530E+00
  3.559252E+00 1.910E+00
  3.559266E+00 2.388E+00
  3.559280E+00 2.995E+00
  3.559294E+00 3.769E+00
  3.559308E+00 4.762E+00
  3.559321E+00 6.033E+00
  3.559335E+00 7.645E+00
  3.559349E+00 9.639E+00
  3.559376E+00 1.444E+01
  3.559390E+00 1.657E+01
  3.559403E+00 1.773E+01
  3.559417E+00 1.749E+01
  3.559431E+00 1.599E+01
  3.559444E+00 1.385E+01
  3.559458E+00 1.195E+01
  3.559471E+00 1.209E+01
  3.559485E+00 2.719E+01
  3.559498E+00 3.126E+02
  3.559512E+00 4.991E+01
  3.559525E+00 2.072E+01
  3.559538E+00 1.305E+01
  3.559552E+00 9.579E+00
  3.559565E+00 7.559E+00
  3.559579E+00 6.217E+00
  3.559592E+00 5.250E+00
  3.559605E+00 4.517E+00
  3.559618E+00 3.940E+00
  3.559645E+00 3.090E+00
  3.559671E+00 2.495E+00
  3.559698E+00 2.058E+00
  3.559724E+00 1.726E+00
  3.559763E+00 1.360E+00
  3.559802E+00 1.100E+00
  3.559841E+00 9.134E-01
  3.559879E+00 7.818E-01
  3.559918E+00 6.949E-01
  3.559956E+00 6.481E-01
  3.559994E+00 6.413E-01
  3.560032E+00 6.785E-01
  3.560057E+00 7.315E-01
  3.560082E+00 8.113E-01
  3.560107E+00 9.220E-01
  3.560132E+00 1.068E+00
  3.560194E+00 1.538E+00
  3.560206E+00 1.584E+00
  3.560219E+00 1.536E+00
  3.560231E+00 1.981E+00
  3.560243E+00 4.693E+00
  3.560255E+00 4.449E+00
  3.560268E+00 4.429E+00
  3.560292E+00 4.841E+00
  3.560328E+00 5.602E+00
  3.560352E+00 5.865E+00
  3.560377E+00 5.798E+00
  3.560401E+00 5.417E+00
  3.560437E+00 4.504E+00
  3.560484E+00 3.213E+00
  3.560531E+00 2.180E+00
  3.560567E+00 1.592E+00
  3.560590E+00 1.274E+00
  3.560614E+00 1.017E+00
  3.560625E+00 9.156E-01
  3.560637E+00 8.418E-01
  3.560648E+00 8.107E-01
  3.560660E+00 8.543E-01
  3.560672E+00 1.044E+00
  3.560683E+00 1.559E+00
  3.560695E+00 2.914E+00
  3.560706E+00 6.970E+00
  3.560718E+00 2.264E+01
  3.560729E+00 6.880E+01
  3.560741E+00 3.860E+01
  3.560752E+00 1.675E+01
  3.560764E+00 9.488E+00
  3.560775E+00 6.359E+00
  3.560786E+00 4.710E+00
  3.560798E+00 3.716E+00
  3.560809E+00 3.060E+00
  3.560820E+00 2.596E+00
  3.560832E+00 2.251E+00
  3.560843E+00 1.984E+00
  3.560854E+00 1.771E+00
  3.560877E+00 1.451E+00
  3.560899E+00 1.220E+00
  3.560933E+00 9.706E-01
  3.560966E+00 7.905E-01
  3.560999E+00 6.525E-01
  3.561044E+00 5.105E-01
  3.561087E+00 4.000E-01
  3.561142E+00 2.915E-01
  3.561185E+00 2.215E-01
  3.561217E+00 1.764E-01
  3.561260E+00 1.247E-01
  3.561292E+00 9.146E-02
  3.561313E+00 7.185E-02
  3.561334E+00 5.430E-02
  3.561355E+00 3.890E-02
  3.561376E+00 2.584E-02
  3.561397E+00 1.542E-02
  3.561407E+00 1.133E-02
  3.561418E+00 8.094E-03
  3.561428E+00 5.794E-03
  3.561439E+00 4.542E-03
  3.561449E+00 4.473E-03
  3.561459E+00 5.748E-03
  3.561470E+00 8.562E-03
  3.561480E+00 1.315E-02
  3.561490E+00 1.981E-02
  3.561501E+00 2.890E-02
  3.561511E+00 4.085E-02
  3.561521E+00 5.622E-02
  3.561531E+00 7.568E-02
  3.561542E+00 1.001E-01
  3.561552E+00 1.305E-01
  3.561562E+00 1.684E-01
  3.561572E+00 2.155E-01
  3.561582E+00 2.741E-01
  3.561593E+00 3.473E-01
  3.561603E+00 4.390E-01
  3.561613E+00 5.547E-01
  3.561623E+00 7.014E-01
  3.561633E+00 8.887E-01
  3.561643E+00 1.129E+00
  3.561653E+00 1.440E+00
  3.561663E+00 1.842E+00
  3.561673E+00 2.358E+00
  3.561691E+00 3.575E+00
  3.571681E+00 9.641E-02
  3.571691E+00 3.270E-01
  3.596634E+00 5.660E-02
  3.621577E+00 3.096E-02
  3.646521E+00 2.377E-02
  3.671464E+00 2.025E-02
  3.696407E+00 1.781E-02
  3.721351E+00 1.607E-02
  3.771237E+00 1.392E-02
  3.846067E+00 1.173E-02
  3.895954E+00 1.098E-02
  4.095500E+00 1.019E-02
  4.768970E+00 8.032E-03
  5.342666E+00 6.332E-03
  5.816589E+00 4.961E-03
  6.016135E+00 4.620E-03
  6.137671E+00 4.351E-03
  6.261657E+00 4.098E-03
  6.388150E+00 3.859E-03
  6.517202E+00 3.634E-03
  6.648859E+00 3.423E-03
  6.783173E+00 3.223E-03
  6.920199E+00 3.036E-03
  7.059998E+00 2.859E-03
  7.202619E+00 2.692E-03
  7.348125E+00 2.536E-03
  7.496565E+00 2.388E-03
  7.648005E+00 2.249E-03
  7.802507E+00 2.118E-03
  7.960127E+00 1.995E-03
  8.120930E+00 1.878E-03
  8.284986E+00 1.769E-03
  8.452353E+00 1.666E-03
  8.623104E+00 1.569E-03
  8.797298E+00 1.478E-03
  8.975021E+00 1.392E-03
  9.156324E+00 1.310E-03
  9.341293E+00 1.234E-03
  9.530003E+00 1.162E-03
  9.722523E+00 1.095E-03
  9.918926E+00 1.031E-03
  1.011931E+01 9.708E-04
  1.032373E+01 9.143E-04
  1.053228E+01 8.610E-04
  1.074505E+01 8.109E-04
  1.096211E+01 7.637E-04
  1.118356E+01 7.192E-04
  1.140948E+01 6.773E-04
  1.163997E+01 6.379E-04
  1.187512E+01 6.007E-04
  1.211501E+01 5.657E-04
  1.235975E+01 5.328E-04
  1.260943E+01 5.018E-04
  1.286416E+01 4.726E-04
  1.312403E+01 4.450E-04
  1.338916E+01 4.191E-04
  1.365963E+01 3.947E-04
  1.393558E+01 3.717E-04
  1.421709E+01 3.501E-04
  1.450430E+01 3.297E-04
  1.479731E+01 3.105E-04
  1.509623E+01 2.924E-04
  1.540119E+01 2.754E-04
  1.571232E+01 2.593E-04
  1.602972E+01 2.442E-04
  1.635355E+01 2.300E-04
  1.668390E+01 2.166E-04
  1.702095E+01 2.040E-04
  1.736478E+01 1.921E-04
  1.771558E+01 1.809E-04
  1.807346E+01 1.704E-04
  1.843857E+01 1.605E-04
  1.881104E+01 1.511E-04
  1.919106E+01 1.423E-04
  1.957874E+01 1.340E-04
  1.997426E+01 1.262E-04
  2.037776E+01 1.189E-04
  2.078943E+01 1.120E-04
  2.120940E+01 1.054E-04
  2.163786E+01 9.930E-05
  2.207495E+01 9.352E-05
  2.252092E+01 8.807E-05
  2.297586E+01 8.294E-05
  2.344000E+01 7.811E-05