  1.233899E-02 1.415E+02
  1.234896E-02 1.298E+02
  6.363368E-02 2.472E+00
  1.136145E-01 4.789E-01
  1.623352E-01 1.599E-01
  2.098378E-01 6.929E-02
  2.561627E-01 3.502E-02
  3.013483E-01 1.964E-02
  3.454318E-01 1.192E-02
  3.884488E-01 7.710E-03
  4.304332E-01 5.256E-03
  4.714180E-01 3.737E-03
  5.114347E-01 2.743E-03
  5.505133E-01 2.061E-03
  5.886832E-01 1.576E-03
  6.259721E-01 1.221E-03
  6.624071E-01 9.580E-04
  6.980140E-01 7.606E-04
  7.328177E-01 6.118E-04
  7.668421E-01 4.992E-04
  8.001105E-01 4.137E-04
  8.326449E-01 3.481E-04
  8.644669E-01 2.972E-04
  8.955970E-01 2.572E-04
  9.260553E-01 2.250E-04
  9.850322E-01 1.762E-04
  1.041543E+00 1.399E-04
  1.121980E+00 9.878E-05
  1.172900E+00 7.775E-05
  1.221789E+00 6.105E-05
  1.268755E+00 4.819E-05
  1.313897E+00 3.856E-05
  1.357309E+00 3.153E-05
  1.399077E+00 2.649E-05
  1.439283E+00 2.291E-05
  1.496832E+00 1.937E-05
  1.568779E+00 1.650E-05
  1.713048E+00 1.162E-05
  1.861803E+00 5.576E-06
  1.909614E+00 3.912E-06
  1.943544E+00 2.935E-06
  1.975932E+00 2.175E-06
  2.006869E+00 1.603E-06
  2.026731E+00 1.309E-06
  2.046009E+00 1.075E-06
  2.064728E+00 8.906E-07
  2.082908E+00 7.484E-07
  2.100570E+00 6.416E-07
  2.117733E+00 5.647E-07
  2.134416E+00 5.133E-07
  2.158579E+00 4.760E-07
  2.181758E+00 4.783E-07
  2.204006E+00 5.138E-07
  2.225372E+00 5.776E-07
  2.252567E+00 7.003E-07
  2.278376E+00 8.605E-07
  2.308829E+00 1.107E-06
  2.342935E+00 1.467E-06
  2.374619E+00 1.903E-06
  2.404107E+00 2.439E-06
  2.427145E+00 2.997E-06
  2.448898E+00 3.707E-06
  2.469461E+00 4.644E-06
  2.485112E+00 5.637E-06
  2.500095E+00 6.949E-06
  2.510917E+00 8.229E-06
  2.521400E+00 9.866E-06
  2.531558E+00 1.200E-05
  2.541403E+00 1.483E-05
  2.550949E+00 1.869E-05
  2.557153E+00 2.210E-05
  2.563233E+00 2.643E-05
  2.569191E+00 3.206E-05
  2.575032E+00 3.952E-05
  2.580758E+00 4.969E-05
  2.583579E+00 5.620E-05
  2.586372E+00 6.398E-05
  2.589138E+00 7.338E-05
  2.591878E+00 8.487E-05
  2.594590E+00 9.910E-05
  2.597277E+00 1.170E-04
  2.599938E+00 1.399E-04
  2.602573E+00 1.698E-04
  2.605183E+00 2.098E-04
  2.607768E+00 2.650E-04
  2.610329E+00 3.438E-04
  2.612866E+00 4.619E-04
  2.615378E+00 6.494E-04
  2.617867E+00 9.724E-04
  2.620333E+00 1.597E-03
  2.622775E+00 3.039E-03
  2.625195E+00 7.533E-03
  2.627592E+00 3.033E-02
  2.629967E+00 3.917E-02
  2.632321E+00 9.411E-03
  2.634652E+00 3.690E-03
  2.636962E+00 1.939E-03
  2.639251E+00 1.196E-03
  2.641519E+00 8.138E-04
  2.643767E+00 5.920E-04
  2.645994E+00 4.518E-04
  2.648201E+00 3.574E-04
  2.650388E+00 2.908E-04
  2.652556E+00 2.420E-04
  2.654704E+00 2.051E-04
  2.656832E+00 1.766E-04
  2.658942E+00 1.540E-04
  2.661034E+00 1.359E-04
  2.665161E+00 1.088E-04
  2.669216E+00 8.974E-05
  2.673200E+00 7.588E-05
  2.679047E+00 6.118E-05
  2.684745E+00 5.107E-05
  2.692117E+00 4.185E-05
  2.700987E+00 3.436E-05
  2.711154E+00 2.871E-05
  2.722398E+00 2.467E-05
  2.735952E+00 2.169E-05
  2.752595E+00 1.982E-05
  2.771366E+00 1.930E-05
  2.788174E+00 2.013E-05
  2.799407E+00 2.188E-05
  2.805181E+00 2.389E-05
  2.808901E+00 2.654E-05
  2.810724E+00 2.890E-05
  2.811626E+00 3.061E-05
  2.812522E+00 3.294E-05
  2.813412E+00 3.629E-05
  2.814297E+00 4.151E-05
  2.815175E+00 5.060E-05
  2.816047E+00 6.978E-05
  2.816914E+00 1.283E-04
  2.817775E+00 6.809E-04
  2.818630E+00 5.587E-04
  2.819480E+00 4.222E-05
  2.820324E+00 1.617E-05
  2.821163E+00 1.209E-05
  2.821996E+00 1.162E-05
  2.823646E+00 1.256E-05
  2.827678E+00 1.504E-05
  2.833109E+00 1.700E-05
  2.843970E+00 1.906E-05
  2.861179E+00 2.115E-05
  2.865210E+00 2.261E-05
  2.867991E+00 2.493E-05
  2.869622E+00 2.739E-05
  2.871226E+00 3.126E-05
  2.872280E+00 3.508E-05
  2.873323E+00 4.038E-05
  2.874353E+00 4.785E-05
  2.875373E+00 5.858E-05
  2.875878E+00 6.567E-05
  2.876381E+00 7.431E-05
  2.876881E+00 8.492E-05
  2.877378E+00 9.805E-05
  2.877872E+00 1.145E-04
  2.878364E+00 1.352E-04
  2.878853E+00 1.617E-04
  2.879339E+00 1.961E-04
  2.879823E+00 2.415E-04
  2.880304E+00 3.026E-04
  2.880782E+00 3.869E-04
  2.881258E+00 5.067E-04
  2.881732E+00 6.830E-04
  2.882202E+00 9.550E-04
  2.882670E+00 1.401E-03
  2.883136E+00 2.193E-03
  2.883599E+00 3.778E-03
  2.884060E+00 7.570E-03
  2.884518E+00 1.973E-02
  2.884974E+00 7.363E-02
  2.885427E+00 6.916E-02
  2.885878E+00 2.100E-02
  2.886326E+00 9.262E-03
  2.886772E+00 5.238E-03
  2.887216E+00 3.419E-03
  2.887658E+00 2.444E-03
  2.888097E+00 1.860E-03
  2.888533E+00 1.480E-03
  2.888968E+00 1.219E-03
  2.889400E+00 1.031E-03
  2.889830E+00 8.908E-04
  2.890258E+00 7.832E-04
  2.890683E+00 6.987E-04
  2.891527E+00 5.759E-04
  2.892363E+00 4.927E-04
  2.893189E+00 4.342E-04
  2.894414E+00 3.782E-04
  2.894818E+00 3.680E-04
  2.895219E+00 3.665E-04
  2.895619E+00 3.980E-04
  2.896017E+00 9.428E-03
  2.896413E+00 2.607E-04
  2.897198E+00 2.626E-04
  2.901378E+00 2.228E-04
  2.904984E+00 2.068E-04
  2.908751E+00 2.050E-04
  2.912006E+00 2.169E-04
  2.913886E+00 2.347E-04
  2.915412E+00 2.635E-04
  2.916311E+00 2.950E-04
  2.916904E+00 3.289E-04
  2.917198E+00 3.528E-04
  2.917490E+00 3.844E-04
  2.917782E+00 4.281E-04
  2.918072E+00 4.927E-04
  2.918361E+00 6.043E-04
  2.918648E+00 7.079E-02
  2.918934E+00 9.072E-04
  2.919219E+00 1.600E-03
  2.919503E+00 4.501E-03
  2.919785E+00 4.610E-01
  2.920066E+00 3.533E-03
  2.920345E+00 5.889E-04
  2.920624E+00 2.011E-04
  2.920901E+00 1.040E-04
  2.921177E+00 7.507E-05
  2.921451E+00 6.780E-05
  2.921725E+00 6.843E-05
  2.922268E+00 7.684E-05
  2.923604E+00 1.001E-04
  2.925169E+00 1.197E-04
  2.927933E+00 1.421E-04
  2.933080E+00 1.687E-04
  2.937361E+00 1.807E-04
  2.939569E+00 1.768E-04
  2.940924E+00 1.646E-04
  2.942056E+00 1.476E-04
  2.942242E+00 1.467E-04
  2.942427E+00 1.491E-04
  2.942611E+00 1.580E-04
  2.942795E+00 1.809E-04
  2.942978E+00 2.356E-04
  2.943160E+00 3.701E-04
  2.943342E+00 7.416E-04
  2.943523E+00 2.029E-03
  2.943703E+00 8.100E-03
  2.943882E+00 1.391E-02
  2.944061E+00 5.473E-03
  2.944239E+00 2.783E-03
  2.944417E+00 1.814E-03
  2.944593E+00 1.360E-03
  2.944769E+00 1.109E-03
  2.944945E+00 9.545E-04
  2.945119E+00 8.521E-04
  2.945293E+00 7.809E-04
  2.945639E+00 6.926E-04
  2.945982E+00 6.455E-04
  2.946492E+00 6.208E-04
  2.946829E+00 6.308E-04
  2.947163E+00 6.716E-04
  2.947329E+00 7.128E-04
  2.947494E+00 7.817E-04
  2.947659E+00 9.071E-04
  2.947823E+00 1.179E-03
  2.947987E+00 2.033E-03
  2.948150E+00 1.161E-02
  2.948312E+00 4.476E-03
  2.948474E+00 4.977E-04
  2.948635E+00 2.913E-04
  2.948796E+00 2.745E-04
  2.948955E+00 2.859E-04
  2.949273E+00 3.269E-04
  2.949432E+00 3.749E-04
  2.949589E+00 3.568E-03
  2.949746E+00 2.722E-04
  2.949902E+00 2.979E-04
  2.950213E+00 3.211E-04
  2.951132E+00 3.494E-04
  2.952764E+00 3.670E-04
  2.953911E+00 3.578E-04
  2.954472E+00 3.349E-04
  2.954749E+00 3.121E-04
  2.955025E+00 2.739E-04
  2.955162E+00 2.456E-04
  2.955434E+00 1.754E-04
  2.955570E+00 2.696E-04
  2.955705E+00 5.813E-03
  2.955839E+00 7.290E-03
  2.955973E+00 1.964E-03
  2.956107E+00 1.256E-03
  2.956240E+00 1.003E-03
  2.956373E+00 8.771E-04
  2.956505E+00 8.034E-04
  2.956636E+00 7.557E-04
  2.956898E+00 6.994E-04
  2.957417E+00 6.506E-04
  2.958433E+00 6.266E-04
  2.959298E+00 6.106E-04
  2.959420E+00 5.992E-04
  2.959542E+00 5.744E-04
  2.959663E+00 4.976E-04
  2.959783E+00 6.110E-03
  2.959904E+00 8.384E-04
  2.960024E+00 7.552E-04
  2.960262E+00 7.193E-04
  2.960968E+00 7.176E-04
  2.962892E+00 7.970E-04
  2.964710E+00 9.284E-04
  2.965933E+00 1.073E-03
  2.966820E+00 1.246E-03
  2.967397E+00 1.431E-03
  2.967776E+00 1.622E-03
  2.968057E+00 1.835E-03
  2.968335E+00 2.164E-03
  2.968519E+00 2.509E-03
  2.968611E+00 2.748E-03
  2.968702E+00 3.058E-03
  2.968793E+00 3.472E-03
  2.968884E+00 4.053E-03
  2.968974E+00 4.914E-03
  2.969064E+00 6.297E-03
  2.969154E+00 8.781E-03
  2.969244E+00 1.405E-02
  2.969333E+00 2.850E-02
  2.969422E+00 7.453E-02
  2.969511E+00 5.332E-02
  2.969600E+00 1.460E-02
  2.969688E+00 5.591E-03
  2.969776E+00 2.874E-03
  2.969864E+00 1.867E-03
  2.969951E+00 1.480E-03
  2.970038E+00 1.387E-03
  2.970125E+00 1.491E-03
  2.970212E+00 1.826E-03
  2.970298E+00 2.651E-03
  2.970384E+00 5.438E-03
  2.970470E+00 4.860E-02
  2.970555E+00 7.956E-03
  2.970641E+00 4.889E-04
  2.970726E+00 6.058E-05
  2.970811E+00 5.486E-05
  2.970895E+00 1.099E-04
  2.971063E+00 2.315E-04
  2.971231E+00 3.361E-04
  2.971726E+00 6.100E-04
  2.971808E+00 6.679E-04
  2.971889E+00 7.419E-04
  2.971971E+00 8.496E-04
  2.972052E+00 1.042E-03
  2.972132E+00 1.543E-03
  2.972213E+00 5.675E-03
  2.972293E+00 1.546E-03
  2.972373E+00 2.643E-04
  2.972533E+00 3.940E-04
  2.972612E+00 4.444E-04
  2.972770E+00 5.143E-04
  2.973005E+00 5.794E-04
  2.973315E+00 6.278E-04
  2.973622E+00 6.389E-04
  2.973774E+00 6.208E-04
  2.973849E+00 5.987E-04
  2.973925E+00 5.582E-04
  2.974000E+00 4.762E-04
  2.974075E+00 3.004E-04
  2.974150E+00 3.814E-03
  2.974224E+00 1.208E-03
  2.974299E+00 9.702E-04
  2.974373E+00 8.772E-04
  2.974520E+00 7.774E-04
  2.974885E+00 5.694E-04
  2.974958E+00 5.578E-04
  2.975030E+00 6.801E-04
  2.975102E+00 1.521E-03
  2.975174E+00 1.021E-02
  2.975245E+00 5.244E-01
  2.975317E+00 1.458E-02
  2.975388E+00 6.327E-03
  2.975459E+00 4.226E-03
  2.975529E+00 3.335E-03
  2.975600E+00 2.858E-03
  2.975670E+00 2.568E-03
  2.975740E+00 2.376E-03
  2.975880E+00 2.145E-03
  2.976088E+00 1.973E-03
  2.976431E+00 1.860E-03
  2.977234E+00 1.774E-03
  2.977365E+00 1.719E-03
  2.977430E+00 1.663E-03
  2.977496E+00 1.561E-03
  2.977560E+00 1.347E-03
  2.977625E+00 7.870E-04
  2.977690E+00 7.822E-03
  2.977754E+00 3.169E-03
  2.977819E+00 2.674E-03
  2.977883E+00 2.500E-03
  2.978010E+00 2.372E-03
  2.978326E+00 2.337E-03
  2.979067E+00 2.532E-03
  2.979901E+00 2.941E-03
  2.980534E+00 3.435E-03
  2.981039E+00 4.056E-03
  2.981368E+00 4.686E-03
  2.981639E+00 5.469E-03
  2.981853E+00 6.414E-03
  2.982012E+00 7.466E-03
  2.982118E+00 8.450E-03
  2.982223E+00 9.806E-03
  2.982275E+00 1.069E-02
  2.982327E+00 1.179E-02
  2.982379E+00 1.315E-02
  2.982431E+00 1.491E-02
  2.982482E+00 1.722E-02
  2.982534E+00 2.040E-02
  2.982585E+00 2.496E-02
  2.982636E+00 3.191E-02
  2.982688E+00 4.338E-02
  2.982739E+00 6.464E-02
  2.982789E+00 1.114E-01
  2.982840E+00 2.442E-01
  2.982891E+00 6.732E-01
  2.982941E+00 5.031E-01
  2.982992E+00 1.524E-01
  2.983042E+00 6.201E-02
  2.983092E+00 3.206E-02
  2.983142E+00 1.952E-02
  2.983192E+00 1.356E-02
  2.983242E+00 1.064E-02
  2.983291E+00 9.481E-03
  2.983341E+00 9.744E-03
  2.983390E+00 1.196E-02
  2.983439E+00 1.914E-02
  2.983488E+00 5.481E-02
  2.983537E+00 1.475E+02
  2.983586E+00 2.808E-02
  2.983635E+00 4.492E-03
  2.983683E+00 1.143E-03
  2.983732E+00 2.992E-04
  2.983780E+00 6.072E-05
  2.983828E+00 1.809E-05
  2.983876E+00 4.907E-05
  2.983924E+00 1.096E-04
  2.984020E+00 2.572E-04
  2.984162E+00 4.774E-04
  2.984351E+00 7.302E-04
  2.984583E+00 9.825E-04
  2.984630E+00 7.111E-04
  2.984676E+00 1.044E-03
  2.984859E+00 1.170E-03
  2.985040E+00 1.227E-03
  2.985175E+00 1.206E-03
  2.985265E+00 1.138E-03
  2.985309E+00 1.078E-03
  2.985353E+00 9.914E-04
  2.985398E+00 8.644E-04
  2.985442E+00 6.770E-04
  2.985486E+00 4.153E-04
  2.985530E+00 5.444E-04
  2.985574E+00 2.386E+00
  2.985618E+00 9.004E-03
  2.985661E+00 4.451E-03
  2.985705E+00 3.302E-03
  2.985748E+00 2.780E-03
  2.985792E+00 2.477E-03
  2.985835E+00 2.282E-03
  2.985878E+00 2.167E-03
  2.985921E+00 2.159E-03
  2.985964E+00 2.365E-03
  2.986007E+00 3.139E-03
  2.986049E+00 5.852E-03
  2.986092E+00 1.862E-02
  2.986134E+00 2.113E-01
  2.986177E+00 3.234E-01
  2.986219E+00 4.741E-02
  2.986261E+00 2.277E-02
  2.986303E+00 1.520E-02
  2.986345E+00 1.177E-02
  2.986387E+00 9.884E-03
  2.986429E+00 8.716E-03
  2.986471E+00 7.935E-03
  2.986512E+00 7.384E-03
  2.986595E+00 6.676E-03
  2.986718E+00 6.112E-03
  2.986922E+00 5.713E-03
  2.987441E+00 5.359E-03
  2.987559E+00 5.020E-03
  2.987598E+00 4.772E-03
  2.987637E+00 4.357E-03
  2.987675E+00 3.591E-03
  2.987714E+00 2.405E-03
  2.987753E+00 1.455E-01
  2.987791E+00 1.437E-02
  2.987830E+00 1.033E-02
  2.987868E+00 9.102E-03
  2.987906E+00 8.538E-03
  2.987983E+00 8.056E-03
  2.988134E+00 7.859E-03
  2.988469E+00 8.273E-03
  2.988906E+00 9.456E-03
  2.989296E+00 1.114E-02
  2.989608E+00 1.325E-02
  2.989846E+00 1.575E-02
  2.990014E+00 1.842E-02
  2.990147E+00 2.152E-02
  2.990245E+00 2.483E-02
  2.990344E+00 2.959E-02
  2.990409E+00 3.410E-02
  2.990474E+00 4.041E-02
  2.990506E+00 4.459E-02
  2.990538E+00 4.977E-02
  2.990570E+00 5.631E-02
  2.990602E+00 6.478E-02
  2.990634E+00 7.611E-02
  2.990666E+00 9.182E-02
  2.990698E+00 1.147E-01
  2.990730E+00 1.501E-01
  2.990762E+00 2.099E-01
  2.990794E+00 3.235E-01
  2.990825E+00 5.823E-01
  2.990857E+00 1.352E+00
  2.990888E+00 3.635E+00
  2.990920E+00 2.181E+00
  2.990951E+00 6.972E-01
  2.990982E+00 3.002E-01
  2.991013E+00 1.609E-01
  2.991044E+00 9.989E-02
  2.991076E+00 6.958E-02
  2.991107E+00 5.383E-02
  2.991137E+00 4.647E-02
  2.991168E+00 4.561E-02
  2.991199E+00 5.281E-02
  2.991230E+00 7.815E-02
  2.991260E+00 1.869E-01
  2.991291E+00 3.675E+00
  2.991322E+00 2.880E-01
  2.991352E+00 4.058E-02
  2.991382E+00 1.231E-02
  2.991413E+00 4.819E-03
  2.991443E+00 2.119E-03
  2.991473E+00 1.003E-03
  2.991503E+00 5.294E-04
  2.991533E+00 3.513E-04
  2.991563E+00 3.216E-04
  2.991593E+00 3.698E-04
  2.991623E+00 4.594E-04
  2.991683E+00 6.891E-04
  2.991742E+00 9.215E-04
  2.991801E+00 1.105E-03
  2.991830E+00 1.161E-03
  2.991860E+00 1.176E-03
  2.991889E+00 1.124E-03
  2.991918E+00 9.541E-04
  2.991947E+00 5.572E-04
  2.991977E+00 9.825E-04
  2.992006E+00 2.269E-02
  2.992035E+00 6.367E-03
  2.992063E+00 4.684E-03
  2.992092E+00 4.113E-03
  2.992121E+00 3.840E-03
  2.992207E+00 3.476E-03
  2.992293E+00 3.148E-03
  2.992349E+00 2.777E-03
  2.992378E+00 2.505E-03
  2.992406E+00 2.148E-03
  2.992434E+00 1.678E-03
  2.992462E+00 1.073E-03
  2.992490E+00 4.271E-04
  2.992518E+00 1.078E-03
  2.992546E+00 4.011E-02
  2.992574E+00 1.958E-01
  2.992601E+00 3.331E-02
  2.992629E+00 1.888E-02
  2.992657E+00 1.415E-02
  2.992684E+00 1.197E-02
  2.992712E+00 1.093E-02
  2.992739E+00 1.074E-02
  2.992767E+00 1.163E-02
  2.992794E+00 1.464E-02
  2.992821E+00 2.328E-02
  2.992849E+00 5.239E-02
  2.992876E+00 2.172E-01
  2.992903E+00 2.133E+01
  2.992930E+00 5.743E-01
  2.992957E+00 1.603E-01
  2.992984E+00 8.669E-02
  2.993011E+00 5.990E-02
  2.993038E+00 4.683E-02
  2.993065E+00 3.934E-02
  2.993091E+00 3.459E-02
  2.993118E+00 3.137E-02
  2.993171E+00 2.738E-02
  2.993224E+00 2.510E-02
  2.993303E+00 2.321E-02
  2.993434E+00 2.186E-02
  2.993768E+00 2.076E-02
  2.993844E+00 1.961E-02
  2.993869E+00 1.881E-02
  2.993894E+00 1.757E-02
  2.993919E+00 1.553E-02
  2.993944E+00 1.211E-02
  2.993969E+00 1.392E-02
  2.993994E+00 3.956E-01
  2.994019E+00 6.599E-02
  2.994043E+00 4.634E-02
  2.994068E+00 4.007E-02
  2.994093E+00 3.717E-02
  2.994142E+00 3.467E-02
  2.994240E+00 3.366E-02
  2.994433E+00 3.551E-02
  2.994694E+00 4.106E-02
  2.994926E+00 4.886E-02
  2.995109E+00 5.802E-02
  2.995266E+00 6.976E-02
  2.995377E+00 8.192E-02
  2.995465E+00 9.557E-02
  2.995553E+00 1.152E-01
  2.995618E+00 1.367E-01
  2.995661E+00 1.565E-01
  2.995704E+00 1.830E-01
  2.995747E+00 2.204E-01
  2.995768E+00 2.454E-01
  2.995789E+00 2.764E-01
  2.995811E+00 3.158E-01
  2.995832E+00 3.671E-01
  2.995853E+00 4.361E-01
  2.995874E+00 5.326E-01
  2.995895E+00 6.741E-01
  2.995917E+00 8.955E-01
  2.995938E+00 1.273E+00
  2.995959E+00 2.003E+00
  2.995980E+00 3.701E+00
  2.996000E+00 8.878E+00
  2.996021E+00 2.318E+01
  2.996042E+00 1.248E+01
  2.996063E+00 4.127E+00
  2.996084E+00 1.834E+00
  2.996104E+00 1.005E+00
  2.996125E+00 6.338E-01
  2.996146E+00 4.457E-01
  2.996166E+00 3.460E-01
  2.996187E+00 2.979E-01
  2.996208E+00 2.899E-01
  2.996228E+00 3.317E-01
  2.996248E+00 4.839E-01
  2.996269E+00 1.126E+00
  2.996289E+00 1.670E+01
  2.996310E+00 2.318E+00
  2.996330E+00 3.202E-01
  2.996350E+00 1.036E-01
  2.996370E+00 4.507E-02
  2.996390E+00 2.278E-02
  2.996411E+00 1.266E-02
  2.996431E+00 7.592E-03
  2.996451E+00 4.946E-03
  2.996471E+00 3.573E-03
  2.996491E+00 2.916E-03
  2.996511E+00 2.679E-03
  2.996531E+00 2.690E-03
  2.996551E+00 2.842E-03
  2.996610E+00 3.504E-03
  2.996630E+00 3.624E-03
  2.996649E+00 3.601E-03
  2.996669E+00 3.352E-03
  2.996689E+00 2.748E-03
  2.996708E+00 1.622E-03
  2.996728E+00 2.608E-04
  2.996747E+00 1.808E-02
  2.996767E+00 3.598E-01
  2.996786E+00 5.269E-02
  2.996805E+00 3.223E-02
  2.996825E+00 2.575E-02
  2.996844E+00 2.268E-02
  2.996863E+00 2.088E-02
  2.996959E+00 1.561E-02
  2.996978E+00 1.430E-02
  2.996997E+00 1.267E-02
  2.997016E+00 1.064E-02
  2.997035E+00 8.097E-03
  2.997054E+00 4.976E-03
  2.997073E+00 1.629E-03
  2.997092E+00 9.546E-04
  2.997111E+00 2.919E-02
  2.997130E+00 1.021E+00
  2.997148E+00 1.120E+00
  2.997167E+00 2.588E-01
  2.997186E+00 1.503E-01
  2.997204E+00 1.140E-01
  2.997223E+00 9.890E-02
  2.997242E+00 9.512E-02
  2.997260E+00 1.023E-01
  2.997279E+00 1.276E-01
  2.997297E+00 1.967E-01
  2.997316E+00 4.098E-01
  2.997334E+00 1.423E+00
  2.997352E+00 2.984E+01
  2.997371E+00 7.683E+00
  2.997389E+00 1.593E+00
  2.997407E+00 7.840E-01
  2.997426E+00 5.161E-01
  2.997444E+00 3.919E-01
  2.997462E+00 3.231E-01
  2.997480E+00 2.806E-01
  2.997498E+00 2.524E-01
  2.997516E+00 2.328E-01
  2.997552E+00 2.081E-01
  2.997606E+00 1.898E-01
  2.997678E+00 1.807E-01
  2.997801E+00 1.815E-01
  2.997958E+00 1.884E-01
  2.998009E+00 1.832E-01
  2.998027E+00 1.782E-01
  2.998044E+00 1.698E-01
  2.998061E+00 1.558E-01
  2.998078E+00 1.322E-01
  2.998095E+00 1.013E-01
  2.998112E+00 1.032E+00
  2.998129E+00 1.565E+00
  2.998146E+00 6.297E-01
  2.998163E+00 4.812E-01
  2.998180E+00 4.271E-01
  2.998196E+00 4.018E-01
  2.998230E+00 3.828E-01
  2.998280E+00 3.833E-01
  2.998380E+00 4.197E-01
  2.998495E+00 4.935E-01
  2.998608E+00 6.007E-01
  2.998704E+00 7.284E-01
  2.998784E+00 8.714E-01
  2.998862E+00 1.063E+00
  2.998940E+00 1.328E+00
  2.999002E+00 1.622E+00
  2.999048E+00 1.913E+00
  2.999094E+00 2.295E+00
  2.999140E+00 2.808E+00
  2.999185E+00 3.526E+00
  2.999215E+00 4.179E+00
  2.999245E+00 5.043E+00
  2.999275E+00 6.225E+00
  2.999290E+00 6.988E+00
  2.999305E+00 7.910E+00
  2.999320E+00 9.037E+00
  2.999335E+00 1.044E+01
  2.999350E+00 1.222E+01
  2.999364E+00 1.452E+01
  2.999379E+00 1.758E+01
  2.999394E+00 2.178E+01
  2.999409E+00 2.778E+01
  2.999423E+00 3.679E+01
  2.999438E+00 5.122E+01
  2.999453E+00 7.650E+01
  2.999467E+00 1.268E+02
  2.999482E+00 2.476E+02
  2.999497E+00 6.301E+02
  2.999511E+00 1.698E+03
  2.999526E+00 9.239E+02
  2.999540E+00 3.264E+02
  2.999555E+00 1.550E+02
  2.999569E+00 9.053E+01
  2.999584E+00 6.083E+01
  2.999598E+00 4.557E+01
  2.999612E+00 3.768E+01
  2.999627E+00 3.456E+01
  2.999641E+00 3.589E+01
  2.999655E+00 4.395E+01
  2.999670E+00 6.908E+01
  2.999684E+00 1.754E+02
  2.999698E+00 2.999E+03
  2.999712E+00 4.234E+02
  2.999727E+00 6.708E+01
  2.999741E+00 2.499E+01
  2.999755E+00 1.268E+01
  2.999769E+00 7.579E+00
  2.999783E+00 5.035E+00
  2.999797E+00 3.625E+00
  2.999811E+00 2.804E+00
  2.999825E+00 2.334E+00
  2.999839E+00 2.102E+00
  2.999853E+00 2.061E+00
  2.999867E+00 2.195E+00
  2.999881E+00 2.520E+00
  2.999895E+00 3.082E+00
  2.999909E+00 3.971E+00
  2.999923E+00 5.352E+00
  2.999937E+00 7.532E+00
  2.999950E+00 1.113E+01
  2.999964E+00 1.750E+01
  2.999978E+00 3.016E+01
  2.999992E+00 6.030E+01
  3.000005E+00 1.626E+02
  3.000019E+00 1.067E+03
  3.000033E+00 4.318E+03
  3.000046E+00 2.840E+02
  3.000060E+00 9.541E+01
  3.000074E+00 4.771E+01
  3.000087E+00 2.859E+01
  3.000101E+00 1.895E+01
  3.000114E+00 1.337E+01
  3.000128E+00 9.811E+00
  3.000141E+00 7.376E+00
  3.000155E+00 5.613E+00
  3.000168E+00 4.273E+00
  3.000182E+00 3.210E+00
  3.000195E+00 2.335E+00
  3.000209E+00 1.587E+00
  3.000222E+00 9.350E-01
  3.000235E+00 3.794E-01
  3.000249E+00 1.961E-02
  3.000262E+00 4.092E-01
  3.000275E+00 5.718E+00
  3.000288E+00 1.572E+02
  3.000302E+00 1.163E+02
  3.000315E+00 2.439E+01
  3.000328E+00 1.273E+01
  3.000341E+00 8.808E+00
  3.000354E+00 7.117E+00
  3.000367E+00 6.531E+00
  3.000381E+00 6.901E+00
  3.000394E+00 8.750E+00
  3.000407E+00 1.421E+01
  3.000420E+00 3.341E+01
  3.000433E+00 1.748E+02
  3.000446E+00 3.778E+03
  3.000459E+00 1.045E+02
  3.000472E+00 3.522E+01
  3.000485E+00 1.899E+01
  3.000497E+00 1.254E+01
  3.000510E+00 9.245E+00
  3.000523E+00 7.295E+00
  3.000536E+00 6.023E+00
  3.000549E+00 5.132E+00
  3.000562E+00 4.475E+00
  3.000574E+00 3.971E+00
  3.000587E+00 3.572E+00
  3.000613E+00 2.979E+00
  3.000638E+00 2.558E+00
  3.000676E+00 2.110E+00
  3.000714E+00 1.793E+00
  3.000764E+00 1.484E+00
  3.000838E+00 1.151E+00
  3.000912E+00 8.615E-01
  3.000936E+00 7.385E-01
  3.000949E+00 6.583E-01
  3.000961E+00 5.545E-01
  3.000973E+00 4.224E-01
  3.000985E+00 6.051E-01
  3.000997E+00 5.749E+01
  3.001009E+00 3.039E+00
  3.001021E+00 1.816E+00
  3.001033E+00 1.447E+00
  3.001045E+00 1.266E+00
  3.001057E+00 1.156E+00
  3.001081E+00 1.023E+00
  3.001117E+00 9.097E-01
  3.001176E+00 7.992E-01
  3.001270E+00 6.965E-01
  3.001386E+00 6.256E-01
  3.001511E+00 5.961E-01
  3.001612E+00 6.128E-01
  3.001689E+00 6.675E-01
  3.001744E+00 7.494E-01
  3.001788E+00 8.660E-01
  3.001820E+00 1.011E+00
  3.001842E+00 1.157E+00
  3.001863E+00 1.371E+00
  3.001874E+00 1.519E+00
  3.001885E+00 1.708E+00
  3.001895E+00 1.955E+00
  3.001906E+00 2.288E+00
  3.001917E+00 2.754E+00
  3.001927E+00 3.438E+00
  3.001938E+00 4.509E+00
  3.001949E+00 6.337E+00
  3.001959E+00 9.870E+00
  3.001970E+00 1.810E+01
  3.001980E+00 4.320E+01
  3.001991E+00 1.084E+02
  3.002001E+00 5.490E+01
  3.002012E+00 1.814E+01
  3.002022E+00 8.025E+00
  3.002033E+00 4.358E+00
  3.002043E+00 2.714E+00
  3.002054E+00 1.878E+00
  3.002064E+00 1.430E+00
  3.002075E+00 1.204E+00
  3.002085E+00 1.144E+00
  3.002095E+00 1.279E+00
  3.002106E+00 1.840E+00
  3.002116E+00 4.319E+00
  3.002127E+00 7.706E+01
  3.002137E+00 7.810E+00
  3.002147E+00 1.174E+00
  3.012339E+00 8.821E-01
  3.012349E+00 1.312E+00
  3.016467E+00 7.540E-01
  3.020539E+00 4.951E-01
  3.024566E+00 3.535E-01
  3.028549E+00 2.672E-01
  3.032488E+00 2.106E-01
  3.036384E+00 1.713E-01
  3.040238E+00 1.428E-01
  3.044050E+00 1.214E-01
  3.047821E+00 1.049E-01
  3.051551E+00 9.181E-02
  3.055242E+00 8.129E-02
  3.062505E+00 6.548E-02
  3.069615E+00 5.425E-02
  3.076575E+00 4.591E-02
  3.086746E+00 3.683E-02
  3.096605E+00 3.035E-02
  3.109284E+00 2.420E-02
  3.121460E+00 1.984E-02
  3.136008E+00 1.596E-02
  3.152547E+00 1.275E-02
  3.170670E+00 1.023E-02
  3.189965E+00 8.301E-03
  3.212170E+00 6.720E-03
  3.236326E+00 5.530E-03
  3.261522E+00 4.722E-03
  3.283952E+00 4.330E-03
  3.301273E+00 4.301E-03
  3.311955E+00 4.516E-03
  3.319551E+00 4.923E-03
  3.324428E+00 5.430E-03
  3.327993E+00 6.037E-03
  3.331479E+00 6.966E-03
  3.334891E+00 8.346E-03
  3.339325E+00 1.046E-02
  3.340414E+00 1.074E-02
  3.341495E+00 1.079E-02
  3.343635E+00 1.025E-02
  3.346787E+00 8.877E-03
  3.348852E+00 8.420E-03
  3.349874E+00 8.459E-03
  3.350888E+00 8.739E-03
  3.351896E+00 9.351E-03
  3.352896E+00 1.048E-02
  3.353889E+00 1.252E-02
  3.354876E+00 1.650E-02
  3.355856E+00 2.564E-02
  3.356829E+00 5.512E-02
  3.357795E+00 2.626E-01
  3.358755E+00 2.247E-01
  3.359708E+00 3.547E-02
  3.360655E+00 1.308E-02
  3.361595E+00 7.142E-03
  3.362529E+00 4.893E-03
  3.363457E+00 3.867E-03
  3.364378E+00 3.345E-03
  3.365293E+00 3.063E-03
  3.366202E+00 2.907E-03
  3.368001E+00 2.781E-03
  3.371529E+00 2.812E-03
  3.377482E+00 3.135E-03
  3.382371E+00 3.576E-03
  3.386303E+00 4.118E-03
  3.389359E+00 4.752E-03
  3.391601E+00 5.425E-03
  3.393801E+00 6.378E-03
  3.395245E+00 7.257E-03
  3.396671E+00 8.437E-03
  3.398079E+00 1.007E-02
  3.399470E+00 1.240E-02
  3.400159E+00 1.395E-02
  3.400844E+00 1.583E-02
  3.401525E+00 1.812E-02
  3.402202E+00 2.089E-02
  3.403542E+00 2.777E-02
  3.404207E+00 3.141E-02
  3.404867E+00 3.436E-02
  3.405523E+00 3.564E-02
  3.406176E+00 3.457E-02
  3.406824E+00 3.132E-02
  3.408109E+00 2.215E-02
  3.408746E+00 1.796E-02
  3.409379E+00 1.451E-02
  3.410008E+00 1.178E-02
  3.410634E+00 9.663E-03
  3.411256E+00 8.030E-03
  3.411874E+00 6.768E-03
  3.412488E+00 5.788E-03
  3.413099E+00 5.020E-03
  3.413707E+00 4.415E-03
  3.414310E+00 3.934E-03
  3.414910E+00 3.548E-03
  3.416100E+00 2.985E-03
  3.417276E+00 2.611E-03
  3.419015E+00 2.267E-03
  3.420723E+00 2.077E-03
  3.422956E+00 1.960E-03
  3.426211E+00 1.940E-03
  3.430384E+00 2.068E-03
  3.434861E+00 2.362E-03
  3.437725E+00 2.690E-03
  3.438660E+00 2.872E-03
  3.439123E+00 3.009E-03
  3.439584E+00 3.228E-03
  3.440042E+00 3.703E-03
  3.440498E+00 5.665E-03
  3.440952E+00 2.369E-01
  3.441403E+00 5.878E-03
  3.441852E+00 3.674E-03
  3.442298E+00 3.408E-03
  3.442742E+00 3.389E-03
  3.444060E+00 3.616E-03
  3.446210E+00 4.265E-03
  3.447891E+00 5.015E-03
  3.449129E+00 5.784E-03
  3.450347E+00 6.829E-03
  3.451547E+00 8.309E-03
  3.452337E+00 9.671E-03
  3.453118E+00 1.149E-02
  3.453892E+00 1.401E-02
  3.454276E+00 1.565E-02
  3.454658E+00 1.764E-02
  3.455038E+00 2.012E-02
  3.455417E+00 2.334E-02
  3.455793E+00 2.785E-02
  3.456167E+00 3.534E-02
  3.456540E+00 5.304E-02
  3.456911E+00 1.422E-01
  3.457279E+00 1.380E+00
  3.457647E+00 1.424E-01
  3.458012E+00 6.824E-02
  3.458375E+00 5.014E-02
  3.458737E+00 4.119E-02
  3.459096E+00 3.485E-02
  3.459454E+00 2.972E-02
  3.459811E+00 2.543E-02
  3.460165E+00 2.187E-02
  3.460518E+00 1.896E-02
  3.460869E+00 1.661E-02
  3.461218E+00 1.471E-02
  3.461566E+00 1.320E-02
  3.461912E+00 1.200E-02
  3.462599E+00 1.031E-02
  3.463279E+00 9.316E-03
  3.463952E+00 8.816E-03
  3.464950E+00 8.750E-03
  3.465934E+00 9.372E-03
  3.466904E+00 1.069E-02
  3.467860E+00 1.284E-02
  3.468490E+00 1.488E-02
  3.469114E+00 1.750E-02
  3.470039E+00 2.265E-02
  3.471552E+00 3.247E-02
  3.472147E+00 3.476E-02
  3.473322E+00 3.583E-02
  3.473612E+00 3.869E-02
  3.473901E+00 6.102E-02
  3.474188E+00 4.847E-02
  3.474475E+00 1.919E-02
  3.475325E+00 2.057E-02
  3.475606E+00 2.143E-02
  3.475886E+00 2.295E-02
  3.476165E+00 2.554E-02
  3.476442E+00 2.988E-02
  3.476718E+00 3.738E-02
  3.476993E+00 5.118E-02
  3.477266E+00 7.980E-02
  3.477538E+00 1.533E-01
  3.477809E+00 4.360E-01
  3.478079E+00 2.178E+00
  3.478348E+00 6.974E-01
  3.478615E+00 2.848E-01
  3.478881E+00 1.031E-01
  3.479146E+00 5.226E-02
  3.479410E+00 3.323E-02
  3.479673E+00 2.350E-02
  3.479934E+00 1.781E-02
  3.480195E+00 1.417E-02
  3.480454E+00 1.171E-02
  3.480712E+00 9.954E-03
  3.480969E+00 8.663E-03
  3.481225E+00 7.685E-03
  3.481479E+00 6.926E-03
  3.481985E+00 5.847E-03
  3.482487E+00 5.139E-03
  3.483231E+00 4.484E-03
  3.483965E+00 4.123E-03
  3.484929E+00 3.926E-03
  3.485877E+00 3.966E-03
  3.486809E+00 4.219E-03
  3.487725E+00 4.725E-03
  3.488401E+00 5.338E-03
  3.489070E+00 6.263E-03
  3.489510E+00 7.150E-03
  3.489948E+00 8.377E-03
  3.490381E+00 1.014E-02
  3.490597E+00 1.132E-02
  3.490811E+00 1.280E-02
  3.491025E+00 1.466E-02
  3.491237E+00 1.706E-02
  3.491449E+00 2.021E-02
  3.491660E+00 2.441E-02
  3.491870E+00 3.007E-02
  3.492079E+00 3.765E-02
  3.492495E+00 5.773E-02
  3.492702E+00 6.469E-02
  3.492908E+00 6.256E-02
  3.493113E+00 5.159E-02
  3.493317E+00 3.819E-02
  3.493520E+00 2.709E-02
  3.493723E+00 1.921E-02
  3.493924E+00 1.390E-02
  3.494125E+00 1.036E-02
  3.494325E+00 7.985E-03
  3.494524E+00 6.377E-03
  3.494722E+00 5.289E-03
  3.494920E+00 4.564E-03
  3.495117E+00 4.106E-03
  3.495313E+00 3.855E-03
  3.495508E+00 3.778E-03
  3.495702E+00 3.864E-03
  3.495896E+00 4.118E-03
  3.496089E+00 4.571E-03
  3.496281E+00 5.282E-03
  3.496472E+00 6.360E-03
  3.496663E+00 8.006E-03
  3.496852E+00 1.059E-02
  3.497041E+00 1.485E-02
  3.497230E+00 2.220E-02
  3.497417E+00 3.515E-02
  3.497604E+00 5.456E-02
  3.497790E+00 6.581E-02
  3.497975E+00 5.176E-02
  3.498160E+00 3.256E-02
  3.498344E+00 2.039E-02
  3.498527E+00 1.357E-02
  3.498709E+00 9.650E-03
  3.498891E+00 7.268E-03
  3.499072E+00 5.744E-03
  3.499252E+00 4.726E-03
  3.499431E+00 4.024E-03
  3.499610E+00 3.528E-03
  3.499788E+00 3.170E-03
  3.499966E+00 2.910E-03
  3.500319E+00 2.586E-03
  3.500669E+00 2.428E-03
  3.501189E+00 2.389E-03
  3.501532E+00 2.487E-03
  3.501703E+00 2.602E-03
  3.501873E+00 2.820E-03
  3.502042E+00 3.303E-03
  3.502211E+00 4.754E-03
  3.502379E+00 1.289E-02
  3.502546E+00 4.486E-01
  3.502713E+00 2.147E-02
  3.502879E+00 8.621E-03
  3.503044E+00 6.145E-03
  3.503209E+00 5.307E-03
  3.503374E+00 4.980E-03
  3.503537E+00 4.875E-03
  3.503863E+00 4.981E-03
  3.504346E+00 5.573E-03
  3.504824E+00 6.608E-03
  3.505140E+00 7.622E-03
  3.505453E+00 9.033E-03
  3.505609E+00 9.953E-03
  3.505764E+00 1.107E-02
  3.505919E+00 1.245E-02
  3.506073E+00 1.418E-02
  3.506226E+00 1.638E-02
  3.506379E+00 1.923E-02
  3.506531E+00 2.295E-02
  3.506683E+00 2.782E-02
  3.506834E+00 3.401E-02
  3.507135E+00 4.776E-02
  3.507284E+00 5.027E-02
  3.507433E+00 4.628E-02
  3.507730E+00 2.889E-02
  3.507877E+00 2.188E-02
  3.508024E+00 1.704E-02
  3.508170E+00 1.396E-02
  3.508316E+00 1.217E-02
  3.508461E+00 1.143E-02
  3.508606E+00 1.176E-02
  3.508750E+00 1.681E-02
  3.508893E+00 1.216E-02
  3.509036E+00 1.593E-02
  3.509179E+00 2.250E-02
  3.509321E+00 3.629E-02
  3.509463E+00 7.361E-02
  3.509604E+00 2.495E-01
  3.509744E+00 3.683E+00
  3.509884E+00 2.348E-01
  3.510024E+00 7.282E-02
  3.510163E+00 1.995E-01
  3.510301E+00 8.195E-01
  3.510439E+00 1.473E-01
  3.510577E+00 6.820E-02
  3.510714E+00 4.415E-02
  3.510850E+00 3.338E-02
  3.510986E+00 2.759E-02
  3.511122E+00 2.415E-02
  3.511257E+00 2.200E-02
  3.511391E+00 2.064E-02
  3.511659E+00 1.932E-02
  3.511925E+00 1.912E-02
  3.512320E+00 2.009E-02
  3.512711E+00 2.216E-02
  3.513226E+00 2.636E-02
  3.513985E+00 3.422E-02
  3.514235E+00 3.547E-02
  3.514359E+00 3.507E-02
  3.514483E+00 3.350E-02
  3.514606E+00 3.032E-02
  3.514729E+00 2.529E-02
  3.514851E+00 1.946E-02
  3.514973E+00 1.939E-02
  3.515095E+00 4.858E-02
  3.515337E+00 2.351E-01
  3.515457E+00 2.586E-01
  3.515577E+00 2.443E-01
  3.515934E+00 1.800E-01
  3.516170E+00 1.462E-01
  3.516405E+00 1.205E-01
  3.516638E+00 1.027E-01
  3.516754E+00 9.685E-02
  3.516869E+00 9.308E-02
  3.516984E+00 9.166E-02
  3.517099E+00 9.307E-02
  3.517213E+00 9.823E-02
  3.517327E+00 1.088E-01
  3.517441E+00 1.282E-01
  3.517554E+00 1.634E-01
  3.517667E+00 2.316E-01
  3.517779E+00 3.821E-01
  3.517891E+00 8.032E-01
  3.518003E+00 2.545E+00
  3.518114E+00 5.231E+00
  3.518225E+00 1.421E+00
  3.518335E+00 5.141E-01
  3.518446E+00 2.557E-01
  3.518555E+00 1.514E-01
  3.518665E+00 1.058E-01
  3.518774E+00 1.475E-01
  3.518883E+00 8.587E-02
  3.518991E+00 6.125E-02
  3.519099E+00 4.837E-02
  3.519207E+00 4.006E-02
  3.519314E+00 3.418E-02
  3.519421E+00 2.980E-02
  3.519527E+00 2.643E-02
  3.519634E+00 2.378E-02
  3.519845E+00 1.992E-02
  3.520055E+00 1.733E-02
  3.520368E+00 1.492E-02
  3.520677E+00 1.366E-02
  3.520983E+00 1.323E-02
  3.521287E+00 1.352E-02
  3.521587E+00 1.458E-02
  3.521885E+00 1.659E-02
  3.522082E+00 1.866E-02
  3.522277E+00 2.156E-02
  3.522472E+00 2.564E-02
  3.522665E+00 3.151E-02
  3.522761E+00 3.540E-02
  3.522856E+00 4.014E-02
  3.522952E+00 4.597E-02
  3.523047E+00 5.309E-02
  3.523236E+00 7.081E-02
  3.523331E+00 7.686E-02
  3.523425E+00 6.650E-02
  3.523518E+00 5.477E-02
  3.523612E+00 9.899E-02
  3.523705E+00 1.500E-01
  3.523797E+00 1.861E-01
  3.523890E+00 1.997E-01
  3.523982E+00 1.888E-01
  3.524074E+00 1.618E-01
  3.524166E+00 1.305E-01
  3.524257E+00 1.023E-01
  3.524348E+00 7.975E-02
  3.524439E+00 6.246E-02
  3.524529E+00 4.943E-02
  3.524619E+00 3.960E-02
  3.524709E+00 3.213E-02
  3.524799E+00 2.639E-02
  3.524888E+00 2.193E-02
  3.524977E+00 1.842E-02
  3.525066E+00 1.562E-02
  3.525155E+00 1.338E-02
  3.525243E+00 1.157E-02
  3.525331E+00 1.009E-02
  3.525419E+00 8.874E-03
  3.525506E+00 7.878E-03
  3.525593E+00 7.060E-03
  3.525767E+00 5.849E-03
  3.525939E+00 5.094E-03
  3.526025E+00 4.873E-03
  3.526111E+00 4.766E-03
  3.526196E+00 4.803E-03
  3.526281E+00 5.056E-03
  3.526366E+00 5.698E-03
  3.526450E+00 7.208E-03
  3.526535E+00 1.125E-02
  3.526619E+00 2.643E-02
  3.526702E+00 1.180E-01
  3.526786E+00 6.429E-02
  3.526869E+00 2.044E-02
  3.526952E+00 1.131E-02
  3.527035E+00 8.210E-03
  3.527117E+00 6.846E-03
  3.527200E+00 6.165E-03
  3.527282E+00 5.805E-03
  3.527363E+00 5.615E-03
  3.527445E+00 5.551E-03
  3.527526E+00 5.799E-03
  3.527607E+00 8.600E-03
  3.527688E+00 1.000E-01
  3.527768E+00 5.469E-02
  3.527849E+00 2.424E-02
  3.527929E+00 1.937E-02
  3.528009E+00 1.835E-02
  3.528088E+00 1.868E-02
  3.528167E+00 1.979E-02
  3.528247E+00 2.152E-02
  3.528325E+00 2.387E-02
  3.528404E+00 2.687E-02
  3.528482E+00 3.061E-02
  3.528639E+00 4.025E-02
  3.528716E+00 4.556E-02
  3.528794E+00 4.996E-02
  3.528871E+00 5.184E-02
  3.528948E+00 4.985E-02
  3.529025E+00 4.416E-02
  3.529178E+00 2.894E-02
  3.529254E+00 2.252E-02
  3.529330E+00 1.758E-02
  3.529405E+00 1.398E-02
  3.529481E+00 1.143E-02
  3.529556E+00 9.681E-03
  3.529631E+00 8.536E-03
  3.529706E+00 7.847E-03
  3.529780E+00 7.518E-03
  3.529854E+00 7.486E-03
  3.529929E+00 7.717E-03
  3.530002E+00 8.205E-03
  3.530076E+00 8.966E-03
  3.530150E+00 1.005E-02
  3.530223E+00 1.156E-02
  3.530296E+00 1.365E-02
  3.530369E+00 1.662E-02
  3.530441E+00 2.103E-02
  3.530514E+00 2.795E-02
  3.530586E+00 3.975E-02
  3.530658E+00 6.239E-02
  3.530730E+00 1.143E-01
  3.530801E+00 2.770E-01
  3.530873E+00 1.304E+00
  3.530944E+00 6.746E+00
  3.531015E+00 6.991E-01
  3.531085E+00 2.446E-01
  3.531156E+00 1.331E-01
  3.531226E+00 8.979E-02
  3.531296E+00 6.880E-02
  3.531366E+00 5.735E-02
  3.531436E+00 5.069E-02
  3.531506E+00 4.676E-02
  3.531575E+00 4.451E-02
  3.531713E+00 4.309E-02
  3.531850E+00 4.418E-02
  3.532055E+00 4.885E-02
  3.532190E+00 5.389E-02
  3.532258E+00 5.758E-02
  3.532325E+00 6.389E-02
  3.532392E+00 8.188E-02
  3.532459E+00 1.687E-01
  3.532525E+00 1.475E-01
  3.532592E+00 9.627E-02
  3.532658E+00 8.242E-02
  3.532856E+00 6.254E-02
  3.532921E+00 5.422E-02
  3.532987E+00 4.855E-02
  3.533052E+00 6.040E-02
  3.533117E+00 1.366E-01
  3.533182E+00 3.790E-01
  3.533246E+00 7.758E-01
  3.533311E+00 9.737E-01
  3.533375E+00 9.174E-01
  3.533503E+00 6.847E-01
  3.533567E+00 5.924E-01
  3.533630E+00 5.169E-01
  3.533693E+00 4.544E-01
  3.533820E+00 3.595E-01
  3.533882E+00 3.240E-01
  3.533945E+00 2.953E-01
  3.534008E+00 2.728E-01
  3.534070E+00 2.563E-01
  3.534132E+00 2.459E-01
  3.534194E+00 2.422E-01
  3.534256E+00 2.466E-01
  3.534318E+00 2.620E-01
  3.534379E+00 2.938E-01
  3.534440E+00 3.531E-01
  3.534501E+00 4.651E-01
  3.534562E+00 6.947E-01
  3.534623E+00 1.250E+00
  3.534684E+00 3.053E+00
  3.534744E+00 1.085E+01
  3.534805E+00 7.633E+00
  3.534865E+00 2.223E+00
  3.534925E+00 9.671E-01
  3.534984E+00 5.366E-01
  3.535044E+00 3.414E-01
  3.535104E+00 2.353E-01
  3.535163E+00 1.886E-01
  3.535222E+00 2.656E-01
  3.535281E+00 1.682E-01
  3.535340E+00 1.293E-01
  3.535399E+00 1.071E-01
  3.535457E+00 9.199E-02
  3.535516E+00 8.079E-02
  3.535574E+00 7.213E-02
  3.535690E+00 5.968E-02
  3.535805E+00 5.130E-02
  3.535920E+00 4.548E-02
  3.536091E+00 3.989E-02
  3.536260E+00 3.700E-02
  3.536428E+00 3.627E-02
  3.536595E+00 3.770E-02
  3.536761E+00 4.174E-02
  3.536870E+00 4.640E-02
  3.536979E+00 5.334E-02
  3.537088E+00 6.360E-02
  3.537142E+00 7.048E-02
  3.537196E+00 7.893E-02
  3.537250E+00 8.937E-02
  3.537303E+00 1.023E-01
  3.537357E+00 1.185E-01
  3.537410E+00 1.388E-01
  3.537463E+00 1.642E-01
  3.537516E+00 1.968E-01
  3.537569E+00 2.456E-01
  3.537622E+00 4.008E-01
  3.537674E+00 1.300E+00
  3.537727E+00 6.924E-01
  3.537779E+00 4.843E-01
  3.537832E+00 3.811E-01
  3.537884E+00 2.998E-01
  3.537936E+00 2.329E-01
  3.537987E+00 1.799E-01
  3.538039E+00 1.394E-01
  3.538091E+00 1.089E-01
  3.538142E+00 8.595E-02
  3.538193E+00 6.856E-02
  3.538244E+00 5.524E-02
  3.538295E+00 4.491E-02
  3.538346E+00 3.681E-02
  3.538397E+00 3.037E-02
  3.538448E+00 2.520E-02
  3.538498E+00 2.099E-02
  3.538549E+00 1.754E-02
  3.538599E+00 1.468E-02
  3.538649E+00 1.230E-02
  3.538699E+00 1.030E-02
  3.538749E+00 8.640E-03
  3.538798E+00 7.276E-03
  3.538848E+00 6.225E-03
  3.538897E+00 5.594E-03
  3.538947E+00 5.756E-03
  3.538996E+00 8.048E-03
  3.539045E+00 1.857E-02
  3.539094E+00 6.942E-02
  3.539143E+00 9.126E-02
  3.539192E+00 3.895E-02
  3.539240E+00 2.132E-02
  3.539289E+00 1.437E-02
  3.539337E+00 1.092E-02
  3.539385E+00 8.945E-03
  3.539433E+00 7.724E-03
  3.539481E+00 6.945E-03
  3.539529E+00 6.455E-03
  3.539577E+00 6.177E-03
  3.539625E+00 6.075E-03
  3.539672E+00 6.185E-03
  3.539719E+00 1.250E-02
  3.539767E+00 6.193E-03
  3.539861E+00 7.000E-03
  3.539955E+00 8.233E-03
  3.540048E+00 1.001E-02
  3.540140E+00 1.251E-02
  3.540187E+00 1.418E-02
  3.540233E+00 1.665E-02
  3.540279E+00 2.474E-02
  3.540325E+00 2.534E-01
  3.540370E+00 1.324E-01
  3.540416E+00 1.713E-01
  3.540461E+00 9.530E-01
  3.540507E+00 1.356E-01
  3.540552E+00 7.222E-02
  3.540597E+00 5.337E-02
  3.540642E+00 4.135E-02
  3.540687E+00 3.173E-02
  3.540732E+00 2.406E-02
  3.540777E+00 1.827E-02
  3.540822E+00 1.410E-02
  3.540866E+00 1.121E-02
  3.540911E+00 9.282E-03
  3.540955E+00 8.059E-03
  3.540999E+00 7.358E-03
  3.541043E+00 7.048E-03
  3.541087E+00 7.038E-03
  3.541131E+00 7.266E-03
  3.541175E+00 7.690E-03
  3.541262E+00 9.035E-03
  3.541349E+00 1.098E-02
  3.541435E+00 1.356E-02
  3.541521E+00 1.693E-02
  3.541564E+00 1.901E-02
  3.541649E+00 2.431E-02
  3.541691E+00 2.779E-02
  3.541734E+00 3.209E-02
  3.541776E+00 3.759E-02
  3.541818E+00 4.489E-02
  3.541860E+00 5.505E-02
  3.541902E+00 7.005E-02
  3.541944E+00 9.402E-02
  3.541986E+00 1.365E-01
  3.542028E+00 2.240E-01
  3.542069E+00 4.531E-01
  3.542111E+00 1.409E+00
  3.542152E+00 1.562E+01
  3.542193E+00 4.190E+00
  3.542235E+00 9.439E-01
  3.542276E+00 4.428E-01
  3.542317E+00 2.807E-01
  3.542357E+00 2.100E-01
  3.542398E+00 1.742E-01
  3.542439E+00 1.549E-01
  3.542480E+00 1.445E-01
  3.542520E+00 1.394E-01
  3.542601E+00 1.391E-01
  3.542681E+00 1.471E-01
  3.542761E+00 1.633E-01
  3.542801E+00 1.772E-01
  3.542841E+00 2.017E-01
  3.542880E+00 2.598E-01
  3.542920E+00 4.647E-01
  3.542959E+00 1.099E+00
  3.542998E+00 6.252E-01
  3.543038E+00 3.522E-01
  3.543077E+00 3.087E-01
  3.543116E+00 4.590E-01
  3.543155E+00 1.251E+00
  3.543194E+00 3.562E+00
  3.543233E+00 4.004E+00
  3.543271E+00 2.903E+00
  3.543310E+00 2.212E+00
  3.543348E+00 1.804E+00
  3.543387E+00 1.576E+00
  3.543425E+00 1.396E+00
  3.543502E+00 1.132E+00
  3.543578E+00 9.321E-01
  3.543653E+00 7.751E-01
  3.543729E+00 6.575E-01
  3.543804E+00 5.791E-01
  3.543841E+00 5.554E-01
  3.543878E+00 5.433E-01
  3.543916E+00 5.450E-01
  3.543953E+00 5.643E-01
  3.543990E+00 6.082E-01
  3.544027E+00 6.894E-01
  3.544064E+00 8.332E-01
  3.544100E+00 1.094E+00
  3.544137E+00 1.604E+00
  3.544174E+00 2.757E+00
  3.544210E+00 6.121E+00
  3.544247E+00 2.044E+01
  3.544283E+00 3.176E+01
  3.544319E+00 8.792E+00
  3.544355E+00 3.419E+00
  3.544391E+00 1.775E+00
  3.544427E+00 1.084E+00
  3.544463E+00 7.717E-01
  3.544499E+00 1.085E+00
  3.544535E+00 9.824E-01
  3.544571E+00 6.016E-01
  3.544606E+00 4.483E-01
  3.544642E+00 3.628E-01
  3.544677E+00 3.065E-01
  3.544713E+00 2.661E-01
  3.544748E+00 2.357E-01
  3.544783E+00 2.118E-01
  3.544853E+00 1.773E-01
  3.544923E+00 1.540E-01
  3.545027E+00 1.318E-01
  3.545131E+00 1.196E-01
  3.545233E+00 1.149E-01
  3.545335E+00 1.172E-01
  3.545437E+00 1.277E-01
  3.545504E+00 1.410E-01
  3.545571E+00 1.616E-01
  3.545638E+00 1.934E-01
  3.545671E+00 2.154E-01
  3.545704E+00 2.433E-01
  3.545737E+00 2.792E-01
  3.545770E+00 3.263E-01
  3.545803E+00 3.900E-01
  3.545836E+00 4.806E-01
  3.545868E+00 6.224E-01
  3.545901E+00 8.956E-01
  3.545934E+00 1.761E+00
  3.545966E+00 7.324E+00
  3.545999E+00 2.526E+00
  3.546031E+00 1.369E+00
  3.546063E+00 1.102E+00
  3.546128E+00 7.564E-01
  3.546160E+00 6.022E-01
  3.546192E+00 4.732E-01
  3.546224E+00 3.713E-01
  3.546256E+00 2.929E-01
  3.546287E+00 2.330E-01
  3.546319E+00 1.870E-01
  3.546351E+00 1.515E-01
  3.546383E+00 1.237E-01
  3.546414E+00 1.017E-01
  3.546446E+00 8.408E-02
  3.546477E+00 6.974E-02
  3.546508E+00 5.794E-02
  3.546540E+00 4.810E-02
  3.546571E+00 3.979E-02
  3.546602E+00 3.267E-02
  3.546633E+00 2.648E-02
  3.546664E+00 2.102E-02
  3.546695E+00 1.620E-02
  3.546726E+00 1.221E-02
  3.546756E+00 1.068E-02
  3.546787E+00 2.236E-02
  3.546818E+00 9.442E-02
  3.546848E+00 8.679E-02
  3.546879E+00 4.935E-02
  3.546909E+00 3.300E-02
  3.546940E+00 2.460E-02
  3.546970E+00 1.951E-02
  3.547000E+00 1.609E-02
  3.547031E+00 1.364E-02
  3.547061E+00 1.182E-02
  3.547091E+00 1.047E-02
  3.547121E+00 9.477E-03
  3.547151E+00 8.843E-03
  3.547181E+00 9.804E-03
  3.547240E+00 7.917E-03
  3.547270E+00 7.949E-03
  3.547299E+00 8.234E-03
  3.547329E+00 8.739E-03
  3.547358E+00 9.469E-03
  3.547388E+00 1.045E-02
  3.547417E+00 1.171E-02
  3.547446E+00 1.330E-02
  3.547476E+00 1.528E-02
  3.547505E+00 1.775E-02
  3.547534E+00 2.082E-02
  3.547563E+00 2.472E-02
  3.547592E+00 2.984E-02
  3.547621E+00 3.723E-02
  3.547650E+00 5.018E-02
  3.547679E+00 8.201E-02
  3.547707E+00 2.391E-01
  3.547736E+00 9.004E-01
  3.547765E+00 1.805E+00
  3.547793E+00 3.379E-01
  3.547822E+00 1.235E-01
  3.547850E+00 6.613E-02
  3.547878E+00 4.302E-02
  3.547907E+00 3.180E-02
  3.547935E+00 2.590E-02
  3.547963E+00 2.279E-02
  3.547991E+00 2.134E-02
  3.548019E+00 2.094E-02
  3.548047E+00 2.129E-02
  3.548075E+00 2.218E-02
  3.548131E+00 2.522E-02
  3.548186E+00 2.961E-02
  3.548242E+00 3.523E-02
  3.548324E+00 4.618E-02
  3.548379E+00 5.554E-02
  3.548433E+00 6.712E-02
  3.548488E+00 8.176E-02
  3.548542E+00 1.010E-01
  3.548595E+00 1.277E-01
  3.548622E+00 1.456E-01
  3.548649E+00 1.684E-01
  3.548676E+00 1.983E-01
  3.548702E+00 2.395E-01
  3.548729E+00 2.999E-01
  3.548755E+00 3.959E-01
  3.548782E+00 5.655E-01
  3.548808E+00 9.166E-01
  3.548835E+00 1.853E+00
  3.548861E+00 5.989E+00
  3.548887E+00 7.906E+01
  3.548913E+00 1.270E+01
  3.548939E+00 3.160E+00
  3.548966E+00 1.555E+00
  3.548992E+00 1.025E+00
  3.549018E+00 7.954E-01
  3.549044E+00 6.829E-01
  3.549069E+00 6.271E-01
  3.549095E+00 6.030E-01
  3.549121E+00 5.992E-01
  3.549147E+00 6.105E-01
  3.549172E+00 6.349E-01
  3.549198E+00 6.736E-01
  3.549224E+00 7.324E-01
  3.549249E+00 8.277E-01
  3.549274E+00 1.006E+00
  3.549300E+00 1.427E+00
  3.549325E+00 2.801E+00
  3.549351E+00 6.962E+00
  3.549376E+00 6.861E+00
  3.549401E+00 1.745E+01
  3.549426E+00 2.067E+01
  3.549451E+00 1.071E+01
  3.549476E+00 7.104E+00
  3.549501E+00 5.611E+00
  3.549526E+00 4.845E+00
  3.549551E+00 4.374E+00
  3.549576E+00 3.996E+00
  3.549601E+00 3.813E+00
  3.549699E+00 2.870E+00
  3.549773E+00 2.287E+00
  3.549822E+00 1.993E+00
  3.549870E+00 1.795E+00
  3.549918E+00 1.713E+00
  3.549943E+00 1.729E+00
  3.549967E+00 1.796E+00
  3.549991E+00 1.934E+00
  3.550015E+00 2.178E+00
  3.550038E+00 2.593E+00
  3.550062E+00 3.309E+00
  3.550086E+00 4.619E+00
  3.550110E+00 7.291E+00
  3.550134E+00 1.382E+01
  3.550157E+00 3.565E+01
  3.550181E+00 1.281E+02
  3.550204E+00 7.832E+01
  3.550228E+00 2.350E+01
  3.550251E+00 1.041E+01
  3.550275E+00 5.852E+00
  3.550298E+00 4.059E+00
  3.550322E+00 5.268E+00
  3.550345E+00 6.307E+00
  3.550368E+00 3.475E+00
  3.550391E+00 2.380E+00
  3.550414E+00 1.839E+00
  3.550438E+00 1.509E+00
  3.550461E+00 1.285E+00
  3.550484E+00 1.122E+00
  3.550507E+00 9.985E-01
  3.550552E+00 8.244E-01
  3.550598E+00 7.102E-01
  3.550643E+00 6.328E-01
  3.550711E+00 5.616E-01
  3.550779E+00 5.293E-01
  3.550846E+00 5.304E-01
  3.550912E+00 5.685E-01
  3.550957E+00 6.212E-01
  3.551001E+00 7.059E-01
  3.551045E+00 8.398E-01
  3.551066E+00 9.346E-01
  3.551088E+00 1.057E+00
  3.551110E+00 1.217E+00
  3.551132E+00 1.434E+00
  3.551153E+00 1.741E+00
  3.551175E+00 2.206E+00
  3.551197E+00 2.997E+00
  3.551218E+00 4.686E+00
  3.551240E+00 1.046E+01
  3.551261E+00 4.689E+01
  3.551283E+00 1.351E+01
  3.551304E+00 6.110E+00
  3.551326E+00 4.875E+00
  3.551368E+00 3.776E+00
  3.551411E+00 2.546E+00
  3.551432E+00 2.030E+00
  3.551453E+00 1.615E+00
  3.551474E+00 1.291E+00
  3.551495E+00 1.041E+00
  3.551516E+00 8.466E-01
  3.551537E+00 6.950E-01
  3.551558E+00 5.752E-01
  3.551579E+00 4.794E-01
  3.551600E+00 4.018E-01
  3.551620E+00 3.380E-01
  3.551641E+00 2.850E-01
  3.551662E+00 2.402E-01
  3.551703E+00 1.679E-01
  3.551744E+00 1.091E-01
  3.551785E+00 5.421E-02
  3.551806E+00 4.912E-02
  3.551826E+00 1.977E-01
  3.551847E+00 2.078E-01
  3.551867E+00 1.497E-01
  3.551887E+00 1.150E-01
  3.551907E+00 9.282E-02
  3.551928E+00 7.713E-02
  3.551948E+00 6.525E-02
  3.551968E+00 5.594E-02
  3.551988E+00 4.862E-02
  3.552008E+00 4.318E-02
  3.552028E+00 4.073E-02
  3.552048E+00 5.434E-02
  3.552068E+00 1.616E-01
  3.552088E+00 2.425E-02
  3.552108E+00 1.942E-02
  3.552128E+00 1.720E-02
  3.552148E+00 1.577E-02
  3.552167E+00 1.490E-02
  3.552187E+00 1.453E-02
  3.552207E+00 1.466E-02
  3.552226E+00 1.531E-02
  3.552246E+00 1.648E-02
  3.552266E+00 1.822E-02
  3.552285E+00 2.059E-02
  3.552305E+00 2.374E-02
  3.552324E+00 2.806E-02
  3.552343E+00 3.458E-02
  3.552363E+00 4.589E-02
  3.552382E+00 6.819E-02
  3.552402E+00 1.168E-01
  3.552421E+00 2.366E-01
  3.552440E+00 6.142E-01
  3.552459E+00 2.660E+00
  3.552478E+00 8.202E+00
  3.552498E+00 1.751E+00
  3.552517E+00 6.868E-01
  3.552536E+00 3.954E-01
  3.552555E+00 2.801E-01
  3.552574E+00 2.257E-01
  3.552593E+00 1.983E-01
  3.552612E+00 1.849E-01
  3.552631E+00 1.800E-01
  3.552649E+00 1.805E-01
  3.552687E+00 1.925E-01
  3.552725E+00 2.151E-01
  3.552780E+00 2.655E-01
  3.552818E+00 3.104E-01
  3.552855E+00 3.658E-01
  3.552910E+00 4.741E-01
  3.552947E+00 5.688E-01
  3.552983E+00 6.896E-01
  3.553019E+00 8.484E-01
  3.553038E+00 9.485E-01
  3.553056E+00 1.068E+00
  3.553074E+00 1.213E+00
  3.553092E+00 1.394E+00
  3.553110E+00 1.629E+00
  3.553128E+00 1.943E+00
  3.553146E+00 2.390E+00
  3.553164E+00 3.070E+00
  3.553182E+00 4.208E+00
  3.553199E+00 6.388E+00
  3.553217E+00 1.153E+01
  3.553235E+00 2.915E+01
  3.553253E+00 1.826E+02
  3.553270E+00 2.869E+02
  3.553288E+00 3.984E+01
  3.553306E+00 1.647E+01
  3.553323E+00 1.013E+01
  3.553341E+00 7.655E+00
  3.553359E+00 6.560E+00
  3.553376E+00 6.101E+00
  3.553394E+00 6.006E+00
  3.553411E+00 6.171E+00
  3.553428E+00 6.576E+00
  3.553446E+00 7.275E+00
  3.553463E+00 8.442E+00
  3.553481E+00 1.054E+01
  3.553498E+00 1.493E+01
  3.553515E+00 2.658E+01
  3.553532E+00 7.110E+01
  3.553550E+00 2.807E+02
  3.553567E+00 1.999E+02
  3.553584E+00 8.621E+01
  3.553601E+00 5.438E+01
  3.553618E+00 4.246E+01
  3.553635E+00 3.698E+01
  3.553652E+00 3.407E+01
  3.553686E+00 3.092E+01
  3.553703E+00 1.410E+02
  3.553720E+00 2.930E+01
  3.553838E+00 2.002E+01
  3.553871E+00 1.808E+01
  3.553904E+00 1.692E+01
  3.553921E+00 1.671E+01
  3.553937E+00 1.684E+01
  3.553954E+00 1.738E+01
  3.553970E+00 1.848E+01
  3.553987E+00 2.038E+01
  3.554003E+00 2.350E+01
  3.554019E+00 2.862E+01
  3.554036E+00 3.729E+01
  3.554052E+00 5.292E+01
  3.554068E+00 8.436E+01
  3.554085E+00 1.597E+02
  3.554101E+00 4.022E+02
  3.554117E+00 1.472E+03
  3.554133E+00 1.205E+03
  3.554149E+00 3.541E+02
  3.554165E+00 1.541E+02
  3.554181E+00 8.741E+01
  3.554198E+00 6.558E+01
  3.554214E+00 1.003E+02
  3.554230E+00 1.049E+02
  3.554246E+00 5.819E+01
  3.554262E+00 3.975E+01
  3.554277E+00 3.071E+01
  3.554293E+00 2.533E+01
  3.554309E+00 2.174E+01
  3.554325E+00 1.918E+01
  3.554341E+00 1.727E+01
  3.554372E+00 1.465E+01
  3.554404E+00 1.302E+01
  3.554435E+00 1.201E+01
  3.554482E+00 1.127E+01
  3.554528E+00 1.130E+01
  3.554575E+00 1.213E+01
  3.554605E+00 1.324E+01
  3.554636E+00 1.501E+01
  3.554667E+00 1.774E+01
  3.554682E+00 1.964E+01
  3.554697E+00 2.205E+01
  3.554712E+00 2.514E+01
  3.554727E+00 2.917E+01
  3.554742E+00 3.459E+01
  3.554757E+00 4.212E+01
  3.554773E+00 5.314E+01
  3.554788E+00 7.060E+01
  3.554803E+00 1.022E+02
  3.554818E+00 1.746E+02
  3.554833E+00 4.449E+02
  3.554847E+00 2.068E+03
  3.554862E+00 5.123E+02
  3.554877E+00 2.237E+02
  3.554892E+00 1.800E+02
  3.554922E+00 1.604E+02
  3.554937E+00 1.443E+02
  3.554966E+00 1.048E+02
  3.554981E+00 8.745E+01
  3.554995E+00 7.314E+01
  3.555010E+00 6.164E+01
  3.555025E+00 5.249E+01
  3.555039E+00 4.519E+01
  3.555068E+00 3.456E+01
  3.555097E+00 2.738E+01
  3.555126E+00 2.224E+01
  3.555184E+00 1.462E+01
  3.555198E+00 1.255E+01
  3.555213E+00 9.820E+00
  3.555227E+00 6.085E+00
  3.555241E+00 1.049E+01
  3.555255E+00 1.984E+01
  3.555270E+00 1.897E+01
  3.555284E+00 1.755E+01
  3.555298E+00 1.653E+01
  3.555326E+00 1.546E+01
  3.555340E+00 1.536E+01
  3.555354E+00 1.569E+01
  3.555368E+00 1.696E+01
  3.555382E+00 2.196E+01
  3.555396E+00 1.056E+02
  3.555410E+00 2.870E+01
  3.555424E+00 1.339E+01
  3.555438E+00 1.248E+01
  3.555452E+00 1.264E+01
  3.555480E+00 1.378E+01
  3.555494E+00 1.470E+01
  3.555508E+00 1.594E+01
  3.555521E+00 1.759E+01
  3.555535E+00 1.981E+01
  3.555549E+00 2.275E+01
  3.555563E+00 2.667E+01
  3.555576E+00 3.179E+01
  3.555590E+00 3.815E+01
  3.555604E+00 4.570E+01
  3.555631E+00 6.407E+01
  3.555645E+00 7.781E+01
  3.555658E+00 1.029E+02
  3.555672E+00 1.622E+02
  3.555685E+00 3.552E+02
  3.555699E+00 1.343E+03
  3.555712E+00 1.851E+03
  3.555726E+00 3.679E+02
  3.555739E+00 1.460E+02
  3.555752E+00 8.261E+01
  3.555766E+00 5.598E+01
  3.555779E+00 4.227E+01
  3.555792E+00 3.424E+01
  3.555806E+00 2.913E+01
  3.555819E+00 2.566E+01
  3.555832E+00 2.321E+01
  3.555859E+00 2.007E+01
  3.555885E+00 1.827E+01
  3.555925E+00 1.689E+01
  3.555977E+00 1.644E+01
  3.556029E+00 1.709E+01
  3.556068E+00 1.834E+01
  3.556106E+00 2.058E+01
  3.556132E+00 2.303E+01
  3.556145E+00 2.475E+01
  3.556157E+00 2.698E+01
  3.556170E+00 2.996E+01
  3.556183E+00 3.412E+01
  3.556195E+00 4.026E+01
  3.556208E+00 5.000E+01
  3.556221E+00 6.718E+01
  3.556233E+00 1.025E+02
  3.556246E+00 1.966E+02
  3.556258E+00 6.237E+02
  3.556271E+00 8.234E+03
  3.556284E+00 8.859E+02
  3.556296E+00 2.300E+02
  3.556309E+00 1.142E+02
  3.556321E+00 7.604E+01
  3.556333E+00 6.000E+01
  3.556346E+00 5.283E+01
  3.556358E+00 5.026E+01
  3.556371E+00 5.089E+01
  3.556383E+00 5.473E+01
  3.556395E+00 6.333E+01
  3.556408E+00 8.172E+01
  3.556420E+00 1.271E+02
  3.556432E+00 2.801E+02
  3.556445E+00 1.046E+03
  3.556457E+00 9.919E+02
  3.556469E+00 5.908E+02
  3.556481E+00 3.874E+02
  3.556494E+00 2.050E+02
  3.556506E+00 1.461E+02
  3.556518E+00 1.208E+02
  3.556530E+00 1.070E+02
  3.556554E+00 9.086E+01
  3.556566E+00 8.370E+01
  3.556578E+00 8.245E+01
  3.556603E+00 6.872E+01
  3.556638E+00 5.201E+01
  3.556662E+00 4.277E+01
  3.556686E+00 3.557E+01
  3.556710E+00 3.049E+01
  3.556734E+00 2.762E+01
  3.556745E+00 2.709E+01
  3.556757E+00 2.728E+01
  3.556769E+00 2.838E+01
  3.556781E+00 3.069E+01
  3.556792E+00 3.480E+01
  3.556804E+00 4.176E+01
  3.556816E+00 5.376E+01
  3.556827E+00 7.571E+01
  3.556839E+00 1.207E+02
  3.556851E+00 2.322E+02
  3.556862E+00 6.153E+02
  3.556874E+00 2.061E+03
  3.556885E+00 9.722E+02
  3.556897E+00 2.998E+02
  3.556909E+00 1.352E+02
  3.556920E+00 7.959E+01
  3.556932E+00 7.097E+01
  3.556943E+00 1.232E+02
  3.556966E+00 4.608E+01
  3.556977E+00 3.117E+01
  3.556989E+00 2.340E+01
  3.557000E+00 1.863E+01
  3.557012E+00 1.540E+01
  3.557023E+00 1.306E+01
  3.557034E+00 1.130E+01
  3.557057E+00 8.854E+00
  3.557079E+00 7.258E+00
  3.557102E+00 6.170E+00
  3.557124E+00 5.411E+00
  3.557158E+00 4.696E+00
  3.557191E+00 4.356E+00
  3.557224E+00 4.350E+00
  3.557246E+00 4.557E+00
  3.557268E+00 4.997E+00
  3.557279E+00 5.339E+00
  3.557290E+00 5.796E+00
  3.557301E+00 6.411E+00
  3.557312E+00 7.252E+00
  3.557323E+00 8.443E+00
  3.557334E+00 1.022E+01
  3.557345E+00 1.310E+01
  3.557356E+00 1.849E+01
  3.557366E+00 3.143E+01
  3.557377E+00 8.259E+01
  3.557388E+00 3.428E+02
  3.557399E+00 6.997E+01
  3.557410E+00 2.852E+01
  3.557420E+00 2.127E+01
  3.557431E+00 1.920E+01
  3.557442E+00 1.757E+01
  3.557474E+00 1.026E+01
  3.557484E+00 8.118E+00
  3.557495E+00 6.403E+00
  3.557506E+00 5.074E+00
  3.557516E+00 4.055E+00
  3.557527E+00 3.272E+00
  3.557537E+00 2.667E+00
  3.557548E+00 2.194E+00
  3.557559E+00 1.820E+00
  3.557569E+00 1.521E+00
  3.557590E+00 1.080E+00
  3.557600E+00 9.156E-01
  3.557621E+00 6.590E-01
  3.557653E+00 3.591E-01
  3.557663E+00 2.331E-01
  3.557673E+00 1.288E-01
  3.557684E+00 2.784E-01
  3.557694E+00 2.923E-01
  3.557725E+00 2.041E-01
  3.557735E+00 1.811E-01
  3.557745E+00 1.627E-01
  3.557756E+00 1.504E-01
  3.557766E+00 1.501E-01
  3.557776E+00 2.011E-01
  3.557786E+00 9.747E+00
  3.557796E+00 9.824E-02
  3.557807E+00 5.158E-02
  3.557817E+00 4.074E-02
  3.557827E+00 3.366E-02
  3.557837E+00 2.786E-02
  3.557847E+00 2.302E-02
  3.557857E+00 1.915E-02
  3.557867E+00 1.641E-02
  3.557877E+00 1.509E-02
  3.557887E+00 1.569E-02
  3.557905E+00 2.358E-02
  3.567895E+00 6.341E-01
  3.567905E+00 6.856E-01
  3.592848E+00 8.421E-02
  3.617791E+00 3.722E-02
  3.642734E+00 2.463E-02
  3.667678E+00 1.953E-02
  3.692621E+00 1.691E-02
  3.717564E+00 1.539E-02
  3.767451E+00 1.368E-02
  3.842281E+00 1.198E-02
  3.917111E+00 1.097E-02
  4.166544E+00 9.322E-03
  4.515750E+00 7.663E-03
  5.064503E+00 5.698E-03
  5.613256E+00 4.323E-03
  6.012349E+00 3.567E-03
  6.133808E+00 3.359E-03
  6.257716E+00 3.164E-03
  6.384130E+00 2.979E-03
  6.513101E+00 2.806E-03
  6.644674E+00 2.642E-03
  6.778903E+00 2.489E-03
  6.915844E+00 2.344E-03
  7.055554E+00 2.207E-03
  7.198086E+00 2.079E-03
  7.343501E+00 1.958E-03
  7.491847E+00 1.844E-03
  7.643191E+00 1.736E-03
  7.797597E+00 1.635E-03
  7.955117E+00 1.540E-03
  8.115819E+00 1.450E-03
  8.279772E+00 1.366E-03
  8.447033E+00 1.286E-03
  8.617678E+00 1.211E-03
  8.791762E+00 1.141E-03
  8.969373E+00 1.074E-03
  9.150561E+00 1.012E-03
  9.335414E+00 9.529E-04
  9.524006E+00 8.974E-04
  9.716404E+00 8.451E-04
  9.912684E+00 7.959E-04
  1.011294E+01 7.496E-04
  1.031723E+01 7.059E-04
  1.052565E+01 6.648E-04
  1.073829E+01 6.261E-04
  1.095521E+01 5.896E-04
  1.117652E+01 5.553E-04
  1.140230E+01 5.229E-04
  1.163265E+01 4.925E-04
  1.186764E+01 4.638E-04
  1.210739E+01 4.368E-04
  1.235197E+01 4.114E-04
  1.260150E+01 3.874E-04
  1.285606E+01 3.648E-04
  1.311577E+01 3.436E-04
  1.338073E+01 3.236E-04
  1.365103E+01 3.047E-04
  1.392681E+01 2.870E-04
  1.420814E+01 2.703E-04
  1.449517E+01 2.545E-04
  1.478799E+01 2.397E-04
  1.508673E+01 2.258E-04
  1.539150E+01 2.126E-04
  1.570243E+01 2.002E-04
  1.601964E+01 1.886E-04
  1.634325E+01 1.776E-04
  1.667340E+01 1.672E-04
  1.701024E+01 1.575E-04
  1.735385E+01 1.483E-04
  1.770444E+01 1.397E-04
  1.806207E+01 1.316E-04
  1.842696E+01 1.239E-04
  1.879921E+01 1.167E-04
  1.917899E+01 1.099E-04
  1.956641E+01 1.035E-04
  1.996169E+01 9.746E-05
  2.036493E+01 9.179E-05
  2.077635E+01 8.644E-05
  2.119604E+01 8.141E-05
  2.162424E+01 7.667E-05
  2.206107E+01 7.220E-05