  1.269261E-02 6.768E+01
  1.270258E-02 6.117E+01
  6.398726E-02 2.563E+00
  1.139681E-01 8.074E-01
  1.626888E-01 3.953E-01
  2.101914E-01 2.373E-01
  2.565163E-01 1.598E-01
  3.017019E-01 1.152E-01
  3.457854E-01 8.678E-02
  3.888024E-01 6.754E-02
  4.307869E-01 5.404E-02
  4.717717E-01 4.437E-02
  5.117883E-01 3.731E-02
  5.508670E-01 3.205E-02
  5.890368E-01 2.801E-02
  6.263258E-01 2.481E-02
  6.983676E-01 1.995E-02
  7.671958E-01 1.629E-02
  8.329985E-01 1.343E-02
  8.959507E-01 1.121E-02
  9.562145E-01 9.541E-03
  1.041897E+00 7.819E-03
  1.122334E+00 6.711E-03
  1.291902E+00 5.075E-03
  1.497186E+00 3.387E-03
  1.603200E+00 2.731E-03
  1.698466E+00 2.322E-03
  1.824227E+00 1.982E-03
  2.065082E+00 1.463E-03
  2.343288E+00 7.227E-04
  2.485465E+00 3.802E-04
  2.521754E+00 2.734E-04
  2.544972E+00 1.893E-04
  2.560562E+00 1.228E-04
  2.578263E+00 4.047E-05
  2.581112E+00 2.820E-05
  2.583933E+00 1.721E-05
  2.586726E+00 8.159E-06
  2.589492E+00 1.984E-06
  2.592231E+00 5.152E-08
  2.594944E+00 4.375E-06
  2.597631E+00 1.798E-05
  2.600291E+00 4.551E-05
  2.602927E+00 9.428E-05
  2.605537E+00 1.762E-04
  2.608122E+00 3.115E-04
  2.610683E+00 5.359E-04
  2.613219E+00 9.171E-04
  2.615732E+00 1.593E-03
  2.618221E+00 2.877E-03
  2.620686E+00 5.588E-03
  2.623129E+00 1.237E-02
  2.625549E+00 3.518E-02
  2.627946E+00 1.606E-01
  2.630321E+00 2.328E-01
  2.632674E+00 6.221E-02
  2.635006E+00 2.692E-02
  2.637316E+00 1.550E-02
  2.639605E+00 1.041E-02
  2.641873E+00 7.674E-03
  2.644120E+00 6.014E-03
  2.646348E+00 4.921E-03
  2.648555E+00 4.157E-03
  2.650742E+00 3.598E-03
  2.652909E+00 3.173E-03
  2.655057E+00 2.841E-03
  2.659296E+00 2.358E-03
  2.663460E+00 2.025E-03
  2.669569E+00 1.686E-03
  2.675519E+00 1.456E-03
  2.685098E+00 1.203E-03
  2.696064E+00 1.011E-03
  2.709848E+00 8.446E-04
  2.728896E+00 6.860E-04
  2.754267E+00 5.360E-04
  2.780910E+00 4.180E-04
  2.795775E+00 3.750E-04
  2.802677E+00 3.745E-04
  2.806474E+00 3.917E-04
  2.809255E+00 4.252E-04
  2.811078E+00 4.693E-04
  2.811980E+00 5.040E-04
  2.812876E+00 5.532E-04
  2.813766E+00 6.266E-04
  2.814650E+00 7.439E-04
  2.815529E+00 9.529E-04
  2.816401E+00 1.400E-03
  2.817268E+00 2.780E-03
  2.818129E+00 1.591E-02
  2.818984E+00 1.316E-02
  2.819834E+00 7.663E-04
  2.820678E+00 1.276E-04
  2.821516E+00 1.980E-05
  2.822349E+00 5.450E-07
  2.823177E+00 2.427E-06
  2.823999E+00 9.575E-06
  2.824816E+00 1.744E-05
  2.825628E+00 2.464E-05
  2.826434E+00 3.080E-05
  2.827235E+00 3.590E-05
  2.828031E+00 4.003E-05
  2.829608E+00 4.585E-05
  2.831165E+00 4.912E-05
  2.833463E+00 5.070E-05
  2.836459E+00 4.877E-05
  2.840101E+00 4.265E-05
  2.845012E+00 3.089E-05
  2.851672E+00 1.329E-05
  2.853593E+00 8.723E-06
  2.854855E+00 6.045E-06
  2.856101E+00 3.743E-06
  2.856719E+00 2.760E-06
  2.857333E+00 1.903E-06
  2.857944E+00 1.187E-06
  2.858551E+00 6.247E-07
  2.859154E+00 2.323E-07
  2.859754E+00 2.678E-08
  2.860350E+00 2.723E-08
  2.860943E+00 2.547E-07
  2.861532E+00 7.325E-07
  2.862118E+00 1.487E-06
  2.862701E+00 2.547E-06
  2.863280E+00 3.945E-06
  2.863856E+00 5.719E-06
  2.864428E+00 7.910E-06
  2.864997E+00 1.056E-05
  2.865563E+00 1.374E-05
  2.866126E+00 1.749E-05
  2.866685E+00 2.189E-05
  2.867242E+00 2.701E-05
  2.867795E+00 3.296E-05
  2.868345E+00 3.983E-05
  2.868892E+00 4.775E-05
  2.869435E+00 5.686E-05
  2.869976E+00 6.734E-05
  2.870514E+00 7.937E-05
  2.871048E+00 9.319E-05
  2.871580E+00 1.091E-04
  2.872108E+00 1.274E-04
  2.872634E+00 1.484E-04
  2.873156E+00 1.728E-04
  2.873676E+00 2.010E-04
  2.874193E+00 2.337E-04
  2.874707E+00 2.720E-04
  2.875218E+00 3.167E-04
  2.875726E+00 3.695E-04
  2.876232E+00 4.319E-04
  2.876734E+00 5.063E-04
  2.877234E+00 5.956E-04
  2.877731E+00 7.037E-04
  2.878226E+00 8.359E-04
  2.878718E+00 9.992E-04
  2.879207E+00 1.204E-03
  2.879693E+00 1.464E-03
  2.880177E+00 1.800E-03
  2.880658E+00 2.243E-03
  2.881136E+00 2.842E-03
  2.881612E+00 3.676E-03
  2.882085E+00 4.881E-03
  2.882556E+00 6.704E-03
  2.883024E+00 9.637E-03
  2.883490E+00 1.476E-02
  2.883953E+00 2.482E-02
  2.884413E+00 4.848E-02
  2.884872E+00 1.230E-01
  2.885327E+00 4.461E-01
  2.885781E+00 4.068E-01
  2.886232E+00 1.198E-01
  2.886680E+00 5.120E-02
  2.887126E+00 2.803E-02
  2.887570E+00 1.770E-02
  2.888011E+00 1.224E-02
  2.888450E+00 8.998E-03
  2.888887E+00 6.917E-03
  2.889321E+00 5.499E-03
  2.889754E+00 4.488E-03
  2.890184E+00 3.740E-03
  2.890611E+00 3.170E-03
  2.891037E+00 2.725E-03
  2.891460E+00 2.371E-03
  2.891881E+00 2.084E-03
  2.892300E+00 1.847E-03
  2.893131E+00 1.484E-03
  2.893953E+00 1.220E-03
  2.894767E+00 1.022E-03
  2.895973E+00 8.043E-04
  2.897160E+00 6.492E-04
  2.898329E+00 5.340E-04
  2.899860E+00 4.209E-04
  2.901361E+00 3.384E-04
  2.903195E+00 2.632E-04
  2.904985E+00 2.089E-04
  2.906731E+00 1.690E-04
  2.908434E+00 1.400E-04
  2.910097E+00 1.200E-04
  2.911721E+00 1.086E-04
  2.912992E+00 1.069E-04
  2.913930E+00 1.116E-04
  2.914854E+00 1.246E-04
  2.915463E+00 1.410E-04
  2.915766E+00 1.527E-04
  2.916067E+00 1.678E-04
  2.916367E+00 1.873E-04
  2.916665E+00 2.130E-04
  2.916962E+00 2.474E-04
  2.917257E+00 2.946E-04
  2.917551E+00 3.613E-04
  2.917844E+00 4.600E-04
  2.918136E+00 6.159E-04
  2.918426E+00 8.920E-04
  2.918714E+00 1.546E-03
  2.919002E+00 4.083E+00
  2.919288E+00 1.807E-03
  2.919573E+00 5.246E-03
  2.919856E+00 2.149E-02
  2.920138E+00 3.196E+00
  2.920419E+00 3.586E-02
  2.920699E+00 8.637E-03
  2.920977E+00 3.957E-03
  2.921254E+00 2.335E-03
  2.921530E+00 1.581E-03
  2.921805E+00 1.168E-03
  2.922078E+00 9.167E-04
  2.922351E+00 7.521E-04
  2.922621E+00 6.385E-04
  2.922891E+00 5.570E-04
  2.923160E+00 4.967E-04
  2.923427E+00 4.510E-04
  2.923958E+00 3.885E-04
  2.924484E+00 3.500E-04
  2.925265E+00 3.180E-04
  2.926290E+00 3.023E-04
  2.927546E+00 3.071E-04
  2.929017E+00 3.354E-04
  2.930686E+00 3.927E-04
  2.932306E+00 4.768E-04
  2.933878E+00 5.945E-04
  2.935189E+00 7.330E-04
  2.936256E+00 8.875E-04
  2.937302E+00 1.096E-03
  2.938123E+00 1.322E-03
  2.938931E+00 1.632E-03
  2.939529E+00 1.949E-03
  2.940119E+00 2.383E-03
  2.940508E+00 2.770E-03
  2.940894E+00 3.277E-03
  2.941278E+00 3.961E-03
  2.941658E+00 4.929E-03
  2.941847E+00 5.573E-03
  2.942035E+00 6.373E-03
  2.942222E+00 7.386E-03
  2.942409E+00 8.700E-03
  2.942595E+00 1.045E-02
  2.942780E+00 1.288E-02
  2.942965E+00 1.638E-02
  2.943149E+00 2.174E-02
  2.943332E+00 3.058E-02
  2.943514E+00 4.686E-02
  2.943696E+00 8.200E-02
  2.943876E+00 1.796E-01
  2.944057E+00 5.454E-01
  2.944236E+00 6.978E-01
  2.944415E+00 2.039E-01
  2.944593E+00 7.751E-02
  2.944770E+00 3.814E-02
  2.944947E+00 2.182E-02
  2.945123E+00 1.371E-02
  2.945298E+00 9.173E-03
  2.945473E+00 6.412E-03
  2.945647E+00 4.628E-03
  2.945820E+00 3.420E-03
  2.945993E+00 2.573E-03
  2.946165E+00 1.961E-03
  2.946336E+00 1.509E-03
  2.946507E+00 1.169E-03
  2.946677E+00 9.088E-04
  2.946846E+00 7.076E-04
  2.947014E+00 5.505E-04
  2.947182E+00 4.269E-04
  2.947350E+00 3.291E-04
  2.947517E+00 2.515E-04
  2.947683E+00 1.898E-04
  2.947848E+00 1.409E-04
  2.948013E+00 1.024E-04
  2.948177E+00 7.215E-05
  2.948341E+00 4.880E-05
  2.948504E+00 3.112E-05
  2.948666E+00 1.816E-05
  2.948828E+00 9.150E-06
  2.948989E+00 3.457E-06
  2.949149E+00 5.744E-07
  2.949309E+00 8.178E-08
  2.949468E+00 1.633E-06
  2.949627E+00 4.939E-06
  2.949785E+00 9.760E-06
  2.949943E+00 1.589E-05
  2.950100E+00 2.317E-05
  2.950256E+00 3.145E-05
  2.950412E+00 4.060E-05
  2.950721E+00 6.115E-05
  2.951182E+00 9.640E-05
  2.951937E+00 1.635E-04
  2.953118E+00 2.841E-04
  2.954964E+00 4.837E-04
  2.955378E+00 5.092E-04
  2.955515E+00 5.081E-04
  2.955652E+00 4.953E-04
  2.955788E+00 4.573E-04
  2.955923E+00 3.495E-04
  2.956058E+00 1.363E-06
  2.956193E+00 2.054E-03
  2.956327E+00 1.167E-03
  2.956460E+00 1.022E-03
  2.956594E+00 9.756E-04
  2.956858E+00 9.607E-04
  2.957512E+00 1.035E-03
  2.958535E+00 1.244E-03
  2.959160E+00 1.429E-03
  2.959529E+00 1.601E-03
  2.959652E+00 1.691E-03
  2.959774E+00 1.827E-03
  2.959895E+00 2.081E-03
  2.960016E+00 2.903E-03
  2.960137E+00 2.373E-02
  2.960257E+00 6.968E-04
  2.960377E+00 1.097E-03
  2.960497E+00 1.277E-03
  2.960734E+00 1.471E-03
  2.961322E+00 1.748E-03
  2.963135E+00 2.502E-03
  2.964327E+00 3.155E-03
  2.965270E+00 3.860E-03
  2.966086E+00 4.716E-03
  2.966684E+00 5.607E-03
  2.967174E+00 6.635E-03
  2.967560E+00 7.779E-03
  2.967941E+00 9.425E-03
  2.968223E+00 1.124E-02
  2.968410E+00 1.293E-02
  2.968596E+00 1.525E-02
  2.968689E+00 1.676E-02
  2.968781E+00 1.861E-02
  2.968873E+00 2.092E-02
  2.968964E+00 2.388E-02
  2.969056E+00 2.776E-02
  2.969147E+00 3.306E-02
  2.969237E+00 4.062E-02
  2.969328E+00 5.207E-02
  2.969418E+00 7.083E-02
  2.969508E+00 1.053E-01
  2.969598E+00 1.802E-01
  2.969687E+00 3.915E-01
  2.969776E+00 1.093E+00
  2.969865E+00 8.267E-01
  2.969953E+00 2.333E-01
  2.970042E+00 8.764E-02
  2.970129E+00 4.080E-02
  2.970217E+00 2.145E-02
  2.970305E+00 1.210E-02
  2.970392E+00 7.100E-03
  2.970479E+00 4.237E-03
  2.970565E+00 2.525E-03
  2.970652E+00 1.475E-03
  2.970738E+00 8.244E-04
  2.970823E+00 4.253E-04
  2.970909E+00 1.892E-04
  2.970994E+00 6.145E-05
  2.971079E+00 7.197E-06
  2.971164E+00 3.464E-06
  2.971249E+00 3.484E-05
  2.971333E+00 9.079E-05
  2.971417E+00 1.640E-04
  2.971501E+00 2.492E-04
  2.971667E+00 4.420E-04
  2.972324E+00 1.292E-03
  2.973592E+00 2.862E-03
  2.974947E+00 4.381E-03
  2.975239E+00 4.551E-03
  2.975384E+00 4.418E-03
  2.975456E+00 4.099E-03
  2.975527E+00 2.936E-03
  2.975599E+00 3.362E-02
  2.975670E+00 7.992E-03
  2.975741E+00 6.960E-03
  2.975812E+00 6.673E-03
  2.975954E+00 6.570E-03
  2.976373E+00 6.997E-03
  2.976988E+00 8.135E-03
  2.977389E+00 9.296E-03
  2.977587E+00 1.026E-02
  2.977719E+00 1.139E-02
  2.977784E+00 1.236E-02
  2.977849E+00 1.405E-02
  2.977914E+00 1.797E-02
  2.977979E+00 3.880E-02
  2.978043E+00 5.643E-03
  2.978108E+00 2.552E-03
  2.978172E+00 5.009E-03
  2.978236E+00 6.308E-03
  2.978300E+00 7.128E-03
  2.978427E+00 8.171E-03
  2.978680E+00 9.428E-03
  2.980078E+00 1.449E-02
  2.980774E+00 1.795E-02
  2.981281E+00 2.163E-02
  2.981667E+00 2.578E-02
  2.981939E+00 3.008E-02
  2.982153E+00 3.501E-02
  2.982313E+00 4.024E-02
  2.982471E+00 4.782E-02
  2.982576E+00 5.510E-02
  2.982680E+00 6.552E-02
  2.982732E+00 7.260E-02
  2.982784E+00 8.158E-02
  2.982836E+00 9.330E-02
  2.982887E+00 1.091E-01
  2.982939E+00 1.315E-01
  2.982990E+00 1.650E-01
  2.983041E+00 2.193E-01
  2.983092E+00 3.176E-01
  2.983143E+00 5.282E-01
  2.983194E+00 1.108E+00
  2.983244E+00 2.884E+00
  2.983295E+00 2.002E+00
  2.983345E+00 5.503E-01
  2.983396E+00 1.967E-01
  2.983446E+00 8.545E-02
  2.983496E+00 4.107E-02
  2.983545E+00 2.063E-02
  2.983595E+00 1.037E-02
  2.983645E+00 4.998E-03
  2.983694E+00 2.167E-03
  2.983744E+00 7.423E-04
  2.983793E+00 1.307E-04
  2.983842E+00 3.197E-06
  2.983891E+00 1.697E-04
  2.983940E+00 5.160E-04
  2.983988E+00 9.720E-04
  2.984037E+00 1.493E-03
  2.984469E+00 6.582E-03
  2.984844E+00 1.046E-02
  2.985574E+00 1.682E-02
  2.986145E+00 2.104E-02
  2.986317E+00 2.145E-02
  2.986360E+00 2.114E-02
  2.986403E+00 2.031E-02
  2.986445E+00 1.798E-02
  2.986488E+00 7.695E-03
  2.986530E+00 5.639E-02
  2.986573E+00 3.515E-02
  2.986615E+00 3.195E-02
  2.986657E+00 3.091E-02
  2.986782E+00 3.059E-02
  2.987113E+00 3.350E-02
  2.987477E+00 3.889E-02
  2.987677E+00 4.354E-02
  2.987795E+00 4.802E-02
  2.987873E+00 5.293E-02
  2.987912E+00 5.674E-02
  2.987951E+00 6.246E-02
  2.987990E+00 7.239E-02
  2.988029E+00 9.469E-02
  2.988068E+00 1.903E-01
  2.988106E+00 9.166E-01
  2.988145E+00 1.540E-03
  2.988183E+00 1.376E-02
  2.988222E+00 2.159E-02
  2.988260E+00 2.656E-02
  2.988298E+00 3.004E-02
  2.988374E+00 3.479E-02
  2.988525E+00 4.072E-02
  2.989438E+00 6.537E-02
  2.989824E+00 7.965E-02
  2.990132E+00 9.637E-02
  2.990334E+00 1.126E-01
  2.990500E+00 1.322E-01
  2.990632E+00 1.554E-01
  2.990730E+00 1.810E-01
  2.990795E+00 2.049E-01
  2.990860E+00 2.379E-01
  2.990924E+00 2.868E-01
  2.990956E+00 3.210E-01
  2.990988E+00 3.657E-01
  2.991020E+00 4.261E-01
  2.991052E+00 5.115E-01
  2.991084E+00 6.399E-01
  2.991116E+00 8.492E-01
  2.991147E+00 1.232E+00
  2.991179E+00 2.066E+00
  2.991210E+00 4.411E+00
  2.991242E+00 1.073E+01
  2.991273E+00 5.699E+00
  2.991305E+00 1.569E+00
  2.991336E+00 5.605E-01
  2.991367E+00 2.369E-01
  2.991398E+00 1.081E-01
  2.991429E+00 4.998E-02
  2.991460E+00 2.205E-02
  2.991491E+00 8.488E-03
  2.991522E+00 2.323E-03
  2.991553E+00 1.667E-04
  2.991583E+00 2.598E-04
  2.991614E+00 1.639E-03
  2.991645E+00 3.754E-03
  2.991675E+00 6.283E-03
  2.991706E+00 9.031E-03
  2.991887E+00 2.590E-02
  2.992066E+00 4.066E-02
  2.992359E+00 6.124E-02
  2.992955E+00 9.691E-02
  2.993093E+00 1.021E-01
  2.993148E+00 1.014E-01
  2.993175E+00 9.883E-02
  2.993202E+00 9.230E-02
  2.993230E+00 7.248E-02
  2.993257E+00 1.288E-01
  2.993284E+00 2.099E-01
  2.993311E+00 1.650E-01
  2.993338E+00 1.541E-01
  2.993392E+00 1.489E-01
  2.993525E+00 1.540E-01
  2.993762E+00 1.761E-01
  2.993969E+00 2.062E-01
  2.994096E+00 2.373E-01
  2.994172E+00 2.710E-01
  2.994197E+00 2.889E-01
  2.994222E+00 3.139E-01
  2.994247E+00 3.525E-01
  2.994272E+00 4.217E-01
  2.994297E+00 5.869E-01
  2.994322E+00 1.434E+00
  2.994347E+00 2.093E+00
  2.994372E+00 2.581E-03
  2.994397E+00 5.605E-02
  2.994422E+00 9.692E-02
  2.994446E+00 1.244E-01
  2.994471E+00 1.441E-01
  2.994520E+00 1.716E-01
  2.994593E+00 1.993E-01
  2.994811E+00 2.554E-01
  2.995164E+00 3.443E-01
  2.995417E+00 4.303E-01
  2.995597E+00 5.171E-01
  2.995753E+00 6.256E-01
  2.995863E+00 7.382E-01
  2.995950E+00 8.680E-01
  2.996015E+00 1.007E+00
  2.996079E+00 1.211E+00
  2.996122E+00 1.412E+00
  2.996143E+00 1.544E+00
  2.996164E+00 1.708E+00
  2.996186E+00 1.915E+00
  2.996207E+00 2.185E+00
  2.996228E+00 2.550E+00
  2.996249E+00 3.066E+00
  2.996270E+00 3.845E+00
  2.996291E+00 5.118E+00
  2.996312E+00 7.464E+00
  2.996333E+00 1.263E+01
  2.996354E+00 2.734E+01
  2.996375E+00 6.321E+01
  2.996396E+00 2.942E+01
  2.996417E+00 8.154E+00
  2.996437E+00 2.912E+00
  2.996458E+00 1.211E+00
  2.996479E+00 5.350E-01
  2.996499E+00 2.337E-01
  2.996520E+00 9.315E-02
  2.996541E+00 2.909E-02
  2.996561E+00 4.217E-03
  2.996582E+00 4.180E-04
  2.996602E+00 8.310E-03
  2.996622E+00 2.278E-02
  2.996643E+00 4.092E-02
  2.996704E+00 1.037E-01
  2.996824E+00 2.286E-01
  2.997081E+00 4.648E-01
  2.997446E+00 8.050E-01
  2.997595E+00 9.360E-01
  2.997632E+00 9.418E-01
  2.997651E+00 9.255E-01
  2.997669E+00 8.748E-01
  2.997688E+00 7.195E-01
  2.997706E+00 1.473E-02
  2.997724E+00 2.404E+00
  2.997743E+00 1.693E+00
  2.997761E+00 1.557E+00
  2.997779E+00 1.516E+00
  2.997834E+00 1.532E+00
  2.997942E+00 1.719E+00
  2.998067E+00 2.045E+00
  2.998172E+00 2.433E+00
  2.998242E+00 2.788E+00
  2.998294E+00 3.154E+00
  2.998329E+00 3.492E+00
  2.998363E+00 3.985E+00
  2.998380E+00 4.345E+00
  2.998397E+00 4.859E+00
  2.998414E+00 5.676E+00
  2.998431E+00 7.252E+00
  2.998449E+00 1.173E+01
  2.998466E+00 6.404E+01
  2.998482E+00 3.380E+00
  2.998499E+00 1.707E-01
  2.998516E+00 9.467E-01
  2.998533E+00 1.535E+00
  2.998550E+00 1.966E+00
  2.998567E+00 2.302E+00
  2.998600E+00 2.824E+00
  2.998816E+00 5.364E+00
  2.998913E+00 6.808E+00
  2.998994E+00 8.347E+00
  2.999074E+00 1.034E+01
  2.999153E+00 1.302E+01
  2.999216E+00 1.587E+01
  2.999278E+00 1.967E+01
  2.999340E+00 2.487E+01
  2.999386E+00 3.014E+01
  2.999417E+00 3.458E+01
  2.999463E+00 4.320E+01
  2.999508E+00 5.531E+01
  2.999539E+00 6.629E+01
  2.999569E+00 8.076E+01
  2.999599E+00 1.003E+02
  2.999614E+00 1.128E+02
  2.999629E+00 1.277E+02
  2.999644E+00 1.456E+02
  2.999659E+00 1.675E+02
  2.999674E+00 1.946E+02
  2.999688E+00 2.286E+02
  2.999703E+00 2.723E+02
  2.999718E+00 3.294E+02
  2.999733E+00 4.061E+02
  2.999748E+00 5.125E+02
  2.999762E+00 6.658E+02
  2.999777E+00 8.981E+02
  2.999792E+00 1.274E+03
  2.999806E+00 1.937E+03
  2.999821E+00 3.264E+03
  2.999836E+00 6.477E+03
  2.999850E+00 1.671E+04
  2.999865E+00 4.551E+04
  2.999879E+00 2.492E+04
  2.999894E+00 8.799E+03
  2.999908E+00 4.135E+03
  2.999923E+00 2.358E+03
  2.999937E+00 1.516E+03
  2.999952E+00 1.055E+03
  2.999966E+00 7.759E+02
  2.999980E+00 5.954E+02
  2.999995E+00 4.709E+02
  3.000009E+00 3.822E+02
  3.000023E+00 3.168E+02
  3.000037E+00 2.665E+02
  3.000052E+00 2.276E+02
  3.000066E+00 1.968E+02
  3.000080E+00 1.719E+02
  3.000094E+00 1.515E+02
  3.000108E+00 1.346E+02
  3.000137E+00 1.084E+02
  3.000165E+00 8.931E+01
  3.000193E+00 7.494E+01
  3.000235E+00 5.923E+01
  3.000276E+00 4.809E+01
  3.000318E+00 3.991E+01
  3.000359E+00 3.370E+01
  3.000414E+00 2.751E+01
  3.000468E+00 2.293E+01
  3.000535E+00 1.868E+01
  3.000615E+00 1.495E+01
  3.000734E+00 1.054E+01
  3.000760E+00 9.088E+00
  3.000773E+00 7.747E+00
  3.000786E+00 4.370E+00
  3.000799E+00 7.139E+01
  3.000812E+00 1.608E+01
  3.000825E+00 1.296E+01
  3.000838E+00 1.173E+01
  3.000864E+00 1.050E+01
  3.000915E+00 9.210E+00
  3.001004E+00 7.893E+00
  3.001105E+00 6.976E+00
  3.001192E+00 6.614E+00
  3.001241E+00 6.754E+00
  3.001266E+00 7.071E+00
  3.001278E+00 7.367E+00
  3.001290E+00 7.835E+00
  3.001302E+00 8.625E+00
  3.001314E+00 1.013E+01
  3.001326E+00 1.378E+01
  3.001339E+00 3.055E+01
  3.001351E+00 2.762E+02
  3.001363E+00 1.334E-01
  3.001375E+00 6.006E-01
  3.001387E+00 1.401E+00
  3.001399E+00 1.930E+00
  3.001411E+00 2.280E+00
  3.001423E+00 2.521E+00
  3.001447E+00 2.815E+00
  3.001483E+00 3.021E+00
  3.001554E+00 3.120E+00
  3.001898E+00 2.896E+00
  3.002021E+00 2.996E+00
  3.002098E+00 3.237E+00
  3.002152E+00 3.609E+00
  3.002185E+00 4.001E+00
  3.002217E+00 4.655E+00
  3.002228E+00 4.975E+00
  3.002249E+00 5.886E+00
  3.002260E+00 6.559E+00
  3.002270E+00 7.474E+00
  3.002281E+00 8.776E+00
  3.002292E+00 1.074E+01
  3.002302E+00 1.395E+01
  3.002313E+00 1.987E+01
  3.002323E+00 3.286E+01
  3.002334E+00 6.954E+01
  3.002344E+00 1.515E+02
  3.002355E+00 6.487E+01
  3.002366E+00 1.749E+01
  3.002376E+00 6.027E+00
  3.002386E+00 2.388E+00
  3.002397E+00 9.878E-01
  3.002407E+00 3.926E-01
  3.002418E+00 1.336E-01
  3.002428E+00 2.928E-02
  3.002439E+00 4.426E-04
  3.002449E+00 9.611E-03
  3.002459E+00 3.787E-02
  3.002470E+00 7.525E-02
  3.002490E+00 1.582E-01
  3.012693E+00 4.836E+00
  3.012703E+00 2.652E+00
  3.016820E+00 1.501E+00
  3.020892E+00 9.672E-01
  3.024919E+00 6.770E-01
  3.028902E+00 5.019E-01
  3.032842E+00 3.882E-01
  3.036738E+00 3.103E-01
  3.040592E+00 2.545E-01
  3.044404E+00 2.131E-01
  3.048175E+00 1.816E-01
  3.051905E+00 1.571E-01
  3.055595E+00 1.376E-01
  3.059246E+00 1.218E-01
  3.066432E+00 9.803E-02
  3.073467E+00 8.124E-02
  3.080355E+00 6.889E-02
  3.090420E+00 5.563E-02
  3.100177E+00 4.636E-02
  3.112728E+00 3.771E-02
  3.127720E+00 3.045E-02
  3.144753E+00 2.471E-02
  3.163405E+00 2.033E-02
  3.185629E+00 1.672E-02
  3.212524E+00 1.373E-02
  3.244186E+00 1.135E-02
  3.273410E+00 9.900E-03
  3.293170E+00 9.487E-03
  3.304359E+00 9.760E-03
  3.312309E+00 1.054E-02
  3.317411E+00 1.161E-02
  3.321137E+00 1.295E-02
  3.324782E+00 1.508E-02
  3.327167E+00 1.720E-02
  3.329517E+00 2.018E-02
  3.331833E+00 2.441E-02
  3.334116E+00 3.035E-02
  3.336365E+00 3.828E-02
  3.339679E+00 5.173E-02
  3.340768E+00 5.495E-02
  3.341849E+00 5.658E-02
  3.342923E+00 5.630E-02
  3.343988E+00 5.421E-02
  3.346097E+00 4.656E-02
  3.349206E+00 3.397E-02
  3.351242E+00 2.752E-02
  3.353250E+00 2.273E-02
  3.355230E+00 1.923E-02
  3.358149E+00 1.560E-02
  3.361009E+00 1.321E-02
  3.364732E+00 1.112E-02
  3.369246E+00 9.483E-03
  3.375318E+00 8.105E-03
  3.383521E+00 6.980E-03
  3.394879E+00 6.049E-03
  3.410988E+00 5.266E-03
  3.424951E+00 4.925E-03
  3.432254E+00 5.025E-03
  3.435698E+00 5.356E-03
  3.437135E+00 5.696E-03
  3.438079E+00 6.105E-03
  3.438547E+00 6.423E-03
  3.439013E+00 6.881E-03
  3.439477E+00 7.597E-03
  3.439938E+00 8.863E-03
  3.440396E+00 1.165E-02
  3.440852E+00 2.181E-02
  3.441305E+00 8.041E-01
  3.441757E+00 2.743E-03
  3.442205E+00 1.055E-03
  3.442652E+00 1.693E-03
  3.443096E+00 2.215E-03
  3.443537E+00 2.595E-03
  3.443976E+00 2.878E-03
  3.444848E+00 3.276E-03
  3.446564E+00 3.762E-03
  3.453082E+00 5.089E-03
  3.456894E+00 6.276E-03
  3.458365E+00 6.928E-03
  3.459450E+00 7.731E-03
  3.460872E+00 9.305E-03
  3.462265E+00 1.146E-02
  3.463293E+00 1.363E-02
  3.464306E+00 1.649E-02
  3.465304E+00 2.037E-02
  3.466288E+00 2.575E-02
  3.466936E+00 3.053E-02
  3.467578E+00 3.663E-02
  3.468214E+00 4.446E-02
  3.468844E+00 5.455E-02
  3.469468E+00 6.749E-02
  3.470086E+00 8.371E-02
  3.471906E+00 1.421E-01
  3.472501E+00 1.524E-01
  3.473091E+00 1.510E-01
  3.473675E+00 1.390E-01
  3.475397E+00 8.538E-02
  3.476240E+00 6.483E-02
  3.477071E+00 4.969E-02
  3.478163E+00 3.465E-02
  3.478701E+00 2.750E-02
  3.478969E+00 1.013E-01
  3.479235E+00 5.796E-02
  3.479500E+00 3.761E-02
  3.479764E+00 3.197E-02
  3.480027E+00 2.883E-02
  3.480548E+00 2.482E-02
  3.481322E+00 2.086E-02
  3.482339E+00 1.724E-02
  3.483584E+00 1.409E-02
  3.485043E+00 1.146E-02
  3.486699E+00 9.331E-03
  3.488755E+00 7.447E-03
  3.490950E+00 6.019E-03
  3.493261E+00 4.941E-03
  3.495666E+00 4.183E-03
  3.497583E+00 3.874E-03
  3.498880E+00 3.905E-03
  3.499785E+00 4.150E-03
  3.500496E+00 4.603E-03
  3.501022E+00 5.249E-03
  3.501370E+00 5.974E-03
  3.501542E+00 6.497E-03
  3.501714E+00 7.196E-03
  3.501886E+00 8.171E-03
  3.502056E+00 9.617E-03
  3.502226E+00 1.197E-02
  3.502396E+00 1.636E-02
  3.502564E+00 2.693E-02
  3.502732E+00 7.148E-02
  3.502900E+00 1.630E+00
  3.503066E+00 3.240E-02
  3.503233E+00 4.314E-03
  3.503398E+00 1.198E-03
  3.503563E+00 8.563E-04
  3.503727E+00 1.092E-03
  3.503891E+00 1.481E-03
  3.504216E+00 2.379E-03
  3.504539E+00 3.367E-03
  3.504860E+00 4.512E-03
  3.505178E+00 5.933E-03
  3.505336E+00 6.801E-03
  3.505493E+00 7.816E-03
  3.505650E+00 9.021E-03
  3.505807E+00 1.047E-02
  3.505962E+00 1.225E-02
  3.506118E+00 1.447E-02
  3.506272E+00 1.728E-02
  3.506426E+00 2.091E-02
  3.506580E+00 2.569E-02
  3.506733E+00 3.210E-02
  3.506885E+00 4.085E-02
  3.507037E+00 5.285E-02
  3.507188E+00 6.903E-02
  3.507488E+00 1.106E-01
  3.507638E+00 1.239E-01
  3.507787E+00 1.210E-01
  3.507935E+00 1.038E-01
  3.508083E+00 8.239E-02
  3.508231E+00 6.360E-02
  3.508377E+00 4.926E-02
  3.508524E+00 3.886E-02
  3.508669E+00 3.138E-02
  3.508815E+00 2.599E-02
  3.508959E+00 2.206E-02
  3.509103E+00 1.917E-02
  3.509247E+00 1.703E-02
  3.509390E+00 1.544E-02
  3.509533E+00 1.426E-02
  3.509816E+00 1.281E-02
  3.510098E+00 1.221E-02
  3.510377E+00 1.220E-02
  3.510793E+00 1.305E-02
  3.511204E+00 1.484E-02
  3.511610E+00 1.758E-02
  3.512013E+00 2.147E-02
  3.512411E+00 2.685E-02
  3.512805E+00 3.423E-02
  3.513065E+00 4.066E-02
  3.513323E+00 4.867E-02
  3.513580E+00 5.869E-02
  3.513835E+00 7.123E-02
  3.514088E+00 8.689E-02
  3.514339E+00 1.062E-01
  3.514960E+00 1.628E-01
  3.515082E+00 1.677E-01
  3.515205E+00 1.616E-01
  3.515327E+00 1.333E-01
  3.515448E+00 7.222E-02
  3.515570E+00 1.888E-02
  3.515690E+00 6.352E-02
  3.515811E+00 1.518E-01
  3.515930E+00 2.134E-01
  3.516050E+00 2.457E-01
  3.516169E+00 2.586E-01
  3.516288E+00 2.592E-01
  3.516524E+00 2.397E-01
  3.517223E+00 1.451E-01
  3.517567E+00 1.073E-01
  3.517907E+00 7.758E-02
  3.518245E+00 5.316E-02
  3.518468E+00 3.861E-02
  3.518579E+00 3.199E-02
  3.518689E+00 2.687E-02
  3.518799E+00 2.756E-02
  3.518909E+00 5.732E-02
  3.519019E+00 3.342E-01
  3.519128E+00 1.653E+00
  3.519236E+00 4.693E-01
  3.519345E+00 2.281E-01
  3.519453E+00 1.511E-01
  3.519560E+00 1.148E-01
  3.519668E+00 9.389E-02
  3.519774E+00 8.012E-02
  3.519881E+00 7.027E-02
  3.519987E+00 6.279E-02
  3.520199E+00 5.200E-02
  3.520409E+00 4.442E-02
  3.520721E+00 3.628E-02
  3.521031E+00 3.037E-02
  3.521438E+00 2.451E-02
  3.521941E+00 1.913E-02
  3.522435E+00 1.509E-02
  3.523018E+00 1.139E-02
  3.523590E+00 8.550E-03
  3.524151E+00 6.368E-03
  3.524611E+00 4.986E-03
  3.524973E+00 4.168E-03
  3.525331E+00 3.638E-03
  3.525597E+00 3.467E-03
  3.525860E+00 3.543E-03
  3.526034E+00 3.766E-03
  3.526207E+00 4.164E-03
  3.526379E+00 4.783E-03
  3.526550E+00 5.689E-03
  3.526719E+00 6.979E-03
  3.526804E+00 7.812E-03
  3.526888E+00 8.804E-03
  3.526972E+00 9.988E-03
  3.527056E+00 1.141E-02
  3.527140E+00 1.314E-02
  3.527223E+00 1.525E-02
  3.527306E+00 1.787E-02
  3.527389E+00 2.120E-02
  3.527471E+00 2.553E-02
  3.527553E+00 3.140E-02
  3.527635E+00 3.980E-02
  3.527717E+00 5.280E-02
  3.527799E+00 7.566E-02
  3.527880E+00 1.257E-01
  3.527961E+00 2.967E-01
  3.528042E+00 2.509E+00
  3.528122E+00 4.177E-01
  3.528202E+00 6.118E-02
  3.528282E+00 2.885E-02
  3.528362E+00 2.807E-02
  3.528442E+00 3.539E-02
  3.528521E+00 4.690E-02
  3.528600E+00 6.219E-02
  3.528679E+00 8.195E-02
  3.528758E+00 1.074E-01
  3.528836E+00 1.404E-01
  3.528914E+00 1.827E-01
  3.528992E+00 2.358E-01
  3.529147E+00 3.645E-01
  3.529225E+00 4.193E-01
  3.529302E+00 4.453E-01
  3.529378E+00 4.338E-01
  3.529455E+00 3.924E-01
  3.529607E+00 2.822E-01
  3.529683E+00 2.336E-01
  3.529759E+00 1.933E-01
  3.529834E+00 1.609E-01
  3.529909E+00 1.351E-01
  3.529984E+00 1.145E-01
  3.530059E+00 9.798E-02
  3.530134E+00 8.466E-02
  3.530208E+00 7.383E-02
  3.530282E+00 6.497E-02
  3.530356E+00 5.766E-02
  3.530503E+00 4.661E-02
  3.530649E+00 3.898E-02
  3.530795E+00 3.379E-02
  3.530940E+00 3.044E-02
  3.531083E+00 2.857E-02
  3.531226E+00 2.799E-02
  3.531368E+00 2.862E-02
  3.531510E+00 3.044E-02
  3.531650E+00 3.356E-02
  3.531790E+00 3.813E-02
  3.531929E+00 4.441E-02
  3.532067E+00 5.277E-02
  3.532204E+00 6.369E-02
  3.532341E+00 7.786E-02
  3.532476E+00 9.614E-02
  3.532611E+00 1.197E-01
  3.532746E+00 1.497E-01
  3.532879E+00 1.875E-01
  3.533078E+00 2.585E-01
  3.533209E+00 3.076E-01
  3.533275E+00 3.250E-01
  3.533340E+00 3.283E-01
  3.533405E+00 3.025E-01
  3.533470E+00 2.240E-01
  3.533535E+00 9.187E-02
  3.533600E+00 4.170E-02
  3.533664E+00 1.902E-01
  3.533728E+00 3.653E-01
  3.533793E+00 4.724E-01
  3.533856E+00 5.237E-01
  3.533920E+00 5.401E-01
  3.533984E+00 5.350E-01
  3.534110E+00 4.906E-01
  3.534486E+00 3.066E-01
  3.534671E+00 2.335E-01
  3.534855E+00 1.751E-01
  3.535037E+00 1.273E-01
  3.535158E+00 9.977E-02
  3.535218E+00 8.799E-02
  3.535278E+00 7.942E-02
  3.535338E+00 7.970E-02
  3.535398E+00 1.103E-01
  3.535457E+00 2.856E-01
  3.535517E+00 1.764E+00
  3.535576E+00 4.104E+00
  3.535635E+00 1.098E+00
  3.535694E+00 5.505E-01
  3.535752E+00 3.665E-01
  3.535811E+00 2.785E-01
  3.535869E+00 2.273E-01
  3.535927E+00 1.937E-01
  3.535985E+00 1.697E-01
  3.536043E+00 1.516E-01
  3.536159E+00 1.256E-01
  3.536273E+00 1.073E-01
  3.536444E+00 8.777E-02
  3.536614E+00 7.349E-02
  3.536838E+00 5.914E-02
  3.537114E+00 4.570E-02
  3.537442E+00 3.352E-02
  3.537764E+00 2.408E-02
  3.538081E+00 1.655E-02
  3.538341E+00 1.146E-02
  3.538547E+00 8.137E-03
  3.538700E+00 6.111E-03
  3.538801E+00 5.012E-03
  3.538902E+00 4.144E-03
  3.539002E+00 3.544E-03
  3.539052E+00 3.359E-03
  3.539102E+00 3.261E-03
  3.539152E+00 3.258E-03
  3.539202E+00 3.361E-03
  3.539251E+00 3.581E-03
  3.539300E+00 3.932E-03
  3.539350E+00 4.431E-03
  3.539399E+00 5.097E-03
  3.539448E+00 5.951E-03
  3.539497E+00 7.021E-03
  3.539545E+00 8.338E-03
  3.539594E+00 9.939E-03
  3.539642E+00 1.187E-02
  3.539691E+00 1.418E-02
  3.539739E+00 1.694E-02
  3.539787E+00 2.023E-02
  3.539835E+00 2.414E-02
  3.539883E+00 2.880E-02
  3.539931E+00 3.436E-02
  3.539978E+00 4.101E-02
  3.540026E+00 4.899E-02
  3.540073E+00 5.863E-02
  3.540120E+00 7.034E-02
  3.540167E+00 8.468E-02
  3.540214E+00 1.024E-01
  3.540261E+00 1.246E-01
  3.540308E+00 1.528E-01
  3.540355E+00 1.894E-01
  3.540401E+00 2.380E-01
  3.540448E+00 3.052E-01
  3.540494E+00 4.035E-01
  3.540540E+00 5.623E-01
  3.540586E+00 8.734E-01
  3.540632E+00 1.830E+00
  3.540678E+00 1.257E+01
  3.540724E+00 1.331E+00
  3.540770E+00 6.884E-01
  3.540815E+00 8.271E-01
  3.540861E+00 1.032E+00
  3.540906E+00 1.204E+00
  3.540951E+00 1.290E+00
  3.540996E+00 1.272E+00
  3.541041E+00 1.174E+00
  3.541175E+00 7.591E-01
  3.541220E+00 6.451E-01
  3.541264E+00 5.500E-01
  3.541308E+00 4.715E-01
  3.541353E+00 4.071E-01
  3.541397E+00 3.540E-01
  3.541441E+00 3.100E-01
  3.541528E+00 2.425E-01
  3.541615E+00 1.942E-01
  3.541702E+00 1.589E-01
  3.541789E+00 1.326E-01
  3.541874E+00 1.127E-01
  3.541960E+00 9.774E-02
  3.542087E+00 8.226E-02
  3.542214E+00 7.352E-02
  3.542340E+00 7.069E-02
  3.542464E+00 7.382E-02
  3.542547E+00 7.961E-02
  3.542629E+00 8.889E-02
  3.542711E+00 1.023E-01
  3.542793E+00 1.209E-01
  3.542874E+00 1.460E-01
  3.542954E+00 1.792E-01
  3.543035E+00 2.230E-01
  3.543115E+00 2.803E-01
  3.543194E+00 3.545E-01
  3.543273E+00 4.486E-01
  3.543391E+00 6.193E-01
  3.543431E+00 6.664E-01
  3.543470E+00 6.697E-01
  3.543509E+00 5.255E-01
  3.543547E+00 1.816E-01
  3.543586E+00 4.076E-01
  3.543625E+00 7.857E-01
  3.543664E+00 9.990E-01
  3.543702E+00 1.123E+00
  3.543741E+00 1.196E+00
  3.543779E+00 1.233E+00
  3.543855E+00 1.225E+00
  3.543931E+00 1.140E+00
  3.544195E+00 6.878E-01
  3.544306E+00 5.259E-01
  3.544417E+00 3.924E-01
  3.544527E+00 2.810E-01
  3.544600E+00 2.190E-01
  3.544637E+00 1.951E-01
  3.544673E+00 1.822E-01
  3.544709E+00 1.955E-01
  3.544745E+00 2.819E-01
  3.544781E+00 6.228E-01
  3.544817E+00 2.253E+00
  3.544853E+00 1.287E+01
  3.544889E+00 8.411E+00
  3.544924E+00 3.112E+00
  3.544960E+00 1.732E+00
  3.544995E+00 1.183E+00
  3.545031E+00 9.015E-01
  3.545066E+00 7.323E-01
  3.545102E+00 6.198E-01
  3.545137E+00 5.393E-01
  3.545172E+00 4.785E-01
  3.545207E+00 4.308E-01
  3.545277E+00 3.599E-01
  3.545346E+00 3.089E-01
  3.545450E+00 2.533E-01
  3.545587E+00 2.008E-01
  3.545723E+00 1.622E-01
  3.545891E+00 1.250E-01
  3.546057E+00 9.558E-02
  3.546255E+00 6.689E-02
  3.546417E+00 4.700E-02
  3.546577E+00 3.020E-02
  3.546673E+00 2.160E-02
  3.546736E+00 1.655E-02
  3.546799E+00 1.212E-02
  3.546862E+00 8.407E-03
  3.546893E+00 6.859E-03
  3.546924E+00 5.544E-03
  3.546955E+00 4.486E-03
  3.546987E+00 3.713E-03
  3.547018E+00 3.261E-03
  3.547048E+00 3.166E-03
  3.547079E+00 3.477E-03
  3.547110E+00 4.247E-03
  3.547141E+00 5.539E-03
  3.547171E+00 7.430E-03
  3.547202E+00 1.001E-02
  3.547233E+00 1.338E-02
  3.547263E+00 1.768E-02
  3.547293E+00 2.305E-02
  3.547324E+00 2.967E-02
  3.547354E+00 3.779E-02
  3.547384E+00 4.765E-02
  3.547414E+00 5.961E-02
  3.547444E+00 7.407E-02
  3.547474E+00 9.155E-02
  3.547504E+00 1.127E-01
  3.547534E+00 1.383E-01
  3.547564E+00 1.694E-01
  3.547594E+00 2.074E-01
  3.547623E+00 2.539E-01
  3.547653E+00 3.113E-01
  3.547682E+00 3.825E-01
  3.547712E+00 4.714E-01
  3.547741E+00 5.833E-01
  3.547771E+00 7.254E-01
  3.547800E+00 9.073E-01
  3.547829E+00 1.142E+00
  3.547858E+00 1.446E+00
  3.547888E+00 1.840E+00
  3.547917E+00 2.349E+00
  3.547946E+00 2.994E+00
  3.547974E+00 3.789E+00
  3.548003E+00 4.756E+00
  3.548032E+00 6.178E+00
  3.548061E+00 1.268E+01
  3.548090E+00 2.650E+01
  3.548118E+00 6.931E+00
  3.548147E+00 5.030E+00
  3.548175E+00 4.097E+00
  3.548204E+00 3.409E+00
  3.548232E+00 2.863E+00
  3.548260E+00 2.423E+00
  3.548289E+00 2.068E+00
  3.548317E+00 1.780E+00
  3.548345E+00 1.546E+00
  3.548373E+00 1.353E+00
  3.548401E+00 1.193E+00
  3.548429E+00 1.059E+00
  3.548485E+00 8.506E-01
  3.548540E+00 6.977E-01
  3.548595E+00 5.826E-01
  3.548650E+00 4.943E-01
  3.548705E+00 4.254E-01
  3.548787E+00 3.489E-01
  3.548868E+00 2.965E-01
  3.548949E+00 2.632E-01
  3.549029E+00 2.470E-01
  3.549109E+00 2.483E-01
  3.549188E+00 2.697E-01
  3.549241E+00 2.976E-01
  3.549293E+00 3.390E-01
  3.549345E+00 3.973E-01
  3.549397E+00 4.770E-01
  3.549449E+00 5.839E-01
  3.549500E+00 7.255E-01
  3.549552E+00 9.108E-01
  3.549603E+00 1.148E+00
  3.549679E+00 1.589E+00
  3.549704E+00 1.707E+00
  3.549729E+00 1.665E+00
  3.549755E+00 1.032E+00
  3.549780E+00 1.672E+00
  3.549805E+00 2.696E+00
  3.549830E+00 3.179E+00
  3.549880E+00 3.804E+00
  3.549930E+00 4.198E+00
  3.549979E+00 4.327E+00
  3.550028E+00 4.193E+00
  3.550102E+00 3.655E+00
  3.550248E+00 2.338E+00
  3.550320E+00 1.793E+00
  3.550392E+00 1.336E+00
  3.550463E+00 9.551E-01
  3.550511E+00 7.572E-01
  3.550534E+00 6.965E-01
  3.550558E+00 6.954E-01
  3.550582E+00 8.291E-01
  3.550605E+00 1.311E+00
  3.550628E+00 2.884E+00
  3.550652E+00 9.085E+00
  3.550675E+00 4.188E+01
  3.550698E+00 5.028E+01
  3.550722E+00 1.863E+01
  3.550745E+00 9.695E+00
  3.550768E+00 6.321E+00
  3.550791E+00 4.663E+00
  3.550814E+00 3.702E+00
  3.550837E+00 3.082E+00
  3.550860E+00 2.649E+00
  3.550883E+00 2.329E+00
  3.550906E+00 2.083E+00
  3.550952E+00 1.725E+00
  3.550997E+00 1.475E+00
  3.551065E+00 1.209E+00
  3.551132E+00 1.017E+00
  3.551222E+00 8.256E-01
  3.551332E+00 6.452E-01
  3.551464E+00 4.770E-01
  3.551593E+00 3.397E-01
  3.551743E+00 2.045E-01
  3.551828E+00 1.377E-01
  3.551891E+00 9.309E-02
  3.551932E+00 6.663E-02
  3.551974E+00 4.343E-02
  3.551995E+00 3.331E-02
  3.552016E+00 2.433E-02
  3.552036E+00 1.666E-02
  3.552057E+00 1.049E-02
  3.552077E+00 6.025E-03
  3.552098E+00 3.531E-03
  3.552119E+00 3.316E-03
  3.552139E+00 5.744E-03
  3.552159E+00 1.125E-02
  3.552180E+00 2.036E-02
  3.552200E+00 3.369E-02
  3.552221E+00 5.201E-02
  3.552241E+00 7.621E-02
  3.552261E+00 1.074E-01
  3.552281E+00 1.470E-01
  3.552301E+00 1.966E-01
  3.552322E+00 2.583E-01
  3.552342E+00 3.346E-01
  3.552362E+00 4.289E-01
  3.552382E+00 5.451E-01
  3.552402E+00 6.884E-01
  3.552422E+00 8.656E-01
  3.552442E+00 1.085E+00
  3.552462E+00 1.358E+00
  3.552481E+00 1.700E+00
  3.552501E+00 2.129E+00
  3.552521E+00 2.672E+00
  3.552541E+00 3.365E+00
  3.552560E+00 4.253E+00
  3.552580E+00 5.400E+00
  3.552600E+00 6.887E+00
  3.552619E+00 8.815E+00
  3.552639E+00 1.129E+01
  3.552658E+00 1.441E+01
  3.552678E+00 1.813E+01
  3.552716E+00 2.591E+01
  3.552736E+00 2.832E+01
  3.552755E+00 2.876E+01
  3.552774E+00 2.770E+01
  3.552794E+00 2.879E+01
  3.552813E+00 7.182E+01
  3.552832E+00 2.643E+02
  3.552851E+00 5.397E+01
  3.552870E+00 3.047E+01
  3.552889E+00 2.201E+01
  3.552908E+00 1.740E+01
  3.552927E+00 1.439E+01
  3.552946E+00 1.223E+01
  3.552965E+00 1.058E+01
  3.552984E+00 9.293E+00
  3.553003E+00 8.250E+00
  3.553041E+00 6.673E+00
  3.553078E+00 5.544E+00
  3.553115E+00 4.703E+00
  3.553171E+00 3.790E+00
  3.553227E+00 3.151E+00
  3.553282E+00 2.698E+00
  3.553337E+00 2.386E+00
  3.553391E+00 2.196E+00
  3.553445E+00 2.126E+00
  3.553499E+00 2.194E+00
  3.553553E+00 2.435E+00
  3.553589E+00 2.722E+00
  3.553624E+00 3.142E+00
  3.553659E+00 3.733E+00
  3.553695E+00 4.546E+00
  3.553730E+00 5.645E+00
  3.553765E+00 7.110E+00
  3.553799E+00 9.016E+00
  3.553851E+00 1.252E+01
  3.553869E+00 1.338E+01
  3.553886E+00 1.285E+01
  3.553903E+00 1.166E+01
  3.553920E+00 2.611E+01
  3.553938E+00 3.059E+01
  3.554023E+00 4.680E+01
  3.554057E+00 5.146E+01
  3.554091E+00 5.329E+01
  3.554124E+00 5.220E+01
  3.554174E+00 4.677E+01
  3.554307E+00 2.812E+01
  3.554389E+00 1.865E+01
  3.554438E+00 1.414E+01
  3.554454E+00 1.320E+01
  3.554471E+00 1.303E+01
  3.554487E+00 1.450E+01
  3.554503E+00 1.978E+01
  3.554519E+00 3.506E+01
  3.554535E+00 8.194E+01
  3.554551E+00 2.619E+02
  3.554567E+00 1.088E+03
  3.554583E+00 1.095E+03
  3.554599E+00 4.477E+02
  3.554615E+00 2.451E+02
  3.554631E+00 1.647E+02
  3.554647E+00 1.244E+02
  3.554663E+00 1.011E+02
  3.554679E+00 8.604E+01
  3.554694E+00 7.569E+01
  3.554710E+00 6.818E+01
  3.554726E+00 6.252E+01
  3.554757E+00 5.461E+01
  3.554804E+00 4.748E+01
  3.554867E+00 4.226E+01
  3.554944E+00 3.906E+01
  3.555051E+00 3.778E+01
  3.555171E+00 3.925E+01
  3.555275E+00 4.291E+01
  3.555364E+00 4.827E+01
  3.555451E+00 5.665E+01
  3.555523E+00 6.732E+01
  3.555581E+00 7.987E+01
  3.555623E+00 9.269E+01
  3.555666E+00 1.103E+02
  3.555708E+00 1.353E+02
  3.555736E+00 1.581E+02
  3.555764E+00 1.884E+02
  3.555792E+00 2.297E+02
  3.555820E+00 2.878E+02
  3.555834E+00 3.259E+02
  3.555861E+00 4.285E+02
  3.555875E+00 4.974E+02
  3.555889E+00 5.815E+02
  3.555903E+00 6.824E+02
  3.555944E+00 1.044E+03
  3.555957E+00 1.123E+03
  3.555971E+00 1.130E+03
  3.555985E+00 1.051E+03
  3.556012E+00 7.450E+02
  3.556025E+00 6.100E+02
  3.556039E+00 5.852E+02
  3.556052E+00 1.233E+03
  3.556066E+00 1.330E+04
  3.556079E+00 2.022E+03
  3.556093E+00 8.029E+02
  3.556106E+00 4.845E+02
  3.556119E+00 3.407E+02
  3.556133E+00 2.579E+02
  3.556146E+00 2.036E+02
  3.556159E+00 1.652E+02
  3.556173E+00 1.367E+02
  3.556186E+00 1.148E+02
  3.556199E+00 9.746E+01
  3.556212E+00 8.357E+01
  3.556239E+00 6.286E+01
  3.556252E+00 5.503E+01
  3.556265E+00 4.844E+01
  3.556291E+00 3.807E+01
  3.556304E+00 3.397E+01
  3.556331E+00 2.735E+01
  3.556357E+00 2.235E+01
  3.556395E+00 1.697E+01
  3.556421E+00 1.441E+01
  3.556447E+00 1.246E+01
  3.556485E+00 1.044E+01
  3.556524E+00 9.282E+00
  3.556562E+00 8.847E+00
  3.556599E+00 9.085E+00
  3.556637E+00 1.001E+01
  3.556675E+00 1.171E+01
  3.556712E+00 1.427E+01
  3.556761E+00 1.847E+01
  3.556774E+00 1.900E+01
  3.556786E+00 1.836E+01
  3.556798E+00 1.997E+01
  3.556811E+00 4.416E+01
  3.556835E+00 4.466E+01
  3.556896E+00 5.459E+01
  3.556920E+00 5.583E+01
  3.556944E+00 5.384E+01
  3.556980E+00 4.598E+01
  3.557040E+00 2.953E+01
  3.557075E+00 2.149E+01
  3.557099E+00 1.717E+01
  3.557122E+00 1.359E+01
  3.557146E+00 1.062E+01
  3.557169E+00 8.195E+00
  3.557181E+00 7.179E+00
  3.557204E+00 5.644E+00
  3.557216E+00 5.259E+00
  3.557228E+00 5.354E+00
  3.557239E+00 6.372E+00
  3.557251E+00 9.412E+00
  3.557262E+00 1.767E+01
  3.557274E+00 4.270E+01
  3.557285E+00 1.400E+02
  3.557297E+00 4.277E+02
  3.557308E+00 2.403E+02
  3.557320E+00 1.042E+02
  3.557331E+00 5.882E+01
  3.557342E+00 3.924E+01
  3.557354E+00 2.889E+01
  3.557365E+00 2.265E+01
  3.557377E+00 1.852E+01
  3.557388E+00 1.559E+01
  3.557399E+00 1.341E+01
  3.557422E+00 1.038E+01
  3.557444E+00 8.364E+00
  3.557467E+00 6.915E+00
  3.557489E+00 5.818E+00
  3.557512E+00 4.954E+00
  3.557545E+00 3.952E+00
  3.557578E+00 3.188E+00
  3.557611E+00 2.585E+00
  3.557655E+00 1.955E+00
  3.557698E+00 1.465E+00
  3.557752E+00 9.925E-01
  3.557795E+00 6.969E-01
  3.557827E+00 5.136E-01
  3.557859E+00 3.589E-01
  3.557891E+00 2.307E-01
  3.557912E+00 1.597E-01
  3.557933E+00 1.006E-01
  3.557954E+00 5.398E-02
  3.557965E+00 3.579E-02
  3.557975E+00 2.130E-02
  3.557985E+00 1.079E-02
  3.557996E+00 4.607E-03
  3.558006E+00 3.178E-03
  3.558017E+00 7.021E-03
  3.558027E+00 1.676E-02
  3.558037E+00 3.317E-02
  3.558048E+00 5.719E-02
  3.558058E+00 8.994E-02
  3.558068E+00 1.328E-01
  3.558078E+00 1.876E-01
  3.558089E+00 2.563E-01
  3.558099E+00 3.417E-01
  3.558109E+00 4.472E-01
  3.558119E+00 5.768E-01
  3.558130E+00 7.360E-01
  3.558140E+00 9.318E-01
  3.558150E+00 1.173E+00
  3.558160E+00 1.471E+00
  3.558170E+00 1.842E+00
  3.558180E+00 2.306E+00
  3.558191E+00 2.889E+00
  3.558201E+00 3.629E+00
  3.558211E+00 4.572E+00
  3.558221E+00 5.783E+00
  3.558231E+00 7.337E+00
  3.558241E+00 9.323E+00
  3.558258E+00 1.396E+01
  3.568248E+00 1.079E-01
  3.568258E+00 3.769E-01
  3.593201E+00 4.600E-02
  3.618145E+00 2.281E-02
  3.643088E+00 1.688E-02
  3.668031E+00 1.421E-02
  3.692975E+00 1.247E-02
  3.717918E+00 1.126E-02
  3.767805E+00 9.748E-03
  3.842635E+00 8.175E-03
  3.892521E+00 7.621E-03
  4.067124E+00 7.087E-03
  4.765537E+00 5.535E-03
  5.339233E+00 4.364E-03
  5.813156E+00 3.420E-03
  6.012703E+00 3.185E-03
  6.134170E+00 3.000E-03
  6.258084E+00 2.825E-03
  6.384505E+00 2.660E-03
  6.513484E+00 2.505E-03
  6.645065E+00 2.360E-03
  6.779303E+00 2.222E-03
  6.916251E+00 2.093E-03
  7.055970E+00 1.971E-03
  7.198509E+00 1.856E-03
  7.343934E+00 1.748E-03
  7.492288E+00 1.646E-03
  7.643641E+00 1.550E-03
  7.798057E+00 1.460E-03
  7.955585E+00 1.375E-03
  8.116297E+00 1.295E-03
  8.280259E+00 1.220E-03
  8.447530E+00 1.148E-03
  8.618184E+00 1.082E-03
  8.792279E+00 1.019E-03
  8.969901E+00 9.593E-04
  9.151100E+00 9.034E-04
  9.335964E+00 8.508E-04
  9.524566E+00 8.013E-04
  9.716976E+00 7.546E-04
  9.913267E+00 7.107E-04
  1.011353E+01 6.693E-04
  1.031784E+01 6.303E-04
  1.052627E+01 5.936E-04
  1.073892E+01 5.590E-04
  1.095586E+01 5.265E-04
  1.117718E+01 4.958E-04
  1.140297E+01 4.669E-04
  1.163333E+01 4.398E-04
  1.186834E+01 4.141E-04
  1.210810E+01 3.900E-04
  1.235269E+01 3.673E-04
  1.260224E+01 3.459E-04
  1.285682E+01 3.258E-04
  1.311654E+01 3.068E-04
  1.338152E+01 2.889E-04
  1.365184E+01 2.721E-04
  1.392763E+01 2.563E-04
  1.420898E+01 2.413E-04
  1.449602E+01 2.273E-04
  1.478886E+01 2.140E-04
  1.508762E+01 2.016E-04
  1.539241E+01 1.898E-04
  1.570335E+01 1.788E-04
  1.602058E+01 1.684E-04
  1.634421E+01 1.586E-04
  1.667438E+01 1.493E-04
  1.701123E+01 1.406E-04
  1.735487E+01 1.325E-04
  1.770547E+01 1.247E-04
  1.806314E+01 1.175E-04
  1.842804E+01 1.106E-04
  1.880031E+01 1.042E-04
  1.918011E+01 9.812E-05
  1.956757E+01 9.241E-05
  1.996286E+01 8.703E-05
  2.036613E+01 8.196E-05
  2.077757E+01 7.719E-05
  2.119730E+01 7.269E-05
  2.162552E+01 6.846E-05
  2.206236E+01 6.447E-05
  2.250807E+01 6.072E-05
  2.296275E+01 5.718E-05
  2.342664E+01 5.385E-05