  4.002274E-02 5.315E+01
  9.130746E-02 5.664E+00
  1.412882E-01 1.494E+00
  1.900089E-01 5.695E-01
  2.375116E-01 2.655E-01
  2.838364E-01 1.404E-01
  3.290221E-01 8.108E-02
  3.731056E-01 5.027E-02
  4.161225E-01 3.308E-02
  4.581070E-01 2.290E-02
  4.990918E-01 1.650E-02
  5.391084E-01 1.226E-02
  5.781871E-01 9.294E-03
  6.163570E-01 7.150E-03
  6.536459E-01 5.561E-03
  6.900809E-01 4.368E-03
  7.256878E-01 3.467E-03
  7.604915E-01 2.787E-03
  7.945159E-01 2.273E-03
  8.277842E-01 1.885E-03
  8.603187E-01 1.590E-03
  8.921407E-01 1.362E-03
  9.232708E-01 1.185E-03
  9.537291E-01 1.043E-03
  1.012706E+00 8.262E-04
  1.096591E+00 5.911E-04
  1.175374E+00 4.138E-04
  1.225265E+00 3.217E-04
  1.273180E+00 2.494E-04
  1.319222E+00 1.949E-04
  1.363487E+00 1.554E-04
  1.406067E+00 1.276E-04
  1.447044E+00 1.085E-04
  1.486499E+00 9.558E-05
  1.542989E+00 8.361E-05
  1.710592E+00 6.128E-05
  1.784030E+00 4.754E-05
  1.889476E+00 2.520E-05
  1.925619E+00 1.853E-05
  1.960084E+00 1.319E-05
  1.982180E+00 1.035E-05
  2.003605E+00 8.024E-06
  2.024386E+00 6.167E-06
  2.044548E+00 4.711E-06
  2.064115E+00 3.594E-06
  2.083111E+00 2.759E-06
  2.101558E+00 2.153E-06
  2.110582E+00 1.923E-06
  2.119477E+00 1.735E-06
  2.128244E+00 1.585E-06
  2.136887E+00 1.469E-06
  2.153808E+00 1.329E-06
  2.170257E+00 1.295E-06
  2.186253E+00 1.349E-06
  2.201812E+00 1.482E-06
  2.216949E+00 1.686E-06
  2.238898E+00 2.111E-06
  2.259980E+00 2.668E-06
  2.280240E+00 3.348E-06
  2.306049E+00 4.432E-06
  2.336502E+00 6.057E-06
  2.365099E+00 7.975E-06
  2.397171E+00 1.070E-05
  2.427010E+00 1.401E-05
  2.450317E+00 1.741E-05
  2.472320E+00 2.167E-05
  2.493113E+00 2.723E-05
  2.508937E+00 3.306E-05
  2.524083E+00 4.070E-05
  2.538591E+00 5.099E-05
  2.549074E+00 6.124E-05
  2.559231E+00 7.459E-05
  2.569077E+00 9.236E-05
  2.578623E+00 1.166E-04
  2.584827E+00 1.381E-04
  2.590907E+00 1.654E-04
  2.596865E+00 2.009E-04
  2.602706E+00 2.481E-04
  2.608432E+00 3.125E-04
  2.611253E+00 3.538E-04
  2.614046E+00 4.032E-04
  2.616812E+00 4.629E-04
  2.619551E+00 5.359E-04
  2.622264E+00 6.265E-04
  2.624951E+00 7.405E-04
  2.627612E+00 8.865E-04
  2.630247E+00 1.077E-03
  2.632857E+00 1.333E-03
  2.635442E+00 1.686E-03
  2.638003E+00 2.191E-03
  2.640539E+00 2.947E-03
  2.643052E+00 4.150E-03
  2.645541E+00 6.224E-03
  2.648006E+00 1.024E-02
  2.650449E+00 1.951E-02
  2.652869E+00 4.845E-02
  2.655266E+00 1.954E-01
  2.657641E+00 2.529E-01
  2.659994E+00 6.088E-02
  2.662326E+00 2.391E-02
  2.664636E+00 1.259E-02
  2.666925E+00 7.781E-03
  2.669193E+00 5.307E-03
  2.671441E+00 3.869E-03
  2.673668E+00 2.959E-03
  2.675875E+00 2.346E-03
  2.678062E+00 1.913E-03
  2.680229E+00 1.596E-03
  2.682377E+00 1.356E-03
  2.684506E+00 1.170E-03
  2.686616E+00 1.023E-03
  2.688707E+00 9.051E-04
  2.692835E+00 7.282E-04
  2.696889E+00 6.042E-04
  2.700874E+00 5.137E-04
  2.706721E+00 4.178E-04
  2.712418E+00 3.519E-04
  2.719791E+00 2.919E-04
  2.728661E+00 2.435E-04
  2.738828E+00 2.074E-04
  2.750071E+00 1.823E-04
  2.763626E+00 1.651E-04
  2.780269E+00 1.567E-04
  2.799040E+00 1.599E-04
  2.814783E+00 1.736E-04
  2.825102E+00 1.924E-04
  2.830957E+00 2.123E-04
  2.834728E+00 2.348E-04
  2.837490E+00 2.641E-04
  2.839300E+00 2.978E-04
  2.840196E+00 3.236E-04
  2.841086E+00 3.606E-04
  2.841970E+00 4.179E-04
  2.842849E+00 5.176E-04
  2.843721E+00 7.276E-04
  2.844588E+00 1.368E-03
  2.845449E+00 7.423E-03
  2.846304E+00 6.115E-03
  2.847154E+00 4.358E-04
  2.847998E+00 1.480E-04
  2.848836E+00 1.027E-04
  2.849669E+00 9.743E-05
  2.850497E+00 1.016E-04
  2.854555E+00 1.324E-04
  2.859256E+00 1.563E-04
  2.868135E+00 1.850E-04
  2.882800E+00 2.157E-04
  2.897296E+00 2.338E-04
  2.899954E+00 2.489E-04
  2.901513E+00 2.701E-04
  2.902538E+00 2.947E-04
  2.903552E+00 3.337E-04
  2.904055E+00 3.612E-04
  2.904554E+00 3.964E-04
  2.905052E+00 4.415E-04
  2.905546E+00 4.998E-04
  2.906038E+00 5.758E-04
  2.906527E+00 6.760E-04
  2.907013E+00 8.098E-04
  2.907497E+00 9.913E-04
  2.907978E+00 1.242E-03
  2.908456E+00 1.596E-03
  2.908932E+00 2.112E-03
  2.909405E+00 2.887E-03
  2.909876E+00 4.109E-03
  2.910344E+00 6.150E-03
  2.910810E+00 9.850E-03
  2.911273E+00 1.739E-02
  2.911734E+00 3.573E-02
  2.912192E+00 9.558E-02
  2.912647E+00 3.664E-01
  2.913101E+00 3.534E-01
  2.913552E+00 1.102E-01
  2.914000E+00 4.991E-02
  2.914446E+00 2.897E-02
  2.914890E+00 1.940E-02
  2.915331E+00 1.423E-02
  2.915770E+00 1.109E-02
  2.916207E+00 9.046E-03
  2.916642E+00 7.629E-03
  2.917074E+00 6.604E-03
  2.917504E+00 5.837E-03
  2.917931E+00 5.248E-03
  2.918780E+00 4.420E-03
  2.919620E+00 3.885E-03
  2.920451E+00 3.537E-03
  2.921273E+00 3.337E-03
  2.922087E+00 3.315E-03
  2.922491E+00 3.444E-03
  2.922893E+00 3.863E-03
  2.923293E+00 5.765E-03
  2.923691E+00 6.401E-01
  2.924086E+00 2.644E-03
  2.924480E+00 2.023E-03
  2.931951E+00 2.078E-03
  2.935754E+00 2.246E-03
  2.938719E+00 2.514E-03
  2.940939E+00 2.874E-03
  2.942480E+00 3.310E-03
  2.943387E+00 3.728E-03
  2.943985E+00 4.134E-03
  2.944577E+00 4.727E-03
  2.944871E+00 5.143E-03
  2.945164E+00 5.687E-03
  2.945456E+00 6.432E-03
  2.945746E+00 7.526E-03
  2.946035E+00 9.376E-03
  2.946322E+00 8.893E-01
  2.946608E+00 1.502E-02
  2.946893E+00 2.711E-02
  2.947176E+00 7.855E-02
  2.947459E+00 8.309E+00
  2.947740E+00 6.558E-02
  2.948019E+00 1.107E-02
  2.948298E+00 3.667E-03
  2.948575E+00 1.724E-03
  2.948851E+00 1.098E-03
  2.949125E+00 9.031E-04
  2.949399E+00 8.739E-04
  2.949671E+00 9.140E-04
  2.950480E+00 1.151E-03
  2.952066E+00 1.622E-03
  2.955606E+00 2.459E-03
  2.959397E+00 3.395E-03
  2.961857E+00 4.209E-03
  2.963787E+00 5.102E-03
  2.965239E+00 6.062E-03
  2.966451E+00 7.233E-03
  2.967439E+00 8.683E-03
  2.968022E+00 9.940E-03
  2.968598E+00 1.173E-02
  2.968978E+00 1.343E-02
  2.969355E+00 1.585E-02
  2.969543E+00 1.748E-02
  2.969729E+00 1.954E-02
  2.969915E+00 2.221E-02
  2.970101E+00 2.581E-02
  2.970285E+00 3.086E-02
  2.970469E+00 3.839E-02
  2.970652E+00 5.046E-02
  2.970834E+00 7.202E-02
  2.971016E+00 1.171E-01
  2.971197E+00 2.381E-01
  2.971377E+00 6.716E-01
  2.971556E+00 8.009E-01
  2.971735E+00 2.198E-01
  2.971913E+00 7.960E-02
  2.972090E+00 3.813E-02
  2.972267E+00 2.191E-02
  2.972443E+00 1.439E-02
  2.972618E+00 1.054E-02
  2.972793E+00 8.457E-03
  2.972967E+00 7.328E-03
  2.973140E+00 6.752E-03
  2.973313E+00 6.523E-03
  2.973485E+00 6.530E-03
  2.973656E+00 6.713E-03
  2.973997E+00 7.508E-03
  2.974166E+00 8.121E-03
  2.974335E+00 8.907E-03
  2.974503E+00 9.920E-03
  2.974670E+00 1.125E-02
  2.974837E+00 1.307E-02
  2.975003E+00 1.571E-02
  2.975168E+00 1.983E-02
  2.975333E+00 2.716E-02
  2.975497E+00 4.308E-02
  2.975661E+00 9.486E-02
  2.975824E+00 7.184E-01
  2.975986E+00 3.375E-01
  2.976148E+00 2.735E-02
  2.976309E+00 5.971E-03
  2.976469E+00 1.864E-03
  2.976629E+00 1.099E-03
  2.976789E+00 1.412E-03
  2.976947E+00 2.529E-03
  2.977105E+00 6.473E-03
  2.977263E+00 6.305E-01
  2.977420E+00 3.605E-03
  2.977576E+00 1.597E-03
  2.977732E+00 1.719E-03
  2.978349E+00 2.912E-03
  2.979107E+00 4.124E-03
  2.980146E+00 5.435E-03
  2.981016E+00 6.235E-03
  2.981585E+00 6.490E-03
  2.982006E+00 6.401E-03
  2.982423E+00 5.894E-03
  2.982698E+00 5.302E-03
  2.982835E+00 5.107E-03
  2.982972E+00 5.565E-03
  2.983108E+00 9.139E-03
  2.983243E+00 3.323E-02
  2.983378E+00 6.127E-01
  2.983513E+00 5.212E-01
  2.983647E+00 1.106E-01
  2.983781E+00 6.157E-02
  2.983914E+00 4.517E-02
  2.984046E+00 3.747E-02
  2.984179E+00 3.319E-02
  2.984310E+00 3.058E-02
  2.984441E+00 2.889E-02
  2.984703E+00 2.703E-02
  2.985091E+00 2.609E-02
  2.985729E+00 2.658E-02
  2.986972E+00 2.973E-02
  2.987094E+00 2.966E-02
  2.987215E+00 2.891E-02
  2.987337E+00 2.548E-02
  2.987457E+00 3.090E-01
  2.987578E+00 4.423E-02
  2.987697E+00 4.059E-02
  2.987936E+00 4.008E-02
  2.988525E+00 4.372E-02
  2.989333E+00 5.188E-02
  2.990123E+00 6.307E-02
  2.990894E+00 7.829E-02
  2.991541E+00 9.598E-02
  2.992175E+00 1.200E-01
  2.992694E+00 1.473E-01
  2.993204E+00 1.846E-01
  2.993607E+00 2.253E-01
  2.994004E+00 2.808E-01
  2.994299E+00 3.367E-01
  2.994591E+00 4.110E-01
  2.994880E+00 5.130E-01
  2.995071E+00 6.037E-01
  2.995261E+00 7.213E-01
  2.995450E+00 8.775E-01
  2.995637E+00 1.092E+00
  2.995731E+00 1.230E+00
  2.995824E+00 1.398E+00
  2.995916E+00 1.603E+00
  2.996009E+00 1.858E+00
  2.996101E+00 2.180E+00
  2.996193E+00 2.598E+00
  2.996285E+00 3.151E+00
  2.996376E+00 3.907E+00
  2.996467E+00 4.980E+00
  2.996558E+00 6.576E+00
  2.996648E+00 9.099E+00
  2.996738E+00 1.343E+01
  2.996828E+00 2.179E+01
  2.996918E+00 4.099E+01
  2.997007E+00 9.867E+01
  2.997096E+00 3.083E+02
  2.997185E+00 2.639E+02
  2.997273E+00 8.549E+01
  2.997362E+00 3.755E+01
  2.997450E+00 2.092E+01
  2.997537E+00 1.358E+01
  2.997625E+00 9.868E+00
  2.997712E+00 7.925E+00
  2.997799E+00 7.095E+00
  2.997885E+00 7.336E+00
  2.997972E+00 9.551E+00
  2.998058E+00 1.972E+01
  2.998144E+00 2.128E+02
  2.998229E+00 5.488E+01
  2.998314E+00 7.791E+00
  2.998400E+00 3.040E+00
  2.998484E+00 1.715E+00
  2.998569E+00 1.179E+00
  2.998653E+00 9.178E-01
  2.998737E+00 7.832E-01
  2.998821E+00 7.203E-01
  2.998904E+00 7.081E-01
  2.998988E+00 7.402E-01
  2.999071E+00 8.194E-01
  2.999153E+00 9.568E-01
  2.999236E+00 1.175E+00
  2.999318E+00 1.517E+00
  2.999400E+00 2.062E+00
  2.999482E+00 2.972E+00
  2.999563E+00 4.615E+00
  2.999644E+00 7.964E+00
  2.999725E+00 1.634E+01
  2.999806E+00 4.766E+01
  2.999887E+00 4.566E+02
  2.999967E+00 4.450E+02
  3.000047E+00 5.286E+01
  3.000127E+00 1.987E+01
  3.000206E+00 1.053E+01
  3.000286E+00 6.588E+00
  3.000365E+00 4.548E+00
  3.000444E+00 3.347E+00
  3.000522E+00 2.575E+00
  3.000601E+00 2.047E+00
  3.000679E+00 1.666E+00
  3.000757E+00 1.381E+00
  3.000834E+00 1.161E+00
  3.000912E+00 9.850E-01
  3.000989E+00 8.411E-01
  3.001066E+00 7.203E-01
  3.001219E+00 5.242E-01
  3.001448E+00 2.799E-01
  3.001523E+00 1.960E-01
  3.001599E+00 1.048E-01
  3.001674E+00 3.465E-02
  3.001749E+00 9.321E-01
  3.001823E+00 1.434E+01
  3.001898E+00 1.825E+00
  3.001972E+00 9.878E-01
  3.002046E+00 7.065E-01
  3.002120E+00 5.628E-01
  3.002194E+00 4.738E-01
  3.002267E+00 4.135E-01
  3.002341E+00 3.719E-01
  3.002414E+00 3.468E-01
  3.002487E+00 3.416E-01
  3.002559E+00 3.697E-01
  3.002632E+00 4.702E-01
  3.002704E+00 7.732E-01
  3.002776E+00 1.887E+00
  3.002847E+00 1.021E+01
  3.002919E+00 3.871E+02
  3.002990E+00 8.272E+00
  3.003062E+00 2.921E+00
  3.003132E+00 1.660E+00
  3.003203E+00 1.150E+00
  3.003274E+00 8.851E-01
  3.003344E+00 7.252E-01
  3.003414E+00 6.189E-01
  3.003484E+00 5.432E-01
  3.003554E+00 4.866E-01
  3.003623E+00 4.424E-01
  3.003762E+00 3.776E-01
  3.003968E+00 3.136E-01
  3.004240E+00 2.589E-01
  3.004576E+00 2.135E-01
  3.005039E+00 1.631E-01
  3.005104E+00 1.537E-01
  3.005169E+00 1.409E-01
  3.005234E+00 1.194E-01
  3.005299E+00 6.947E-02
  3.005364E+00 6.043E-01
  3.005428E+00 2.469E-01
  3.005492E+00 2.049E-01
  3.005556E+00 1.874E-01
  3.005684E+00 1.699E-01
  3.005937E+00 1.523E-01
  3.006435E+00 1.337E-01
  3.007102E+00 1.205E-01
  3.007749E+00 1.158E-01
  3.008321E+00 1.193E-01
  3.008712E+00 1.281E-01
  3.009042E+00 1.430E-01
  3.009313E+00 1.652E-01
  3.009474E+00 1.861E-01
  3.009633E+00 2.170E-01
  3.009739E+00 2.466E-01
  3.009844E+00 2.880E-01
  3.009949E+00 3.486E-01
  3.010001E+00 3.903E-01
  3.010053E+00 4.434E-01
  3.010104E+00 5.126E-01
  3.010156E+00 6.056E-01
  3.010208E+00 7.350E-01
  3.010259E+00 9.238E-01
  3.010310E+00 1.216E+00
  3.010361E+00 1.707E+00
  3.010412E+00 2.633E+00
  3.010463E+00 4.706E+00
  3.010514E+00 1.072E+01
  3.010565E+00 3.075E+01
  3.010615E+00 2.389E+01
  3.010665E+00 7.499E+00
  3.010716E+00 3.141E+00
  3.010766E+00 1.653E+00
  3.010816E+00 1.007E+00
  3.010866E+00 6.814E-01
  3.010915E+00 5.053E-01
  3.010965E+00 4.118E-01
  3.011014E+00 3.779E-01
  3.011064E+00 4.132E-01
  3.011113E+00 6.102E-01
  3.011162E+00 1.741E+00
  3.011211E+00 5.224E+03
  3.011260E+00 1.263E+00
  3.011308E+00 2.944E-01
  3.011357E+00 1.281E-01
  3.011406E+00 7.207E-02
  3.011454E+00 4.647E-02
  3.011502E+00 3.248E-02
  3.011550E+00 2.391E-02
  3.011598E+00 1.823E-02
  3.011646E+00 1.425E-02
  3.011694E+00 1.135E-02
  3.011741E+00 9.175E-03
  3.011789E+00 7.496E-03
  3.011836E+00 6.175E-03
  3.011883E+00 5.116E-03
  3.011931E+00 4.252E-03
  3.011978E+00 3.534E-03
  3.012025E+00 2.932E-03
  3.012071E+00 2.439E-03
  3.012118E+00 2.102E-03
  3.012165E+00 2.165E-03
  3.012211E+00 3.917E-03
  3.012257E+00 1.987E-02
  3.012303E+00 2.133E+01
  3.012350E+00 5.392E-02
  3.012396E+00 1.926E-02
  3.012441E+00 1.174E-02
  3.012487E+00 8.657E-03
  3.012533E+00 6.993E-03
  3.012578E+00 5.933E-03
  3.012624E+00 5.172E-03
  3.012714E+00 4.061E-03
  3.012894E+00 2.190E-03
  3.012983E+00 1.100E-03
  3.013027E+00 5.322E-04
  3.013072E+00 1.242E-04
  3.013116E+00 5.654E-04
  3.013160E+00 5.501E-03
  3.013204E+00 5.103E-02
  3.013248E+00 8.481E+01
  3.013291E+00 1.726E-01
  3.013335E+00 6.137E-02
  3.013379E+00 3.760E-02
  3.013422E+00 2.835E-02
  3.013465E+00 2.397E-02
  3.013509E+00 2.202E-02
  3.013552E+00 2.190E-02
  3.013595E+00 2.390E-02
  3.013638E+00 2.951E-02
  3.013680E+00 4.325E-02
  3.013723E+00 8.138E-02
  3.013766E+00 2.334E-01
  3.013808E+00 2.241E+00
  3.013850E+00 2.885E+00
  3.013893E+00 3.638E-01
  3.013935E+00 1.546E-01
  3.013977E+00 9.351E-02
  3.014019E+00 6.690E-02
  3.014061E+00 5.265E-02
  3.014103E+00 4.400E-02
  3.014144E+00 3.828E-02
  3.014186E+00 3.427E-02
  3.014227E+00 3.132E-02
  3.014310E+00 2.731E-02
  3.014433E+00 2.378E-02
  3.014596E+00 2.116E-02
  3.014878E+00 1.872E-02
  3.015154E+00 1.670E-02
  3.015233E+00 1.565E-02
  3.015272E+00 1.482E-02
  3.015310E+00 1.354E-02
  3.015349E+00 1.129E-02
  3.015388E+00 7.583E-03
  3.015427E+00 3.752E-01
  3.015465E+00 3.928E-02
  3.015503E+00 2.860E-02
  3.015542E+00 2.522E-02
  3.015580E+00 2.359E-02
  3.015656E+00 2.203E-02
  3.015808E+00 2.094E-02
  3.016143E+00 2.073E-02
  3.016580E+00 2.205E-02
  3.016970E+00 2.471E-02
  3.017247E+00 2.810E-02
  3.017452E+00 3.213E-02
  3.017621E+00 3.725E-02
  3.017754E+00 4.336E-02
  3.017853E+00 4.993E-02
  3.017952E+00 5.936E-02
  3.018017E+00 6.819E-02
  3.018083E+00 8.029E-02
  3.018147E+00 9.760E-02
  3.018180E+00 1.093E-01
  3.018212E+00 1.239E-01
  3.018244E+00 1.425E-01
  3.018276E+00 1.670E-01
  3.018308E+00 2.001E-01
  3.018340E+00 2.467E-01
  3.018372E+00 3.152E-01
  3.018404E+00 4.227E-01
  3.018436E+00 6.063E-01
  3.018467E+00 9.602E-01
  3.018499E+00 1.778E+00
  3.018530E+00 4.249E+00
  3.018562E+00 1.177E+01
  3.018593E+00 7.263E+00
  3.018625E+00 2.385E+00
  3.018656E+00 1.051E+00
  3.018687E+00 5.724E-01
  3.018718E+00 3.579E-01
  3.018749E+00 2.476E-01
  3.018780E+00 1.869E-01
  3.018811E+00 1.544E-01
  3.018842E+00 1.427E-01
  3.018873E+00 1.550E-01
  3.018904E+00 2.196E-01
  3.018934E+00 5.281E-01
  3.018965E+00 1.124E+01
  3.018995E+00 1.033E+00
  3.019026E+00 1.834E-01
  3.019056E+00 7.431E-02
  3.019087E+00 4.079E-02
  3.019117E+00 2.615E-02
  3.019147E+00 1.835E-02
  3.019177E+00 1.365E-02
  3.019207E+00 1.055E-02
  3.019237E+00 8.387E-03
  3.019267E+00 6.808E-03
  3.019297E+00 5.616E-03
  3.019327E+00 4.694E-03
  3.019356E+00 3.969E-03
  3.019386E+00 3.392E-03
  3.019416E+00 2.932E-03
  3.019445E+00 2.570E-03
  3.019475E+00 2.301E-03
  3.019504E+00 2.138E-03
  3.019534E+00 2.138E-03
  3.019563E+00 2.472E-03
  3.019592E+00 3.770E-03
  3.019621E+00 9.441E-03
  3.019650E+00 7.636E-02
  3.019679E+00 1.851E-01
  3.019708E+00 1.998E-02
  3.019737E+00 8.549E-03
  3.019766E+00 5.229E-03
  3.019795E+00 3.735E-03
  3.019824E+00 2.889E-03
  3.019852E+00 2.334E-03
  3.019881E+00 1.928E-03
  3.019909E+00 1.605E-03
  3.019966E+00 1.084E-03
  3.020023E+00 6.479E-04
  3.020051E+00 4.691E-04
  3.020080E+00 3.633E-04
  3.020108E+00 4.551E-04
  3.020136E+00 1.138E-03
  3.020164E+00 3.933E-03
  3.020192E+00 1.775E-02
  3.020220E+00 2.063E-01
  3.020247E+00 5.635E-01
  3.020275E+00 6.937E-02
  3.020303E+00 3.238E-02
  3.020331E+00 2.161E-02
  3.020358E+00 1.722E-02
  3.020386E+00 1.547E-02
  3.020413E+00 1.548E-02
  3.020441E+00 1.739E-02
  3.020468E+00 2.257E-02
  3.020495E+00 3.550E-02
  3.020523E+00 7.441E-02
  3.020550E+00 2.740E-01
  3.020577E+00 2.348E+01
  3.020604E+00 5.548E-01
  3.020631E+00 1.381E-01
  3.020658E+00 6.787E-02
  3.020685E+00 4.330E-02
  3.020712E+00 3.168E-02
  3.020739E+00 2.518E-02
  3.020765E+00 2.111E-02
  3.020792E+00 1.838E-02
  3.020819E+00 1.644E-02
  3.020845E+00 1.501E-02
  3.020898E+00 1.304E-02
  3.020977E+00 1.131E-02
  3.021082E+00 1.005E-02
  3.021237E+00 9.039E-03
  3.021467E+00 7.946E-03
  3.021542E+00 7.178E-03
  3.021568E+00 6.706E-03
  3.021593E+00 5.975E-03
  3.021618E+00 4.763E-03
  3.021643E+00 4.781E-03
  3.021667E+00 1.216E-01
  3.021692E+00 2.145E-02
  3.021717E+00 1.532E-02
  3.021742E+00 1.330E-02
  3.021766E+00 1.233E-02
  3.021816E+00 1.141E-02
  3.021914E+00 1.082E-02
  3.022107E+00 1.082E-02
  3.022368E+00 1.165E-02
  3.022600E+00 1.311E-02
  3.022782E+00 1.503E-02
  3.022917E+00 1.724E-02
  3.023029E+00 1.996E-02
  3.023117E+00 2.311E-02
  3.023205E+00 2.777E-02
  3.023270E+00 3.295E-02
  3.023335E+00 4.068E-02
  3.023378E+00 4.826E-02
  3.023421E+00 5.914E-02
  3.023442E+00 6.650E-02
  3.023463E+00 7.573E-02
  3.023485E+00 8.757E-02
  3.023506E+00 1.031E-01
  3.023527E+00 1.243E-01
  3.023548E+00 1.541E-01
  3.023569E+00 1.983E-01
  3.023590E+00 2.681E-01
  3.023611E+00 3.884E-01
  3.023632E+00 6.231E-01
  3.023653E+00 1.175E+00
  3.023674E+00 2.878E+00
  3.023695E+00 7.673E+00
  3.023716E+00 4.217E+00
  3.023737E+00 1.421E+00
  3.023758E+00 6.418E-01
  3.023778E+00 3.557E-01
  3.023799E+00 2.253E-01
  3.023820E+00 1.576E-01
  3.023840E+00 1.202E-01
  3.023861E+00 1.003E-01
  3.023881E+00 9.359E-02
  3.023902E+00 1.025E-01
  3.023922E+00 1.455E-01
  3.023943E+00 3.430E-01
  3.023963E+00 5.455E+00
  3.023983E+00 8.622E-01
  3.024004E+00 1.423E-01
  3.024024E+00 5.685E-02
  3.024044E+00 3.113E-02
  3.024064E+00 2.000E-02
  3.024084E+00 1.411E-02
  3.024104E+00 1.056E-02
  3.024125E+00 8.231E-03
  3.024145E+00 6.607E-03
  3.024165E+00 5.421E-03
  3.024184E+00 4.527E-03
  3.024204E+00 3.837E-03
  3.024224E+00 3.296E-03
  3.024244E+00 2.869E-03
  3.024264E+00 2.533E-03
  3.024284E+00 2.279E-03
  3.024303E+00 2.104E-03
  3.024323E+00 2.027E-03
  3.024343E+00 2.097E-03
  3.024362E+00 2.469E-03
  3.024382E+00 3.656E-03
  3.024401E+00 8.224E-03
  3.024421E+00 5.059E-02
  3.024440E+00 2.452E-01
  3.024460E+00 1.722E-02
  3.024479E+00 6.643E-03
  3.024499E+00 3.842E-03
  3.024518E+00 2.646E-03
  3.024537E+00 1.994E-03
  3.024556E+00 1.578E-03
  3.024576E+00 1.283E-03
  3.024595E+00 1.056E-03
  3.024614E+00 8.712E-04
  3.024633E+00 7.158E-04
  3.024652E+00 5.867E-04
  3.024671E+00 4.907E-04
  3.024690E+00 4.517E-04
  3.024709E+00 5.323E-04
  3.024728E+00 8.999E-04
  3.024747E+00 2.065E-03
  3.024766E+00 6.014E-03
  3.024785E+00 2.520E-02
  3.024803E+00 4.020E-01
  3.024822E+00 2.907E-01
  3.024841E+00 5.220E-02
  3.024860E+00 2.587E-02
  3.024878E+00 1.778E-02
  3.024897E+00 1.463E-02
  3.024915E+00 1.376E-02
  3.024934E+00 1.472E-02
  3.024953E+00 1.821E-02
  3.024971E+00 2.707E-02
  3.024989E+00 5.233E-02
  3.025008E+00 1.631E-01
  3.025026E+00 3.026E+00
  3.025045E+00 6.913E-01
  3.025063E+00 1.286E-01
  3.025081E+00 5.762E-02
  3.025099E+00 3.499E-02
  3.025118E+00 2.479E-02
  3.025136E+00 1.925E-02
  3.025154E+00 1.587E-02
  3.025172E+00 1.363E-02
  3.025190E+00 1.206E-02
  3.025208E+00 1.090E-02
  3.025244E+00 9.344E-03
  3.025280E+00 8.356E-03
  3.025334E+00 7.426E-03
  3.025405E+00 6.700E-03
  3.025527E+00 6.012E-03
  3.025649E+00 5.440E-03
  3.025700E+00 4.961E-03
  3.025717E+00 4.686E-03
  3.025735E+00 4.285E-03
  3.025752E+00 3.665E-03
  3.025769E+00 2.815E-03
  3.025786E+00 2.075E-02
  3.025803E+00 3.328E-02
  3.025820E+00 1.382E-02
  3.025836E+00 1.061E-02
  3.025853E+00 9.366E-03
  3.025870E+00 8.724E-03
  3.025904E+00 8.095E-03
  3.025971E+00 7.681E-03
  3.026103E+00 7.713E-03
  3.026282E+00 8.397E-03
  3.026441E+00 9.573E-03
  3.026567E+00 1.112E-02
  3.026660E+00 1.291E-02
  3.026737E+00 1.514E-02
  3.026798E+00 1.776E-02
  3.026844E+00 2.055E-02
  3.026889E+00 2.449E-02
  3.026919E+00 2.812E-02
  3.026949E+00 3.303E-02
  3.026979E+00 3.992E-02
  3.026994E+00 4.448E-02
  3.027009E+00 5.011E-02
  3.027023E+00 5.719E-02
  3.027038E+00 6.628E-02
  3.027053E+00 7.825E-02
  3.027068E+00 9.453E-02
  3.027082E+00 1.176E-01
  3.027097E+00 1.517E-01
  3.027112E+00 2.059E-01
  3.027127E+00 2.996E-01
  3.027141E+00 4.833E-01
  3.027156E+00 9.185E-01
  3.027170E+00 2.272E+00
  3.027185E+00 5.941E+00
  3.027199E+00 3.131E+00
  3.027214E+00 1.068E+00
  3.027228E+00 4.876E-01
  3.027243E+00 2.723E-01
  3.027257E+00 1.736E-01
  3.027272E+00 1.222E-01
  3.027286E+00 9.375E-02
  3.027300E+00 7.877E-02
  3.027315E+00 7.411E-02
  3.027329E+00 8.202E-02
  3.027343E+00 1.180E-01
  3.027358E+00 2.833E-01
  3.027372E+00 4.787E+00
  3.027386E+00 6.978E-01
  3.027400E+00 1.178E-01
  3.027414E+00 4.750E-02
  3.027429E+00 2.618E-02
  3.027443E+00 1.691E-02
  3.027457E+00 1.199E-02
  3.027471E+00 9.024E-03
  3.027485E+00 7.075E-03
  3.027499E+00 5.713E-03
  3.027513E+00 4.719E-03
  3.027527E+00 3.969E-03
  3.027541E+00 3.391E-03
  3.027555E+00 2.939E-03
  3.027569E+00 2.584E-03
  3.027583E+00 2.309E-03
  3.027596E+00 2.105E-03
  3.027610E+00 1.973E-03
  3.027624E+00 1.931E-03
  3.027638E+00 2.029E-03
  3.027652E+00 2.411E-03
  3.027665E+00 3.555E-03
  3.027679E+00 7.826E-03
  3.027693E+00 4.727E-02
  3.027707E+00 1.958E-01
  3.027720E+00 1.411E-02
  3.027734E+00 5.365E-03
  3.027747E+00 3.068E-03
  3.027761E+00 2.098E-03
  3.027775E+00 1.575E-03
  3.027788E+00 1.246E-03
  3.027802E+00 1.016E-03
  3.027815E+00 8.430E-04
  3.027829E+00 7.074E-04
  3.027842E+00 6.007E-04
  3.027855E+00 5.231E-04
  3.027869E+00 4.850E-04
  3.027882E+00 5.152E-04
  3.027896E+00 6.838E-04
  3.027909E+00 1.172E-03
  3.027922E+00 2.520E-03
  3.027936E+00 6.810E-03
  3.027949E+00 2.710E-02
  3.027962E+00 4.477E-01
  3.027989E+00 4.768E-02
  3.028002E+00 2.369E-02
  3.028015E+00 1.640E-02
  3.028028E+00 1.372E-02
  3.028041E+00 1.330E-02
  3.028054E+00 1.491E-02
  3.028067E+00 1.978E-02
  3.028080E+00 3.264E-02
  3.028093E+00 7.565E-02
  3.028106E+00 3.828E-01
  3.028119E+00 7.963E+00
  3.028132E+00 2.131E-01
  3.028145E+00 7.020E-02
  3.028158E+00 3.738E-02
  3.028171E+00 2.460E-02
  3.028184E+00 1.822E-02
  3.028197E+00 1.453E-02
  3.028210E+00 1.218E-02
  3.028223E+00 1.058E-02
  3.028235E+00 9.435E-03
  3.028248E+00 8.578E-03
  3.028274E+00 7.400E-03
  3.028299E+00 6.639E-03
  3.028337E+00 5.911E-03
  3.028388E+00 5.336E-03
  3.028475E+00 4.785E-03
  3.028574E+00 4.239E-03
  3.028598E+00 3.976E-03
  3.028610E+00 3.779E-03
  3.028622E+00 3.502E-03
  3.028635E+00 3.093E-03
  3.028647E+00 2.494E-03
  3.028659E+00 3.055E-03
  3.028671E+00 2.658E-01
  3.028683E+00 1.552E-02
  3.028695E+00 9.835E-03
  3.028707E+00 8.171E-03
  3.028719E+00 7.405E-03
  3.028731E+00 6.976E-03
  3.028755E+00 6.532E-03
  3.028803E+00 6.231E-03
  3.028897E+00 6.287E-03
  3.029025E+00 6.892E-03
  3.029128E+00 7.795E-03
  3.029219E+00 9.083E-03
  3.029297E+00 1.089E-02
  3.029352E+00 1.291E-02
  3.029396E+00 1.533E-02
  3.029429E+00 1.793E-02
  3.029451E+00 2.026E-02
  3.029483E+00 2.519E-02
  3.029505E+00 3.004E-02
  3.029526E+00 3.702E-02
  3.029537E+00 4.174E-02
  3.029548E+00 4.769E-02
  3.029558E+00 5.532E-02
  3.029569E+00 6.539E-02
  3.029580E+00 7.908E-02
  3.029590E+00 9.845E-02
  3.029601E+00 1.272E-01
  3.029612E+00 1.729E-01
  3.029622E+00 2.519E-01
  3.029633E+00 4.071E-01
  3.029644E+00 7.749E-01
  3.029654E+00 1.920E+00
  3.029665E+00 5.003E+00
  3.029675E+00 2.630E+00
  3.029686E+00 9.006E-01
  3.029696E+00 4.123E-01
  3.029707E+00 2.309E-01
  3.029717E+00 1.476E-01
  3.029728E+00 1.042E-01
  3.029738E+00 8.021E-02
  3.029748E+00 6.771E-02
  3.029759E+00 6.411E-02
  3.029769E+00 7.161E-02
  3.029780E+00 1.045E-01
  3.029790E+00 2.571E-01
  3.029800E+00 5.020E+00
  3.029811E+00 5.799E-01
  3.029821E+00 1.022E-01
  3.033383E+00 6.922E-01
  3.036712E+00 5.593E-01
  3.040013E+00 4.549E-01
  3.040023E+00 9.148E-01
  3.044140E+00 7.654E-01
  3.048213E+00 6.518E-01
  3.052240E+00 5.633E-01
  3.056223E+00 4.928E-01
  3.060162E+00 4.356E-01
  3.067912E+00 3.492E-01
  3.075495E+00 2.877E-01
  3.082916E+00 2.420E-01
  3.093752E+00 1.924E-01
  3.104249E+00 1.572E-01
  3.117740E+00 1.240E-01
  3.130683E+00 1.006E-01
  3.146135E+00 8.011E-02
  3.160830E+00 6.588E-02
  3.177531E+00 5.402E-02
  3.195828E+00 4.466E-02
  3.217639E+00 3.680E-02
  3.241956E+00 3.077E-02
  3.269654E+00 2.625E-02
  3.295868E+00 2.385E-02
  3.316111E+00 2.345E-02
  3.330318E+00 2.456E-02
  3.339629E+00 2.669E-02
  3.345982E+00 2.960E-02
  3.350896E+00 3.352E-02
  3.354487E+00 3.815E-02
  3.357999E+00 4.521E-02
  3.360299E+00 5.192E-02
  3.363685E+00 6.559E-02
  3.366999E+00 7.998E-02
  3.368088E+00 8.275E-02
  3.369169E+00 8.356E-02
  3.370243E+00 8.226E-02
  3.372367E+00 7.507E-02
  3.374461E+00 6.674E-02
  3.376526E+00 6.190E-02
  3.377547E+00 6.166E-02
  3.378562E+00 6.338E-02
  3.379569E+00 6.780E-02
  3.380570E+00 7.643E-02
  3.381563E+00 9.256E-02
  3.382550E+00 1.246E-01
  3.383530E+00 1.996E-01
  3.384503E+00 4.457E-01
  3.385469E+00 2.214E+00
  3.386429E+00 1.969E+00
  3.387382E+00 3.185E-01
  3.388329E+00 1.176E-01
  3.389269E+00 6.265E-02
  3.390203E+00 4.110E-02
  3.391130E+00 3.083E-02
  3.392052E+00 2.533E-02
  3.392967E+00 2.214E-02
  3.393876E+00 2.020E-02
  3.394778E+00 1.899E-02
  3.396566E+00 1.776E-02
  3.399203E+00 1.734E-02
  3.403483E+00 1.818E-02
  3.408436E+00 2.055E-02
  3.412419E+00 2.371E-02
  3.415515E+00 2.745E-02
  3.417785E+00 3.138E-02
  3.420013E+00 3.686E-02
  3.422199E+00 4.487E-02
  3.423634E+00 5.245E-02
  3.425051E+00 6.286E-02
  3.425753E+00 6.958E-02
  3.426451E+00 7.766E-02
  3.427144E+00 8.743E-02
  3.427833E+00 9.934E-02
  3.428518E+00 1.139E-01
  3.429199E+00 1.318E-01
  3.429875E+00 1.535E-01
  3.431216E+00 2.084E-01
  3.432541E+00 2.632E-01
  3.433197E+00 2.756E-01
  3.433849E+00 2.697E-01
  3.434498E+00 2.464E-01
  3.436420E+00 1.439E-01
  3.437053E+00 1.166E-01
  3.437682E+00 9.482E-02
  3.438308E+00 7.777E-02
  3.438930E+00 6.450E-02
  3.439548E+00 5.416E-02
  3.440162E+00 4.605E-02
  3.440773E+00 3.965E-02
  3.441380E+00 3.455E-02
  3.441984E+00 3.045E-02
  3.442584E+00 2.713E-02
  3.443774E+00 2.221E-02
  3.444950E+00 1.886E-02
  3.446112E+00 1.653E-02
  3.447831E+00 1.427E-02
  3.449520E+00 1.293E-02
  3.451727E+00 1.203E-02
  3.454417E+00 1.173E-02
  3.458057E+00 1.226E-02
  3.461559E+00 1.362E-02
  3.464455E+00 1.559E-02
  3.465868E+00 1.718E-02
  3.466797E+00 1.908E-02
  3.467258E+00 2.092E-02
  3.467716E+00 2.512E-02
  3.468172E+00 4.328E-02
  3.468626E+00 2.294E+00
  3.469077E+00 4.913E-02
  3.469525E+00 2.624E-02
  3.469972E+00 2.309E-02
  3.470416E+00 2.255E-02
  3.471297E+00 2.326E-02
  3.473031E+00 2.663E-02
  3.474729E+00 3.160E-02
  3.475979E+00 3.666E-02
  3.477211E+00 4.343E-02
  3.478423E+00 5.278E-02
  3.479221E+00 6.119E-02
  3.480010E+00 7.218E-02
  3.480792E+00 8.699E-02
  3.481566E+00 1.077E-01
  3.481950E+00 1.213E-01
  3.482332E+00 1.382E-01
  3.482712E+00 1.598E-01
  3.483090E+00 1.888E-01
  3.483467E+00 2.319E-01
  3.483841E+00 3.085E-01
  3.484214E+00 5.024E-01
  3.484584E+00 1.515E+00
  3.484953E+00 1.555E+01
  3.485320E+00 1.467E+00
  3.485685E+00 6.316E-01
  3.486049E+00 4.335E-01
  3.486410E+00 3.423E-01
  3.486770E+00 2.827E-01
  3.487128E+00 2.373E-01
  3.487484E+00 2.010E-01
  3.487839E+00 1.717E-01
  3.488192E+00 1.482E-01
  3.488543E+00 1.295E-01
  3.488892E+00 1.147E-01
  3.489240E+00 1.032E-01
  3.489586E+00 9.422E-02
  3.490272E+00 8.230E-02
  3.490952E+00 7.626E-02
  3.491626E+00 7.456E-02
  3.492293E+00 7.637E-02
  3.492954E+00 8.139E-02
  3.493608E+00 8.968E-02
  3.494256E+00 1.016E-01
  3.494898E+00 1.180E-01
  3.495534E+00 1.398E-01
  3.496164E+00 1.685E-01
  3.496788E+00 2.057E-01
  3.497406E+00 2.527E-01
  3.498625E+00 3.713E-01
  3.499524E+00 4.506E-01
  3.500117E+00 4.758E-01
  3.500995E+00 4.859E-01
  3.501286E+00 5.222E-01
  3.501575E+00 8.226E-01
  3.501862E+00 7.834E-01
  3.502148E+00 2.796E-01
  3.502717E+00 2.731E-01
  3.503280E+00 2.802E-01
  3.503560E+00 2.947E-01
  3.503838E+00 3.226E-01
  3.504116E+00 3.725E-01
  3.504392E+00 4.620E-01
  3.504666E+00 6.310E-01
  3.504940E+00 9.888E-01
  3.505212E+00 1.922E+00
  3.505483E+00 5.568E+00
  3.505753E+00 2.847E+01
  3.506022E+00 9.363E+00
  3.506289E+00 4.139E+00
  3.506555E+00 1.479E+00
  3.506820E+00 7.602E-01
  3.507084E+00 4.923E-01
  3.507347E+00 3.539E-01
  3.507608E+00 2.716E-01
  3.507868E+00 2.183E-01
  3.508128E+00 1.815E-01
  3.508386E+00 1.548E-01
  3.508643E+00 1.348E-01
  3.508898E+00 1.193E-01
  3.509153E+00 1.071E-01
  3.509659E+00 8.896E-02
  3.510160E+00 7.641E-02
  3.510904E+00 6.370E-02
  3.511639E+00 5.544E-02
  3.512603E+00 4.863E-02
  3.513551E+00 4.506E-02
  3.514483E+00 4.408E-02
  3.515398E+00 4.572E-02
  3.516075E+00 4.912E-02
  3.516743E+00 5.524E-02
  3.517184E+00 6.161E-02
  3.517621E+00 7.080E-02
  3.518055E+00 8.441E-02
  3.518270E+00 9.370E-02
  3.518485E+00 1.054E-01
  3.518698E+00 1.202E-01
  3.518911E+00 1.395E-01
  3.519123E+00 1.649E-01
  3.519334E+00 1.990E-01
  3.519544E+00 2.450E-01
  3.519753E+00 3.068E-01
  3.520169E+00 4.714E-01
  3.520376E+00 5.291E-01
  3.520582E+00 5.126E-01
  3.520786E+00 4.236E-01
  3.520991E+00 3.142E-01
  3.521194E+00 2.232E-01
  3.521396E+00 1.586E-01
  3.521598E+00 1.150E-01
  3.521799E+00 8.593E-02
  3.521999E+00 6.648E-02
  3.522198E+00 5.343E-02
  3.522396E+00 4.476E-02
  3.522594E+00 3.922E-02
  3.522791E+00 3.605E-02
  3.522987E+00 3.483E-02
  3.523182E+00 3.537E-02
  3.523376E+00 3.767E-02
  3.523570E+00 4.198E-02
  3.523763E+00 4.880E-02
  3.523955E+00 5.906E-02
  3.524146E+00 7.441E-02
  3.524336E+00 9.776E-02
  3.524526E+00 1.346E-01
  3.524715E+00 1.956E-01
  3.524904E+00 3.021E-01
  3.525091E+00 4.916E-01
  3.525278E+00 7.804E-01
  3.525464E+00 9.572E-01
  3.525649E+00 7.606E-01
  3.525834E+00 4.801E-01
  3.526017E+00 2.994E-01
  3.526201E+00 1.969E-01
  3.526383E+00 1.372E-01
  3.526565E+00 1.004E-01
  3.526746E+00 7.649E-02
  3.526926E+00 6.021E-02
  3.527105E+00 4.871E-02
  3.527284E+00 4.033E-02
  3.527462E+00 3.407E-02
  3.527640E+00 2.930E-02
  3.527816E+00 2.561E-02
  3.527992E+00 2.272E-02
  3.528168E+00 2.045E-02
  3.528342E+00 1.864E-02
  3.528690E+00 1.609E-02
  3.529034E+00 1.454E-02
  3.529376E+00 1.373E-02
  3.529546E+00 1.362E-02
  3.529716E+00 1.389E-02
  3.529884E+00 1.544E-02
  3.530052E+00 2.662E-02
  3.530220E+00 7.514E-01
  3.530387E+00 5.224E-02
  3.530553E+00 2.841E-02
  3.530718E+00 2.382E-02
  3.530883E+00 2.253E-02
  3.531047E+00 2.237E-02
  3.531374E+00 2.355E-02
  3.531859E+00 2.746E-02
  3.532180E+00 3.134E-02
  3.532498E+00 3.644E-02
  3.532813E+00 4.319E-02
  3.533127E+00 5.229E-02
  3.533438E+00 6.502E-02
  3.533592E+00 7.338E-02
  3.533746E+00 8.363E-02
  3.533900E+00 9.638E-02
  3.534053E+00 1.124E-01
  3.534205E+00 1.328E-01
  3.534357E+00 1.586E-01
  3.534659E+00 2.252E-01
  3.534809E+00 2.540E-01
  3.534958E+00 2.602E-01
  3.535107E+00 2.344E-01
  3.535403E+00 1.476E-01
  3.535551E+00 1.182E-01
  3.535698E+00 1.020E-01
  3.535844E+00 9.660E-02
  3.535990E+00 1.007E-01
  3.536135E+00 1.152E-01
  3.536279E+00 1.495E-01
  3.536424E+00 4.014E-01
  3.536567E+00 2.046E-01
  3.536710E+00 2.617E-01
  3.536853E+00 4.067E-01
  3.536995E+00 7.153E-01
  3.537136E+00 1.568E+00
  3.537277E+00 5.729E+00
  3.537418E+00 9.136E+01
  3.537558E+00 6.185E+00
  3.537697E+00 1.568E+00
  3.537836E+00 1.759E+00
  3.537975E+00 7.091E+00
  3.538113E+00 1.594E+00
  3.538250E+00 8.424E-01
  3.538387E+00 5.903E-01
  3.538524E+00 4.705E-01
  3.538660E+00 4.044E-01
  3.538796E+00 3.653E-01
  3.538931E+00 3.421E-01
  3.539065E+00 3.291E-01
  3.539333E+00 3.227E-01
  3.539599E+00 3.335E-01
  3.539994E+00 3.726E-01
  3.540385E+00 4.346E-01
  3.540900E+00 5.496E-01
  3.541534E+00 7.103E-01
  3.541784E+00 7.395E-01
  3.541909E+00 7.312E-01
  3.542033E+00 7.001E-01
  3.542280E+00 5.749E-01
  3.542403E+00 5.538E-01
  3.542525E+00 7.994E-01
  3.542647E+00 2.010E+00
  3.542769E+00 5.949E+00
  3.542890E+00 1.356E+01
  3.543010E+00 1.881E+01
  3.543131E+00 1.829E+01
  3.543370E+00 1.378E+01
  3.543489E+00 1.201E+01
  3.543608E+00 1.056E+01
  3.543726E+00 9.368E+00
  3.543961E+00 7.518E+00
  3.544195E+00 6.214E+00
  3.544427E+00 5.360E+00
  3.544543E+00 5.095E+00
  3.544658E+00 4.946E+00
  3.544773E+00 4.935E+00
  3.544887E+00 5.101E+00
  3.545001E+00 5.523E+00
  3.545114E+00 6.361E+00
  3.545228E+00 7.955E+00
  3.545340E+00 1.113E+01
  3.545453E+00 1.832E+01
  3.545565E+00 3.886E+01
  3.545676E+00 1.258E+02
  3.545788E+00 2.672E+02
  3.545899E+00 7.574E+01
  3.546009E+00 2.883E+01
  3.546119E+00 1.519E+01
  3.546229E+00 9.557E+00
  3.546339E+00 6.535E+00
  3.546448E+00 4.797E+00
  3.546556E+00 4.249E+00
  3.546665E+00 3.574E+00
  3.546773E+00 3.072E+00
  3.546880E+00 2.698E+00
  3.546988E+00 2.411E+00
  3.547201E+00 2.003E+00
  3.547413E+00 1.733E+00
  3.547729E+00 1.472E+00
  3.548041E+00 1.314E+00
  3.548453E+00 1.201E+00
  3.548860E+00 1.173E+00
  3.549261E+00 1.227E+00
  3.549559E+00 1.336E+00
  3.549853E+00 1.526E+00
  3.550048E+00 1.718E+00
  3.550242E+00 1.980E+00
  3.550434E+00 2.336E+00
  3.550626E+00 2.827E+00
  3.550721E+00 3.174E+00
  3.550816E+00 3.740E+00
  3.550910E+00 5.126E+00
  3.551004E+00 1.019E+01
  3.551098E+00 3.103E+01
  3.551192E+00 7.098E+01
  3.551285E+00 7.825E+01
  3.551564E+00 6.229E+01
  3.551656E+00 5.357E+01
  3.551839E+00 3.417E+01
  3.551931E+00 2.661E+01
  3.552022E+00 2.087E+01
  3.552113E+00 1.663E+01
  3.552203E+00 1.350E+01
  3.552293E+00 1.117E+01
  3.552383E+00 9.410E+00
  3.552473E+00 8.063E+00
  3.552562E+00 7.016E+00
  3.552651E+00 6.191E+00
  3.552740E+00 5.533E+00
  3.552917E+00 4.573E+00
  3.553092E+00 3.939E+00
  3.553267E+00 3.527E+00
  3.553441E+00 3.285E+00
  3.553613E+00 3.208E+00
  3.553699E+00 3.242E+00
  3.553784E+00 3.343E+00
  3.553870E+00 3.541E+00
  3.553955E+00 3.892E+00
  3.554040E+00 4.524E+00
  3.554124E+00 5.751E+00
  3.554208E+00 8.573E+00
  3.554292E+00 1.762E+01
  3.554376E+00 6.104E+01
  3.554460E+00 2.327E+01
  3.554543E+00 5.064E+00
  3.554626E+00 2.092E+00
  3.554709E+00 1.308E+00
  3.554791E+00 1.070E+00
  3.554873E+00 1.037E+00
  3.554955E+00 1.135E+00
  3.555037E+00 1.394E+00
  3.555119E+00 1.994E+00
  3.555200E+00 3.638E+00
  3.555281E+00 1.067E+01
  3.555362E+00 1.335E+02
  3.555442E+00 3.528E+01
  3.555523E+00 7.735E+00
  3.555603E+00 3.713E+00
  3.555682E+00 2.400E+00
  3.555762E+00 1.808E+00
  3.555841E+00 1.493E+00
  3.555920E+00 1.312E+00
  3.555999E+00 1.212E+00
  3.556078E+00 1.172E+00
  3.556156E+00 1.190E+00
  3.556234E+00 1.276E+00
  3.556312E+00 1.452E+00
  3.556390E+00 1.741E+00
  3.556467E+00 2.156E+00
  3.556622E+00 3.168E+00
  3.556698E+00 3.551E+00
  3.556775E+00 3.757E+00
  3.556851E+00 3.807E+00
  3.557230E+00 3.500E+00
  3.557454E+00 3.561E+00
  3.557602E+00 3.787E+00
  3.557750E+00 4.227E+00
  3.557823E+00 4.567E+00
  3.557897E+00 5.027E+00
  3.557970E+00 5.658E+00
  3.558042E+00 6.547E+00
  3.558115E+00 7.852E+00
  3.558187E+00 9.871E+00
  3.558260E+00 1.324E+01
  3.558332E+00 1.951E+01
  3.558403E+00 3.340E+01
  3.558475E+00 7.511E+01
  3.558546E+00 3.256E+02
  3.558618E+00 1.541E+03
  3.558688E+00 1.451E+02
  3.558759E+00 4.594E+01
  3.558830E+00 2.259E+01
  3.558900E+00 1.379E+01
  3.558970E+00 9.599E+00
  3.559040E+00 7.306E+00
  3.559110E+00 5.935E+00
  3.559179E+00 5.063E+00
  3.559249E+00 4.484E+00
  3.559318E+00 4.090E+00
  3.559387E+00 3.817E+00
  3.559524E+00 3.496E+00
  3.559729E+00 3.327E+00
  3.559864E+00 3.350E+00
  3.559931E+00 3.433E+00
  3.559999E+00 3.673E+00
  3.560066E+00 4.582E+00
  3.560133E+00 9.022E+00
  3.560199E+00 6.998E+00
  3.560266E+00 4.202E+00
  3.560332E+00 3.422E+00
  3.560398E+00 3.076E+00
  3.560464E+00 2.942E+00
  3.560530E+00 3.127E+00
  3.560595E+00 4.055E+00
  3.560660E+00 6.809E+00
  3.560726E+00 1.410E+01
  3.560791E+00 3.221E+01
  3.560855E+00 6.974E+01
  3.560920E+00 1.112E+02
  3.560984E+00 1.149E+02
  3.561113E+00 7.146E+01
  3.561177E+00 5.563E+01
  3.561240E+00 4.427E+01
  3.561304E+00 3.592E+01
  3.561367E+00 2.961E+01
  3.561430E+00 2.473E+01
  3.561493E+00 2.090E+01
  3.561556E+00 1.786E+01
  3.561619E+00 1.546E+01
  3.561681E+00 1.357E+01
  3.561744E+00 1.210E+01
  3.561806E+00 1.100E+01
  3.561868E+00 1.025E+01
  3.561930E+00 9.859E+00
  3.561991E+00 9.877E+00
  3.562053E+00 1.045E+01
  3.562114E+00 1.188E+01
  3.562175E+00 1.488E+01
  3.562236E+00 2.133E+01
  3.562297E+00 3.724E+01
  3.562358E+00 8.931E+01
  3.562418E+00 3.148E+02
  3.562478E+00 2.213E+02
  3.562538E+00 6.475E+01
  3.562598E+00 2.837E+01
  3.562658E+00 1.587E+01
  3.562718E+00 1.016E+01
  3.562777E+00 6.994E+00
  3.562837E+00 5.007E+00
  3.562896E+00 6.000E+00
  3.562955E+00 4.461E+00
  3.563014E+00 3.564E+00
  3.563072E+00 2.982E+00
  3.563131E+00 2.561E+00
  3.563189E+00 2.238E+00
  3.563248E+00 1.981E+00
  3.563363E+00 1.600E+00
  3.563479E+00 1.332E+00
  3.563593E+00 1.135E+00
  3.563764E+00 9.268E-01
  3.563934E+00 7.872E-01
  3.564102E+00 6.958E-01
  3.564269E+00 6.430E-01
  3.564435E+00 6.271E-01
  3.564599E+00 6.554E-01
  3.564708E+00 7.091E-01
  3.564816E+00 8.076E-01
  3.564870E+00 8.824E-01
  3.564923E+00 9.832E-01
  3.564977E+00 1.122E+00
  3.565030E+00 1.320E+00
  3.565084E+00 1.623E+00
  3.565137E+00 2.141E+00
  3.565190E+00 3.210E+00
  3.565243E+00 6.256E+00
  3.565296E+00 2.144E+01
  3.565348E+00 9.064E+01
  3.565401E+00 2.589E+01
  3.565453E+00 1.114E+01
  3.565505E+00 6.679E+00
  3.565557E+00 4.521E+00
  3.565609E+00 3.231E+00
  3.565661E+00 2.391E+00
  3.565713E+00 1.821E+00
  3.565764E+00 1.423E+00
  3.565816E+00 1.139E+00
  3.565867E+00 9.307E-01
  3.565918E+00 7.756E-01
  3.565969E+00 6.577E-01
  3.566020E+00 5.667E-01
  3.566071E+00 4.955E-01
  3.566121E+00 4.392E-01
  3.566172E+00 3.944E-01
  3.566222E+00 3.588E-01
  3.566323E+00 3.089E-01
  3.566422E+00 2.830E-01
  3.566472E+00 2.794E-01
  3.566522E+00 2.841E-01
  3.566571E+00 3.012E-01
  3.566621E+00 3.407E-01
  3.566670E+00 4.297E-01
  3.566719E+00 6.597E-01
  3.566768E+00 1.284E+00
  3.566817E+00 8.082E-01
  3.566865E+00 1.818E-01
  3.566914E+00 6.997E-02
  3.566962E+00 4.607E-02
  3.567011E+00 4.055E-02
  3.567059E+00 3.988E-02
  3.567155E+00 4.221E-02
  3.567203E+00 4.435E-02
  3.567251E+00 4.777E-02
  3.567298E+00 5.481E-02
  3.567346E+00 7.962E-02
  3.567393E+00 1.970E+00
  3.567440E+00 4.881E-02
  3.567488E+00 3.754E-02
  3.567535E+00 3.905E-02
  3.567628E+00 4.476E-02
  3.567722E+00 5.294E-02
  3.567768E+00 5.846E-02
  3.567814E+00 6.531E-02
  3.567860E+00 7.376E-02
  3.567907E+00 8.392E-02
  3.567953E+00 9.631E-02
  3.567998E+00 2.554E-01
  3.568044E+00 2.676E-01
  3.568090E+00 3.178E-01
  3.568135E+00 8.314E-01
  3.568181E+00 3.274E-01
  3.568226E+00 3.207E-01
  3.568271E+00 3.241E-01
  3.568316E+00 3.127E-01
  3.568361E+00 2.883E-01
  3.568495E+00 2.016E-01
  3.568540E+00 1.793E-01
  3.568584E+00 1.613E-01
  3.568673E+00 1.356E-01
  3.568761E+00 1.200E-01
  3.568848E+00 1.112E-01
  3.568936E+00 1.073E-01
  3.569066E+00 1.090E-01
  3.569195E+00 1.198E-01
  3.569280E+00 1.336E-01
  3.569323E+00 1.435E-01
  3.569365E+00 1.562E-01
  3.569408E+00 1.726E-01
  3.569450E+00 1.943E-01
  3.569492E+00 2.239E-01
  3.569534E+00 2.658E-01
  3.569576E+00 3.281E-01
  3.569618E+00 4.273E-01
  3.569660E+00 6.013E-01
  3.569701E+00 9.524E-01
  3.569743E+00 1.847E+00
  3.569785E+00 5.455E+00
  3.569826E+00 5.681E+01
  3.569867E+00 1.417E+01
  3.569908E+00 2.948E+00
  3.569949E+00 1.274E+00
  3.569990E+00 7.458E-01
  3.570031E+00 5.188E-01
  3.570072E+00 4.040E-01
  3.570113E+00 3.407E-01
  3.570153E+00 3.045E-01
  3.570194E+00 2.845E-01
  3.570234E+00 2.750E-01
  3.570275E+00 2.733E-01
  3.570315E+00 2.782E-01
  3.570355E+00 2.899E-01
  3.570395E+00 3.101E-01
  3.570435E+00 3.435E-01
  3.570475E+00 4.013E-01
  3.570514E+00 5.145E-01
  3.570554E+00 7.875E-01
  3.570593E+00 1.697E+00
  3.570633E+00 4.233E+00
  3.570672E+00 2.205E+00
  3.570712E+00 1.338E+00
  3.570751E+00 1.609E+00
  3.570790E+00 3.115E+00
  3.570829E+00 8.156E+00
  3.570868E+00 1.881E+01
  3.570906E+00 1.705E+01
  3.570945E+00 1.038E+01
  3.570984E+00 6.908E+00
  3.571022E+00 5.702E+00
  3.571061E+00 4.126E+00
  3.571099E+00 3.405E+00
  3.571137E+00 2.889E+00
  3.571175E+00 2.490E+00
  3.571214E+00 2.166E+00
  3.571289E+00 1.671E+00
  3.571327E+00 1.480E+00
  3.571403E+00 1.186E+00
  3.571440E+00 1.076E+00
  3.571515E+00 9.218E-01
  3.571552E+00 8.773E-01
  3.571589E+00 8.565E-01
  3.571627E+00 8.642E-01
  3.571664E+00 9.097E-01
  3.571701E+00 1.011E+00
  3.571737E+00 1.204E+00
  3.571774E+00 1.568E+00
  3.571811E+00 2.295E+00
  3.571847E+00 3.965E+00
  3.571884E+00 8.884E+00
  3.571920E+00 3.003E+01
  3.571957E+00 4.727E+01
  3.571993E+00 1.325E+01
  3.572029E+00 5.203E+00
  3.572065E+00 2.724E+00
  3.572101E+00 1.687E+00
  3.572137E+00 1.292E+00
  3.572173E+00 2.441E+00
  3.572209E+00 2.107E+00
  3.572244E+00 1.169E+00
  3.572280E+00 8.332E-01
  3.572316E+00 6.588E-01
  3.572351E+00 5.486E-01
  3.572386E+00 4.713E-01
  3.572422E+00 4.136E-01
  3.572457E+00 3.688E-01
  3.572527E+00 3.036E-01
  3.572597E+00 2.587E-01
  3.572666E+00 2.265E-01
  3.572770E+00 1.934E-01
  3.572873E+00 1.728E-01
  3.572975E+00 1.621E-01
  3.573077E+00 1.609E-01
  3.573144E+00 1.666E-01
  3.573211E+00 1.798E-01
  3.573245E+00 1.903E-01
  3.573278E+00 2.043E-01
  3.573311E+00 2.233E-01
  3.573345E+00 2.489E-01
  3.573378E+00 2.842E-01
  3.573411E+00 3.342E-01
  3.573444E+00 4.080E-01
  3.573477E+00 5.238E-01
  3.573509E+00 7.229E-01
  3.573542E+00 1.119E+00
  3.573575E+00 2.131E+00
  3.573607E+00 6.282E+00
  3.573640E+00 3.694E+01
  3.573672E+00 1.035E+01
  3.573705E+00 3.406E+00
  3.573737E+00 1.913E+00
  3.573769E+00 1.317E+00
  3.573801E+00 9.792E-01
  3.573834E+00 7.530E-01
  3.573866E+00 5.925E-01
  3.573898E+00 4.762E-01
  3.573929E+00 3.908E-01
  3.573961E+00 3.272E-01
  3.573993E+00 2.791E-01
  3.574025E+00 2.423E-01
  3.574056E+00 2.138E-01
  3.574088E+00 1.914E-01
  3.574119E+00 1.739E-01
  3.574182E+00 1.493E-01
  3.574244E+00 1.357E-01
  3.574276E+00 1.327E-01
  3.574307E+00 1.325E-01
  3.574338E+00 1.362E-01
  3.574369E+00 1.460E-01
  3.574399E+00 1.671E-01
  3.574430E+00 2.145E-01
  3.574461E+00 3.354E-01
  3.574492E+00 4.850E-01
  3.574522E+00 1.533E-01
  3.574553E+00 4.724E-02
  3.574583E+00 3.037E-02
  3.574614E+00 2.839E-02
  3.574644E+00 2.942E-02
  3.574734E+00 3.523E-02
  3.574765E+00 3.810E-02
  3.574794E+00 4.283E-02
  3.574824E+00 5.484E-02
  3.574854E+00 1.700E-01
  3.574884E+00 7.339E-02
  3.574914E+00 3.601E-02
  3.574944E+00 3.695E-02
  3.575003E+00 4.317E-02
  3.575062E+00 5.217E-02
  3.575091E+00 5.827E-02
  3.575120E+00 6.590E-02
  3.575149E+00 7.559E-02
  3.575179E+00 8.798E-02
  3.575208E+00 1.039E-01
  3.575237E+00 1.241E-01
  3.575266E+00 1.495E-01
  3.575295E+00 1.801E-01
  3.575323E+00 2.156E-01
  3.575352E+00 2.575E-01
  3.575381E+00 3.427E-01
  3.575410E+00 6.248E-01
  3.575438E+00 1.074E+00
  3.575467E+00 3.163E-01
  3.575495E+00 2.015E-01
  3.575524E+00 1.592E-01
  3.575552E+00 1.336E-01
  3.575580E+00 1.154E-01
  3.575609E+00 1.017E-01
  3.575637E+00 9.108E-02
  3.575665E+00 8.275E-02
  3.575721E+00 7.094E-02
  3.575777E+00 6.348E-02
  3.575860E+00 5.738E-02
  3.575943E+00 5.535E-02
  3.576025E+00 5.647E-02
  3.576107E+00 6.080E-02
  3.576188E+00 6.952E-02
  3.576242E+00 7.928E-02
  3.576269E+00 8.607E-02
  3.576296E+00 9.475E-02
  3.576323E+00 1.061E-01
  3.576349E+00 1.214E-01
  3.576376E+00 1.428E-01
  3.576403E+00 1.743E-01
  3.576429E+00 2.244E-01
  3.576456E+00 3.118E-01
  3.576482E+00 4.890E-01
  3.576508E+00 9.475E-01
  3.576535E+00 2.900E+00
  3.576561E+00 3.570E+01
  3.576587E+00 5.278E+00
  3.576613E+00 1.200E+00
  3.576639E+00 5.403E-01
  3.576665E+00 3.292E-01
  3.576691E+00 2.398E-01
  3.576717E+00 1.971E-01
  3.576743E+00 1.766E-01
  3.576769E+00 1.687E-01
  3.576795E+00 1.694E-01
  3.576820E+00 1.776E-01
  3.576846E+00 1.937E-01
  3.576872E+00 2.204E-01
  3.576897E+00 2.640E-01
  3.576923E+00 3.386E-01
  3.576948E+00 4.803E-01
  3.576974E+00 8.008E-01
  3.576999E+00 1.761E+00
  3.577024E+00 4.408E+00
  3.577050E+00 4.467E+00
  3.577075E+00 1.073E+01
  3.577100E+00 1.043E+01
  3.577125E+00 4.420E+00
  3.577150E+00 2.479E+00
  3.577175E+00 1.713E+00
  3.577200E+00 1.331E+00
  3.577225E+00 1.104E+00
  3.577250E+00 1.031E+00
  3.577274E+00 8.954E-01
  3.577299E+00 7.763E-01
  3.577349E+00 6.228E-01
  3.577398E+00 5.056E-01
  3.577447E+00 4.140E-01
  3.577495E+00 3.457E-01
  3.577544E+00 2.998E-01
  3.577568E+00 2.855E-01
  3.577592E+00 2.776E-01
  3.577616E+00 2.771E-01
  3.577640E+00 2.859E-01
  3.577664E+00 3.075E-01
  3.577688E+00 3.477E-01
  3.577712E+00 4.181E-01
  3.577736E+00 5.418E-01
  3.577760E+00 7.710E-01
  3.577784E+00 1.243E+00
  3.577807E+00 2.407E+00
  3.577831E+00 6.329E+00
  3.577855E+00 2.313E+01
  3.577878E+00 1.433E+01
  3.577902E+00 4.352E+00
  3.577925E+00 1.958E+00
  3.577949E+00 1.149E+00
  3.577972E+00 9.466E-01
  3.577995E+00 1.843E+00
  3.578019E+00 2.176E+00
  3.578042E+00 1.004E+00
  3.578065E+00 6.210E-01
  3.578088E+00 4.529E-01
  3.578111E+00 3.587E-01
  3.578134E+00 2.980E-01
  3.578157E+00 2.553E-01
  3.578180E+00 2.237E-01
  3.578203E+00 1.992E-01
  3.578226E+00 1.799E-01
  3.578272E+00 1.513E-01
  3.578317E+00 1.315E-01
  3.578385E+00 1.120E-01
  3.578453E+00 1.006E-01
  3.578520E+00 9.541E-02
  3.578586E+00 9.657E-02
  3.578630E+00 1.020E-01
  3.578674E+00 1.130E-01
  3.578696E+00 1.217E-01
  3.578718E+00 1.335E-01
  3.578740E+00 1.497E-01
  3.578762E+00 1.723E-01
  3.578784E+00 2.047E-01
  3.578806E+00 2.534E-01
  3.578827E+00 3.313E-01
  3.578849E+00 4.676E-01
  3.578871E+00 7.433E-01
  3.578892E+00 1.451E+00
  3.578914E+00 4.326E+00
  3.578935E+00 2.509E+01
  3.578957E+00 6.860E+00
  3.578978E+00 2.113E+00
  3.578999E+00 1.149E+00
  3.579021E+00 7.989E-01
  3.579042E+00 6.118E-01
  3.579063E+00 4.846E-01
  3.579084E+00 3.898E-01
  3.579106E+00 3.179E-01
  3.579127E+00 2.635E-01
  3.579148E+00 2.223E-01
  3.579169E+00 1.907E-01
  3.579190E+00 1.665E-01
  3.579211E+00 1.476E-01
  3.579232E+00 1.328E-01
  3.579273E+00 1.121E-01
  3.579315E+00 9.973E-02
  3.579356E+00 9.412E-02
  3.579377E+00 9.408E-02
  3.579398E+00 9.661E-02
  3.579418E+00 1.032E-01
  3.579439E+00 1.175E-01
  3.579459E+00 1.497E-01
  3.579480E+00 2.271E-01
  3.579500E+00 2.356E-01
  3.579520E+00 6.036E-02
  3.579541E+00 2.646E-02
  3.579561E+00 2.327E-02
  3.579581E+00 2.461E-02
  3.579642E+00 3.080E-02
  3.579662E+00 3.336E-02
  3.579682E+00 3.712E-02
  3.579702E+00 4.498E-02
  3.579722E+00 8.404E-02
  3.579742E+00 2.782E-01
  3.579762E+00 3.516E-02
  3.579782E+00 3.420E-02
  3.579802E+00 3.674E-02
  3.579841E+00 4.401E-02
  3.579861E+00 4.884E-02
  3.579880E+00 5.480E-02
  3.579900E+00 6.228E-02
  3.579920E+00 7.177E-02
  3.579939E+00 8.387E-02
  3.579959E+00 9.927E-02
  3.579978E+00 1.185E-01
  3.579998E+00 1.417E-01
  3.580037E+00 1.932E-01
  3.580056E+00 2.142E-01
  3.580095E+00 2.466E-01
  3.580114E+00 3.011E-01
  3.580133E+00 5.973E-01
  3.580152E+00 1.126E+00
  3.580171E+00 2.858E-01
  3.580190E+00 1.454E-01
  3.580210E+00 1.039E-01
  3.580229E+00 8.430E-02
  3.580248E+00 7.249E-02
  3.580267E+00 6.442E-02
  3.580285E+00 5.854E-02
  3.580323E+00 5.062E-02
  3.580361E+00 4.577E-02
  3.580417E+00 4.181E-02
  3.580473E+00 4.040E-02
  3.580547E+00 4.148E-02
  3.580602E+00 4.452E-02
  3.580657E+00 5.014E-02
  3.580693E+00 5.608E-02
  3.580729E+00 6.495E-02
  3.580748E+00 7.110E-02
  3.580766E+00 7.898E-02
  3.580784E+00 8.936E-02
  3.580802E+00 1.035E-01
  3.580819E+00 1.238E-01
  3.580837E+00 1.547E-01
  3.580855E+00 2.060E-01
  3.580873E+00 3.023E-01
  3.580891E+00 5.230E-01
  3.580909E+00 1.252E+00
  3.580926E+00 7.299E+00
  3.580944E+00 1.049E+01
  3.580962E+00 1.319E+00
  3.580980E+00 4.935E-01
  3.580997E+00 2.783E-01
  3.581015E+00 1.977E-01
  3.581032E+00 1.636E-01
  3.581050E+00 1.509E-01
  3.581067E+00 1.511E-01
  3.581085E+00 1.615E-01
  3.581102E+00 1.830E-01
  3.581120E+00 2.199E-01
  3.581137E+00 2.829E-01
  3.581154E+00 3.977E-01
  3.581172E+00 6.337E-01
  3.581189E+00 1.226E+00
  3.581206E+00 3.295E+00
  3.581223E+00 1.178E+01
  3.581241E+00 7.249E+00
  3.581258E+00 2.561E+00
  3.581275E+00 1.324E+00
  3.581292E+00 8.688E-01
  3.581309E+00 6.547E-01
  3.581326E+00 5.361E-01
  3.581343E+00 4.613E-01
  3.581360E+00 4.100E-01
  3.581377E+00 4.632E+01
  3.581394E+00 3.691E-01
  3.581411E+00 3.242E-01
  3.581444E+00 2.669E-01
  3.581478E+00 2.215E-01
  3.581511E+00 1.855E-01
  3.581545E+00 1.591E-01
  3.581561E+00 1.496E-01
  3.581594E+00 1.389E-01
  3.581611E+00 1.385E-01
  3.581627E+00 1.422E-01
  3.581644E+00 1.514E-01
  3.581660E+00 1.684E-01
  3.581677E+00 1.968E-01
  3.581693E+00 2.442E-01
  3.581709E+00 3.248E-01
  3.581726E+00 4.708E-01
  3.581742E+00 7.649E-01
  3.581758E+00 1.470E+00
  3.581775E+00 3.743E+00
  3.581791E+00 1.378E+01
  3.581807E+00 1.130E+01
  3.581823E+00 3.330E+00
  3.581839E+00 1.472E+00
  3.581855E+00 9.008E-01
  3.581871E+00 8.817E-01
  3.581887E+00 1.964E+00
  3.581903E+00 1.884E+00
  3.581919E+00 8.573E-01
  3.581935E+00 5.138E-01
  3.581951E+00 3.646E-01
  3.581967E+00 2.829E-01
  3.581983E+00 2.314E-01
  3.581999E+00 1.961E-01
  3.582015E+00 1.704E-01
  3.582030E+00 1.508E-01
  3.582046E+00 1.355E-01
  3.582078E+00 1.133E-01
  3.582109E+00 9.825E-02
  3.582140E+00 8.776E-02
  3.582187E+00 7.783E-02
  3.582233E+00 7.318E-02
  3.582279E+00 7.366E-02
  3.582310E+00 7.761E-02
  3.582340E+00 8.599E-02
  3.582356E+00 9.268E-02
  3.582371E+00 1.018E-01
  3.582386E+00 1.145E-01
  3.582401E+00 1.323E-01
  3.582416E+00 1.582E-01
  3.582431E+00 1.975E-01
  3.582446E+00 2.611E-01
  3.582461E+00 3.746E-01
  3.582476E+00 6.084E-01
  3.582491E+00 1.225E+00
  3.582506E+00 3.829E+00
  3.582521E+00 2.114E+01
  3.582536E+00 5.007E+00
  3.582551E+00 1.577E+00
  3.582566E+00 8.566E-01
  3.582581E+00 6.008E-01
  3.582596E+00 4.701E-01
  3.582610E+00 3.814E-01
  3.582625E+00 3.124E-01
  3.582640E+00 2.578E-01
  3.582654E+00 2.151E-01
  3.582669E+00 1.821E-01
  3.582684E+00 1.566E-01
  3.582698E+00 1.368E-01
  3.582713E+00 1.214E-01
  3.582742E+00 9.983E-02
  3.582771E+00 8.651E-02
  3.582800E+00 7.896E-02
  3.582829E+00 7.668E-02
  3.582843E+00 7.808E-02
  3.582858E+00 8.227E-02
  3.582872E+00 9.150E-02
  3.582886E+00 1.118E-01
  3.582901E+00 1.584E-01
  3.582915E+00 1.677E-01
  3.582929E+00 4.486E-02
  3.582943E+00 2.151E-02
  3.582958E+00 2.079E-02
  3.583014E+00 2.945E-02
  3.583028E+00 3.229E-02
  3.583042E+00 3.693E-02
  3.583056E+00 4.915E-02
  3.583070E+00 2.133E-01
  3.583084E+00 5.370E-02
  3.583098E+00 3.187E-02
  3.583112E+00 3.312E-02
  3.583140E+00 3.942E-02
  3.583154E+00 4.365E-02
  3.583168E+00 4.885E-02
  3.583181E+00 5.535E-02
  3.583195E+00 6.357E-02
  3.583209E+00 7.404E-02
  3.583223E+00 8.733E-02
  3.583250E+00 1.237E-01
  3.583277E+00 1.659E-01
  3.583291E+00 1.809E-01
  3.583305E+00 1.878E-01
  3.583332E+00 1.918E-01
  3.583345E+00 2.157E-01
  3.583359E+00 3.255E-01
  3.583372E+00 9.312E-01
  3.583386E+00 7.304E-01
  3.583399E+00 2.032E-01
  3.583413E+00 1.098E-01
  3.583426E+00 7.845E-02
  3.583440E+00 6.348E-02
  3.583453E+00 5.474E-02
  3.583466E+00 4.900E-02
  3.583493E+00 4.193E-02
  3.583519E+00 3.790E-02
  3.583559E+00 3.474E-02
  3.583598E+00 3.364E-02
  3.583651E+00 3.442E-02
  3.583703E+00 3.774E-02
  3.583741E+00 4.251E-02
  3.583767E+00 4.740E-02
  3.583793E+00 5.451E-02
  3.583806E+00 5.934E-02
  3.583831E+00 7.328E-02
  3.583844E+00 8.374E-02
  3.583856E+00 9.823E-02
  3.583869E+00 1.194E-01
  3.583882E+00 1.526E-01
  3.583894E+00 2.102E-01
  3.583907E+00 3.266E-01
  3.583920E+00 6.307E-01
  3.583932E+00 1.982E+00
  3.583945E+00 2.542E+01
  3.583957E+00 2.611E+00
  3.583970E+00 6.435E-01
  3.583982E+00 3.064E-01
  3.583995E+00 2.009E-01
  3.584007E+00 1.615E-01
  3.584020E+00 1.496E-01
  3.584032E+00 1.542E-01
  3.584045E+00 1.732E-01
  3.584057E+00 2.108E-01
  3.584069E+00 2.797E-01
  3.584082E+00 4.155E-01
  3.584094E+00 7.314E-01
  3.584106E+00 1.731E+00
  3.584118E+00 6.352E+00
  3.584131E+00 5.672E+00
  3.584143E+00 3.918E+00
  3.584167E+00 1.038E+00
  3.584180E+00 5.986E-01
  3.584192E+00 4.221E-01
  3.584204E+00 3.333E-01
  3.584216E+00 2.812E-01
  3.584228E+00 2.471E-01
  3.584240E+00 2.479E-01
  3.584252E+00 2.753E-01
  3.584264E+00 2.034E-01
  3.584276E+00 1.812E-01
  3.584300E+00 1.500E-01
  3.584324E+00 1.255E-01
  3.584348E+00 1.067E-01
  3.584372E+00 9.382E-02
  3.584396E+00 8.751E-02
  3.584407E+00 8.733E-02
  3.584419E+00 8.966E-02
  3.584431E+00 9.522E-02
  3.584443E+00 1.052E-01
  3.584454E+00 1.215E-01
  3.584466E+00 1.478E-01
  3.584478E+00 1.907E-01
  3.584490E+00 2.635E-01
  3.584501E+00 3.972E-01
  3.584513E+00 6.740E-01
  3.584524E+00 1.373E+00
  3.584536E+00 3.825E+00
  3.584548E+00 1.341E+01
  3.584559E+00 6.607E+00
  3.584571E+00 2.144E+00
  3.584582E+00 1.053E+00
  3.584594E+00 7.573E-01
  3.584605E+00 1.031E+00
  3.584617E+00 2.322E+00
  3.584628E+00 1.363E+00
  3.584640E+00 6.619E-01
  3.584651E+00 4.129E-01
  3.584663E+00 2.971E-01
  3.584674E+00 2.317E-01
  3.584685E+00 1.899E-01
  3.584697E+00 1.610E-01
  3.584708E+00 1.399E-01
  3.584719E+00 1.239E-01
  3.584742E+00 1.014E-01
  3.584753E+00 9.334E-02
  3.584776E+00 8.118E-02
  3.584809E+00 6.970E-02
  3.584843E+00 6.368E-02
  3.584876E+00 6.217E-02
  3.584898E+00 6.397E-02
  3.584920E+00 6.889E-02
  3.584931E+00 7.302E-02
  3.584942E+00 7.871E-02
  3.584953E+00 8.657E-02
  3.584964E+00 9.748E-02
  3.584975E+00 1.130E-01
  3.584986E+00 1.356E-01
  3.584997E+00 1.704E-01
  3.585008E+00 2.273E-01
  3.585019E+00 3.302E-01
  3.585029E+00 5.462E-01
  3.585040E+00 1.132E+00
  3.585051E+00 3.729E+00
  3.585062E+00 1.877E+01
  3.585073E+00 3.913E+00
  3.585083E+00 1.284E+00
  3.585094E+00 7.048E-01
  3.585105E+00 4.985E-01
  3.585116E+00 3.961E-01
  3.585126E+00 3.273E-01
  3.585137E+00 2.722E-01
  3.585148E+00 2.268E-01
  3.585158E+00 1.902E-01
  3.585169E+00 1.614E-01
  3.585179E+00 1.390E-01
  3.585190E+00 1.215E-01
  3.585211E+00 9.701E-02
  3.585232E+00 8.183E-02
  3.585253E+00 7.257E-02
  3.585274E+00 6.779E-02
  3.585285E+00 6.708E-02
  3.585295E+00 6.779E-02
  3.585306E+00 7.055E-02
  3.585316E+00 7.686E-02
  3.585326E+00 9.052E-02
  3.585337E+00 1.209E-01
  3.585347E+00 1.375E-01
  3.585357E+00 4.090E-02
  3.585368E+00 1.928E-02
  3.585378E+00 1.937E-02
  3.585419E+00 2.857E-02
  3.585429E+00 3.168E-02
  3.585440E+00 3.723E-02
  3.585450E+00 5.558E-02
  3.585460E+00 2.501E+00
  3.585470E+00 3.750E-02
  3.585480E+00 3.034E-02
  3.585490E+00 3.214E-02
  3.585501E+00 3.503E-02
  3.585511E+00 3.857E-02
  3.585521E+00 4.290E-02
  3.585531E+00 4.827E-02
  3.585541E+00 5.502E-02
  3.585551E+00 6.359E-02
  3.585561E+00 7.450E-02
  3.585578E+00 1.001E-01
  3.595568E+00 3.219E-01
  3.595578E+00 4.418E-01
  3.620522E+00 2.295E-01
  3.645465E+00 1.624E-01
  3.670408E+00 1.332E-01
  3.695352E+00 1.163E-01
  3.720295E+00 1.055E-01
  3.745238E+00 9.859E-02
  3.820068E+00 8.737E-02
  3.919841E+00 7.887E-02
  4.393764E+00 6.170E-02
  5.017347E+00 4.442E-02
  5.516213E+00 3.444E-02
  5.965193E+00 2.757E-02
  6.040023E+00 2.665E-02
  6.162041E+00 2.510E-02
  6.286519E+00 2.364E-02
  6.413515E+00 2.226E-02
  6.543079E+00 2.096E-02
  6.675259E+00 1.974E-02
  6.810105E+00 1.859E-02
  6.947677E+00 1.751E-02
  7.088030E+00 1.649E-02
  7.231217E+00 1.553E-02
  7.377302E+00 1.463E-02
  7.526331E+00 1.377E-02
  7.678371E+00 1.297E-02
  7.833488E+00 1.222E-02
  7.991733E+00 1.151E-02
  8.153174E+00 1.084E-02
  8.317882E+00 1.020E-02
  8.485913E+00 9.610E-03
  8.657343E+00 9.050E-03
  8.832229E+00 8.523E-03
  9.010657E+00 8.027E-03
  9.192680E+00 7.559E-03
  9.378384E+00 7.119E-03
  9.567842E+00 6.705E-03
  9.761127E+00 6.314E-03
  9.958310E+00 5.946E-03
  1.015949E+01 5.600E-03
  1.036472E+01 5.274E-03
  1.057410E+01 4.967E-03
  1.078771E+01 4.678E-03
  1.100564E+01 4.405E-03
  1.122797E+01 4.149E-03
  1.145479E+01 3.907E-03
  1.168619E+01 3.680E-03
  1.192227E+01 3.465E-03
  1.216311E+01 3.263E-03
  1.240882E+01 3.073E-03
  1.265950E+01 2.894E-03
  1.291524E+01 2.726E-03
  1.317614E+01 2.567E-03
  1.344232E+01 2.418E-03
  1.371387E+01 2.277E-03
  1.399091E+01 2.144E-03
  1.427354E+01 2.019E-03
  1.456189E+01 1.902E-03
  1.485606E+01 1.791E-03
  1.515617E+01 1.687E-03
  1.546235E+01 1.588E-03
  1.577470E+01 1.496E-03
  1.609337E+01 1.409E-03
  1.641847E+01 1.327E-03
  1.675014E+01 1.250E-03
  1.708853E+01 1.177E-03
  1.743373E+01 1.108E-03
  1.778592E+01 1.044E-03
  1.814522E+01 9.829E-04
  1.851178E+01 9.257E-04
  1.888573E+01 8.718E-04
  1.926726E+01 8.210E-04
  1.965648E+01 7.732E-04
  2.005357E+01 7.282E-04
  2.045866E+01 6.858E-04
  2.087198E+01 6.458E-04
  2.129361E+01 6.082E-04
  2.172377E+01 5.728E-04
  2.216261E+01 5.394E-04
  2.261034E+01 5.080E-04
  2.306708E+01 4.784E-04
  2.353308E+01 4.506E-04
  2.400847E+01 4.243E-04