  2.368543E-01 1.515E+01
  2.468543E-01 1.332E+01
  2.981390E-01 7.366E+00
  3.481198E-01 4.483E+00
  3.968405E-01 2.909E+00
  4.443431E-01 1.983E+00
  4.906680E-01 1.409E+00
  5.358536E-01 1.039E+00
  5.799371E-01 7.916E-01
  6.229541E-01 6.182E-01
  6.649385E-01 4.921E-01
  7.059233E-01 3.973E-01
  7.459400E-01 3.244E-01
  7.850186E-01 2.675E-01
  8.231885E-01 2.227E-01
  8.604775E-01 1.872E-01
  8.969124E-01 1.591E-01
  9.325193E-01 1.366E-01
  9.673230E-01 1.184E-01
  1.001347E+00 1.037E-01
  1.067150E+00 8.126E-02
  1.130102E+00 6.511E-02
  1.190366E+00 5.287E-02
  1.276049E+00 3.935E-02
  1.356486E+00 2.989E-02
  1.432097E+00 2.331E-02
  1.503261E+00 1.874E-02
  1.570319E+00 1.552E-02
  1.653876E+00 1.258E-02
  1.749820E+00 1.019E-02
  1.837351E+00 8.683E-03
  1.932618E+00 7.660E-03
  2.018543E+00 7.290E-03
  2.096308E+00 7.425E-03
  2.178049E+00 8.096E-03
  2.251379E+00 9.286E-03
  2.308390E+00 1.077E-02
  2.360639E+00 1.278E-02
  2.408643E+00 1.550E-02
  2.445729E+00 1.849E-02
  2.480407E+00 2.241E-02
  2.512881E+00 2.764E-02
  2.537397E+00 3.321E-02
  2.560705E+00 4.063E-02
  2.577440E+00 4.801E-02
  2.593570E+00 5.780E-02
  2.609125E+00 7.142E-02
  2.619188E+00 8.392E-02
  2.629014E+00 1.009E-01
  2.633841E+00 1.119E-01
  2.638612E+00 1.252E-01
  2.643327E+00 1.417E-01
  2.647988E+00 1.626E-01
  2.652595E+00 1.898E-01
  2.657148E+00 2.265E-01
  2.661650E+00 2.778E-01
  2.666100E+00 3.535E-01
  2.670500E+00 4.723E-01
  2.674850E+00 6.754E-01
  2.679151E+00 1.064E+00
  2.683404E+00 1.924E+00
  2.687609E+00 4.043E+00
  2.691767E+00 6.766E+00
  2.695879E+00 4.176E+00
  2.699945E+00 1.899E+00
  2.703966E+00 1.008E+00
  2.707944E+00 6.257E-01
  2.711877E+00 4.377E-01
  2.715768E+00 3.350E-01
  2.719617E+00 2.750E-01
  2.723424E+00 2.387E-01
  2.727190E+00 2.165E-01
  2.730915E+00 2.035E-01
  2.734600E+00 1.968E-01
  2.741853E+00 1.960E-01
  2.748954E+00 2.072E-01
  2.755905E+00 2.278E-01
  2.762712E+00 2.576E-01
  2.769379E+00 2.978E-01
  2.775909E+00 3.509E-01
  2.782305E+00 4.210E-01
  2.788572E+00 5.147E-01
  2.794714E+00 6.426E-01
  2.797738E+00 7.245E-01
  2.800732E+00 8.223E-01
  2.803697E+00 9.403E-01
  2.806631E+00 1.084E+00
  2.809537E+00 1.262E+00
  2.812414E+00 1.486E+00
  2.815263E+00 1.772E+00
  2.818084E+00 2.144E+00
  2.820878E+00 2.642E+00
  2.823644E+00 3.327E+00
  2.826383E+00 4.305E+00
  2.829096E+00 5.767E+00
  2.831782E+00 8.083E+00
  2.834443E+00 1.205E+01
  2.837078E+00 1.965E+01
  2.839689E+00 3.662E+01
  2.842274E+00 8.365E+01
  2.844834E+00 2.157E+02
  2.847371E+00 1.946E+02
  2.849883E+00 7.540E+01
  2.852372E+00 3.471E+01
  2.854838E+00 1.938E+01
  2.857280E+00 1.228E+01
  2.859700E+00 8.464E+00
  2.862098E+00 6.189E+00
  2.864473E+00 4.727E+00
  2.866826E+00 3.733E+00
  2.869157E+00 3.026E+00
  2.871467E+00 2.506E+00
  2.873756E+00 2.111E+00
  2.876025E+00 1.805E+00
  2.878272E+00 1.563E+00
  2.880499E+00 1.367E+00
  2.882706E+00 1.207E+00
  2.887061E+00 9.638E-01
  2.891338E+00 7.894E-01
  2.895539E+00 6.600E-01
  2.901702E+00 5.205E-01
  2.907705E+00 4.227E-01
  2.913552E+00 3.515E-01
  2.921117E+00 2.830E-01
  2.930215E+00 2.240E-01
  2.938938E+00 1.832E-01
  2.948937E+00 1.489E-01
  2.960000E+00 1.219E-01
  2.970457E+00 1.042E-01
  2.980353E+00 9.417E-02
  2.987100E+00 9.292E-02
  2.991026E+00 9.611E-02
  2.994863E+00 1.047E-01
  2.997374E+00 1.158E-01
  2.998615E+00 1.239E-01
  2.999847E+00 1.346E-01
  3.001070E+00 1.487E-01
  3.002284E+00 1.677E-01
  3.003489E+00 1.937E-01
  3.004684E+00 2.303E-01
  3.005872E+00 2.835E-01
  3.007050E+00 3.645E-01
  3.008220E+00 4.952E-01
  3.009381E+00 7.239E-01
  3.010534E+00 1.175E+00
  3.011678E+00 2.250E+00
  3.012814E+00 5.907E+00
  3.013942E+00 3.754E+01
  3.015062E+00 9.390E+01
  3.016174E+00 9.072E+00
  3.017278E+00 3.218E+00
  3.018373E+00 1.679E+00
  3.019462E+00 1.055E+00
  3.020542E+00 7.396E-01
  3.021614E+00 5.578E-01
  3.022679E+00 4.431E-01
  3.023737E+00 3.658E-01
  3.024787E+00 3.111E-01
  3.025829E+00 2.709E-01
  3.026865E+00 2.404E-01
  3.027893E+00 2.168E-01
  3.029927E+00 1.830E-01
  3.031933E+00 1.606E-01
  3.034891E+00 1.392E-01
  3.037788E+00 1.265E-01
  3.041559E+00 1.180E-01
  3.045229E+00 1.163E-01
  3.048802E+00 1.215E-01
  3.051419E+00 1.313E-01
  3.053985E+00 1.490E-01
  3.055668E+00 1.680E-01
  3.057329E+00 1.966E-01
  3.058151E+00 2.165E-01
  3.058968E+00 2.419E-01
  3.059779E+00 2.747E-01
  3.060586E+00 3.183E-01
  3.061387E+00 3.777E-01
  3.062183E+00 4.612E-01
  3.062974E+00 5.834E-01
  3.063760E+00 7.710E-01
  3.064540E+00 1.075E+00
  3.065316E+00 1.593E+00
  3.066087E+00 2.482E+00
  3.066853E+00 3.719E+00
  3.067614E+00 4.204E+00
  3.068371E+00 3.128E+00
  3.069122E+00 1.917E+00
  3.069869E+00 1.180E+00
  3.070611E+00 7.708E-01
  3.071348E+00 5.355E-01
  3.072081E+00 3.922E-01
  3.072809E+00 3.000E-01
  3.073533E+00 2.378E-01
  3.074252E+00 1.943E-01
  3.074967E+00 1.628E-01
  3.075677E+00 1.394E-01
  3.076383E+00 1.216E-01
  3.077085E+00 1.078E-01
  3.077782E+00 9.694E-02
  3.079164E+00 8.123E-02
  3.080528E+00 7.077E-02
  3.082544E+00 6.083E-02
  3.084524E+00 5.498E-02
  3.087108E+00 5.083E-02
  3.090253E+00 4.925E-02
  3.093306E+00 5.064E-02
  3.096270E+00 5.515E-02
  3.098580E+00 6.205E-02
  3.100278E+00 7.047E-02
  3.101393E+00 7.865E-02
  3.102496E+00 9.016E-02
  3.103587E+00 1.071E-01
  3.104128E+00 1.189E-01
  3.104665E+00 1.339E-01
  3.105200E+00 1.537E-01
  3.105731E+00 1.806E-01
  3.106260E+00 2.187E-01
  3.106785E+00 2.756E-01
  3.107308E+00 3.669E-01
  3.107828E+00 5.278E-01
  3.108345E+00 8.503E-01
  3.108859E+00 1.599E+00
  3.109370E+00 3.115E+00
  3.109878E+00 2.689E+00
  3.110383E+00 1.071E+00
  3.110886E+00 4.484E-01
  3.111386E+00 2.179E-01
  3.111883E+00 1.177E-01
  3.112378E+00 6.811E-02
  3.112869E+00 4.120E-02
  3.113358E+00 2.563E-02
  3.113845E+00 1.622E-02
  3.114328E+00 1.037E-02
  3.114809E+00 6.686E-03
  3.115288E+00 4.364E-03
  3.115764E+00 2.932E-03
  3.116237E+00 2.097E-03
  3.116708E+00 1.670E-03
  3.117176E+00 1.529E-03
  3.117641E+00 1.591E-03
  3.118104E+00 1.800E-03
  3.118565E+00 2.119E-03
  3.119023E+00 2.521E-03
  3.119932E+00 3.507E-03
  3.120832E+00 4.676E-03
  3.122163E+00 6.720E-03
  3.123473E+00 9.156E-03
  3.124763E+00 1.216E-02
  3.125611E+00 1.463E-02
  3.126451E+00 1.767E-02
  3.127282E+00 2.153E-02
  3.128105E+00 2.666E-02
  3.128513E+00 2.991E-02
  3.128919E+00 3.379E-02
  3.129323E+00 3.851E-02
  3.129725E+00 4.433E-02
  3.130124E+00 5.167E-02
  3.130522E+00 6.114E-02
  3.130918E+00 7.372E-02
  3.131312E+00 9.100E-02
  3.131703E+00 1.158E-01
  3.132093E+00 1.533E-01
  3.132481E+00 2.146E-01
  3.132866E+00 3.256E-01
  3.133250E+00 5.614E-01
  3.133632E+00 1.224E+00
  3.134012E+00 4.739E+00
  3.134390E+00 1.470E+03
  3.134766E+00 4.387E+00
  3.135140E+00 1.064E+00
  3.135513E+00 4.565E-01
  3.135883E+00 2.476E-01
  3.136252E+00 1.527E-01
  3.136619E+00 1.021E-01
  3.136984E+00 7.214E-02
  3.137347E+00 5.310E-02
  3.137708E+00 4.032E-02
  3.138068E+00 3.136E-02
  3.138426E+00 2.489E-02
  3.138782E+00 2.007E-02
  3.139136E+00 1.641E-02
  3.139489E+00 1.357E-02
  3.139840E+00 1.134E-02
  3.140189E+00 9.562E-03
  3.140536E+00 8.127E-03
  3.140882E+00 6.957E-03
  3.141226E+00 5.994E-03
  3.141569E+00 5.197E-03
  3.141909E+00 4.531E-03
  3.142248E+00 3.972E-03
  3.142922E+00 3.100E-03
  3.143589E+00 2.469E-03
  3.144249E+00 2.005E-03
  3.144903E+00 1.662E-03
  3.145551E+00 1.408E-03
  3.146192E+00 1.221E-03
  3.147144E+00 1.036E-03
  3.148081E+00 9.421E-04
  3.148699E+00 9.276E-04
  3.149311E+00 9.596E-04
  3.149615E+00 9.988E-04
  3.149918E+00 1.060E-03
  3.150219E+00 1.150E-03
  3.150518E+00 1.283E-03
  3.150816E+00 1.483E-03
  3.151113E+00 1.791E-03
  3.151409E+00 2.292E-03
  3.151703E+00 3.175E-03
  3.151996E+00 4.934E-03
  3.152287E+00 9.200E-03
  3.152577E+00 2.412E-02
  3.152866E+00 1.509E-01
  3.153153E+00 1.934E-01
  3.153440E+00 3.100E-02
  3.153724E+00 1.283E-02
  3.154008E+00 7.726E-03
  3.154290E+00 5.723E-03
  3.154571E+00 4.870E-03
  3.154851E+00 4.596E-03
  3.155129E+00 4.709E-03
  3.155406E+00 5.171E-03
  3.155682E+00 6.036E-03
  3.155957E+00 7.454E-03
  3.156230E+00 9.731E-03
  3.156502E+00 1.345E-02
  3.156773E+00 1.977E-02
  3.157043E+00 3.095E-02
  3.157311E+00 5.086E-02
  3.157579E+00 8.083E-02
  3.157845E+00 1.007E-01
  3.158110E+00 8.542E-02
  3.158373E+00 5.867E-02
  3.158636E+00 3.951E-02
  3.158897E+00 2.784E-02
  3.159158E+00 2.067E-02
  3.159417E+00 1.607E-02
  3.159675E+00 1.297E-02
  3.159931E+00 1.079E-02
  3.160187E+00 9.197E-03
  3.160442E+00 7.998E-03
  3.160695E+00 7.071E-03
  3.160947E+00 6.338E-03
  3.161449E+00 5.264E-03
  3.161945E+00 4.523E-03
  3.162683E+00 3.772E-03
  3.163410E+00 3.271E-03
  3.164366E+00 2.822E-03
  3.165538E+00 2.459E-03
  3.166911E+00 2.199E-03
  3.168250E+00 2.095E-03
  3.169124E+00 2.145E-03
  3.169770E+00 2.292E-03
  3.170196E+00 2.476E-03
  3.170619E+00 2.770E-03
  3.171038E+00 3.233E-03
  3.171246E+00 3.557E-03
  3.171454E+00 3.968E-03
  3.171660E+00 4.492E-03
  3.171866E+00 5.167E-03
  3.172071E+00 6.044E-03
  3.172275E+00 7.201E-03
  3.172478E+00 8.753E-03
  3.172681E+00 1.087E-02
  3.172882E+00 1.385E-02
  3.173083E+00 1.813E-02
  3.173283E+00 2.455E-02
  3.173482E+00 3.460E-02
  3.173680E+00 5.133E-02
  3.173878E+00 8.138E-02
  3.174074E+00 1.412E-01
  3.174270E+00 2.754E-01
  3.174465E+00 5.912E-01
  3.174660E+00 9.636E-01
  3.174853E+00 6.861E-01
  3.175046E+00 3.626E-01
  3.175238E+00 2.098E-01
  3.175429E+00 1.364E-01
  3.175620E+00 9.687E-02
  3.175810E+00 7.340E-02
  3.175999E+00 5.835E-02
  3.176187E+00 4.812E-02
  3.176374E+00 4.084E-02
  3.176561E+00 3.547E-02
  3.176747E+00 3.139E-02
  3.176932E+00 2.823E-02
  3.177300E+00 2.371E-02
  3.177666E+00 2.074E-02
  3.178208E+00 1.797E-02
  3.178745E+00 1.643E-02
  3.179450E+00 1.564E-02
  3.179972E+00 1.584E-02
  3.180488E+00 1.680E-02
  3.180997E+00 1.887E-02
  3.181334E+00 2.126E-02
  3.181502E+00 2.293E-02
  3.181668E+00 2.508E-02
  3.181834E+00 2.786E-02
  3.182000E+00 3.157E-02
  3.182165E+00 3.665E-02
  3.182329E+00 4.389E-02
  3.182492E+00 5.477E-02
  3.182655E+00 7.234E-02
  3.182818E+00 1.038E-01
  3.182979E+00 1.701E-01
  3.183140E+00 3.565E-01
  3.183301E+00 1.385E+00
  3.183461E+00 2.351E+02
  3.183620E+00 9.081E-01
  3.183779E+00 2.205E-01
  3.183937E+00 9.186E-02
  3.184094E+00 4.816E-02
  3.184251E+00 2.878E-02
  3.184408E+00 1.876E-02
  3.184563E+00 1.303E-02
  3.184718E+00 9.529E-03
  3.184873E+00 7.274E-03
  3.185027E+00 5.767E-03
  3.185180E+00 4.730E-03
  3.185333E+00 4.003E-03
  3.185486E+00 3.484E-03
  3.185637E+00 3.111E-03
  3.185788E+00 2.843E-03
  3.185939E+00 2.650E-03
  3.186239E+00 2.422E-03
  3.186536E+00 2.333E-03
  3.186978E+00 2.379E-03
  3.187270E+00 2.542E-03
  3.187415E+00 2.713E-03
  3.187559E+00 3.065E-03
  3.187703E+00 4.159E-03
  3.187847E+00 1.446E-02
  3.187990E+00 3.611E-02
  3.188133E+00 5.824E-03
  3.188275E+00 4.210E-03
  3.188416E+00 3.933E-03
  3.188557E+00 3.978E-03
  3.188698E+00 4.176E-03
  3.188838E+00 4.495E-03
  3.188977E+00 4.948E-03
  3.189116E+00 5.583E-03
  3.189254E+00 6.492E-03
  3.189392E+00 7.862E-03
  3.189530E+00 1.009E-02
  3.189667E+00 1.420E-02
  3.189803E+00 2.345E-02
  3.189939E+00 5.449E-02
  3.190075E+00 3.719E-01
  3.190210E+00 1.693E-01
  3.190344E+00 2.014E-02
  3.190479E+00 5.462E-03
  3.190612E+00 1.885E-03
  3.190745E+00 6.854E-04
  3.190878E+00 2.290E-04
  3.191010E+00 5.693E-05
  3.191142E+00 6.873E-06
  3.191273E+00 1.255E-05
  3.191404E+00 4.414E-05
  3.191534E+00 8.727E-05
  3.191922E+00 2.296E-04
  3.192306E+00 3.550E-04
  3.192687E+00 4.555E-04
  3.193187E+00 5.546E-04
  3.193681E+00 6.192E-04
  3.194168E+00 6.495E-04
  3.194529E+00 6.428E-04
  3.194767E+00 6.163E-04
  3.195004E+00 5.600E-04
  3.195122E+00 5.141E-04
  3.195240E+00 4.504E-04
  3.195357E+00 3.623E-04
  3.195473E+00 2.431E-04
  3.195590E+00 9.869E-05
  3.195705E+00 4.937E-07
  3.195821E+00 1.796E-04
  3.195936E+00 7.304E-04
  3.196051E+00 1.194E-03
  3.196165E+00 1.386E-03
  3.196279E+00 1.436E-03
  3.197287E+00 1.352E-03
  3.198265E+00 1.392E-03
  3.199111E+00 1.520E-03
  3.199730E+00 1.710E-03
  3.200137E+00 1.922E-03
  3.200438E+00 2.160E-03
  3.200737E+00 2.511E-03
  3.200934E+00 2.842E-03
  3.201130E+00 3.291E-03
  3.201325E+00 3.920E-03
  3.201422E+00 4.330E-03
  3.201519E+00 4.828E-03
  3.201615E+00 5.438E-03
  3.201711E+00 6.196E-03
  3.201807E+00 7.149E-03
  3.201902E+00 8.369E-03
  3.201998E+00 9.960E-03
  3.202092E+00 1.208E-02
  3.202187E+00 1.497E-02
  3.202281E+00 1.906E-02
  3.202375E+00 2.504E-02
  3.202469E+00 3.424E-02
  3.202562E+00 4.928E-02
  3.202655E+00 7.588E-02
  3.202748E+00 1.281E-01
  3.202840E+00 2.439E-01
  3.202933E+00 5.102E-01
  3.203024E+00 7.876E-01
  3.203207E+00 2.698E-01
  3.203298E+00 1.527E-01
  3.203389E+00 9.728E-02
  3.203480E+00 6.779E-02
  3.203570E+00 5.045E-02
  3.203660E+00 3.945E-02
  3.203749E+00 3.204E-02
  3.203839E+00 2.683E-02
  3.203928E+00 2.303E-02
  3.204016E+00 2.019E-02
  3.204105E+00 1.801E-02
  3.204193E+00 1.632E-02
  3.204369E+00 1.394E-02
  3.204543E+00 1.248E-02
  3.204717E+00 1.167E-02
  3.204889E+00 1.141E-02
  3.205061E+00 1.177E-02
  3.205146E+00 1.227E-02
  3.205231E+00 1.308E-02
  3.205316E+00 1.437E-02
  3.205400E+00 1.645E-02
  3.205485E+00 2.001E-02
  3.205569E+00 2.676E-02
  3.205652E+00 4.231E-02
  3.205736E+00 9.585E-02
  3.205819E+00 7.965E-01
  3.205902E+00 4.117E-01
  3.205985E+00 4.288E-02
  3.206067E+00 1.368E-02
  3.206149E+00 6.572E-03
  3.206231E+00 4.071E-03
  3.206313E+00 3.020E-03
  3.206395E+00 2.536E-03
  3.206476E+00 2.306E-03
  3.206557E+00 2.199E-03
  3.206718E+00 2.149E-03
  3.207117E+00 2.279E-03
  3.207897E+00 2.702E-03
  3.208203E+00 2.955E-03
  3.208279E+00 3.050E-03
  3.208355E+00 3.213E-03
  3.208430E+00 3.820E-03
  3.208505E+00 4.425E-02
  3.208580E+00 6.789E-03
  3.208655E+00 4.578E-03
  3.208730E+00 4.333E-03
  3.208804E+00 4.377E-03
  3.208952E+00 4.765E-03
  3.209099E+00 5.468E-03
  3.209172E+00 5.980E-03
  3.209245E+00 6.653E-03
  3.209318E+00 7.565E-03
  3.209391E+00 8.854E-03
  3.209463E+00 1.078E-02
  3.209535E+00 1.392E-02
  3.209607E+00 1.969E-02
  3.209679E+00 3.269E-02
  3.209751E+00 7.608E-02
  3.209822E+00 4.981E-01
  3.209893E+00 2.419E-01
  3.209964E+00 2.966E-02
  3.210035E+00 8.219E-03
  3.210105E+00 2.926E-03
  3.210176E+00 1.119E-03
  3.210246E+00 4.130E-04
  3.210316E+00 1.331E-04
  3.210385E+00 3.948E-05
  3.210455E+00 3.320E-05
  3.210524E+00 6.943E-05
  3.210593E+00 1.263E-04
  3.210731E+00 2.629E-04
  3.211004E+00 5.378E-04
  3.211805E+00 1.258E-03
  3.212066E+00 1.550E-03
  3.212260E+00 1.849E-03
  3.212388E+00 2.126E-03
  3.212515E+00 2.522E-03
  3.212579E+00 2.794E-03
  3.212642E+00 3.145E-03
  3.212706E+00 3.610E-03
  3.212769E+00 4.236E-03
  3.212894E+00 5.990E-03
  3.212957E+00 6.322E-03
  3.213019E+00 4.853E-03
  3.213081E+00 2.458E-03
  3.213143E+00 9.484E-04
  3.213205E+00 3.277E-04
  3.213266E+00 1.349E-04
  3.213328E+00 1.164E-04
  3.213389E+00 1.660E-04
  3.213450E+00 2.405E-04
  3.213693E+00 5.595E-04
  3.213993E+00 8.937E-04
  3.214581E+00 1.514E-03
  3.214868E+00 1.901E-03
  3.215096E+00 2.304E-03
  3.215321E+00 2.850E-03
  3.215488E+00 3.410E-03
  3.215654E+00 4.177E-03
  3.215764E+00 4.862E-03
  3.215874E+00 5.751E-03
  3.215982E+00 6.936E-03
  3.216091E+00 8.567E-03
  3.216144E+00 9.623E-03
  3.216198E+00 1.090E-02
  3.216252E+00 1.246E-02
  3.216305E+00 1.439E-02
  3.216358E+00 1.684E-02
  3.216412E+00 1.997E-02
  3.216465E+00 2.408E-02
  3.216518E+00 2.962E-02
  3.216570E+00 3.731E-02
  3.216623E+00 4.841E-02
  3.216675E+00 6.518E-02
  3.216728E+00 9.209E-02
  3.216780E+00 1.387E-01
  3.216832E+00 2.279E-01
  3.216884E+00 4.188E-01
  3.216988E+00 1.257E+00
  3.217039E+00 8.614E-01
  3.217090E+00 4.417E-01
  3.217142E+00 2.457E-01
  3.217193E+00 1.529E-01
  3.217244E+00 1.038E-01
  3.217295E+00 7.520E-02
  3.217346E+00 5.722E-02
  3.217396E+00 4.522E-02
  3.217447E+00 3.684E-02
  3.217497E+00 3.077E-02
  3.217547E+00 2.625E-02
  3.217597E+00 2.280E-02
  3.217647E+00 2.012E-02
  3.217697E+00 1.802E-02
  3.217796E+00 1.502E-02
  3.217895E+00 1.318E-02
  3.217994E+00 1.224E-02
  3.218042E+00 1.212E-02
  3.218091E+00 1.231E-02
  3.218140E+00 1.297E-02
  3.218189E+00 1.450E-02
  3.218237E+00 1.805E-02
  3.218285E+00 2.868E-02
  3.218334E+00 1.058E-01
  3.218382E+00 1.781E-01
  3.218430E+00 7.179E-03
  3.218478E+00 2.441E-03
  3.218525E+00 2.017E-03
  3.218573E+00 2.101E-03
  3.218668E+00 2.366E-03
  3.218809E+00 2.585E-03
  3.219089E+00 2.721E-03
  3.219546E+00 2.899E-03
  3.219770E+00 3.150E-03
  3.219859E+00 3.397E-03
  3.219903E+00 3.662E-03
  3.219947E+00 4.266E-03
  3.219991E+00 6.347E-03
  3.220035E+00 2.488E-02
  3.220079E+00 1.843E-01
  3.220123E+00 1.517E-02
  3.220167E+00 8.678E-03
  3.220210E+00 7.168E-03
  3.220253E+00 6.737E-03
  3.220297E+00 6.731E-03
  3.220340E+00 6.977E-03
  3.220383E+00 7.435E-03
  3.220426E+00 8.129E-03
  3.220469E+00 9.132E-03
  3.220512E+00 1.060E-02
  3.220555E+00 1.284E-02
  3.220597E+00 1.651E-02
  3.220640E+00 2.328E-02
  3.220682E+00 3.845E-02
  3.220724E+00 8.810E-02
  3.220766E+00 5.300E-01
  3.220809E+00 3.337E-01
  3.220851E+00 3.992E-02
  3.220892E+00 1.122E-02
  3.220934E+00 4.154E-03
  3.220976E+00 1.704E-03
  3.221017E+00 7.149E-04
  3.221059E+00 2.952E-04
  3.221100E+00 1.281E-04
  3.221142E+00 8.261E-05
  3.221183E+00 9.845E-05
  3.221224E+00 1.460E-04
  3.221265E+00 2.100E-04
  3.221346E+00 3.577E-04
  3.221868E+00 1.340E-03
  3.222025E+00 1.705E-03
  3.222142E+00 2.060E-03
  3.222219E+00 2.369E-03
  3.222297E+00 2.778E-03
  3.222373E+00 3.356E-03
  3.222412E+00 3.749E-03
  3.222450E+00 4.250E-03
  3.222488E+00 4.908E-03
  3.222526E+00 5.801E-03
  3.222564E+00 7.056E-03
  3.222602E+00 8.860E-03
  3.222639E+00 1.140E-02
  3.222677E+00 1.429E-02
  3.222714E+00 1.505E-02
  3.222752E+00 1.110E-02
  3.222789E+00 6.017E-03
  3.222827E+00 2.908E-03
  3.222864E+00 1.401E-03
  3.222901E+00 7.105E-04
  3.222938E+00 4.076E-04
  3.222975E+00 2.918E-04
  3.223012E+00 2.696E-04
  3.223048E+00 2.960E-04
  3.223085E+00 3.479E-04
  3.223122E+00 4.136E-04
  3.223267E+00 7.220E-04
  3.223519E+00 1.300E-03
  3.223731E+00 1.875E-03
  3.223906E+00 2.492E-03
  3.224044E+00 3.150E-03
  3.224147E+00 3.799E-03
  3.224250E+00 4.651E-03
  3.224351E+00 5.816E-03
  3.224418E+00 6.853E-03
  3.224486E+00 8.198E-03
  3.224552E+00 9.989E-03
  3.224586E+00 1.112E-02
  3.224619E+00 1.245E-02
  3.224652E+00 1.405E-02
  3.224685E+00 1.598E-02
  3.224718E+00 1.834E-02
  3.224751E+00 2.127E-02
  3.224784E+00 2.498E-02
  3.224816E+00 2.975E-02
  3.224849E+00 3.603E-02
  3.224882E+00 4.454E-02
  3.224914E+00 5.643E-02
  3.224947E+00 7.374E-02
  3.224979E+00 1.002E-01
  3.225011E+00 1.434E-01
  3.225044E+00 2.199E-01
  3.225076E+00 3.697E-01
  3.225108E+00 6.943E-01
  3.225140E+00 1.330E+00
  3.225172E+00 1.577E+00
  3.225204E+00 9.262E-01
  3.225235E+00 4.810E-01
  3.225267E+00 2.762E-01
  3.225299E+00 1.758E-01
  3.225330E+00 1.210E-01
  3.225362E+00 8.823E-02
  3.225393E+00 6.727E-02
  3.225425E+00 5.310E-02
  3.225456E+00 4.309E-02
  3.225487E+00 3.579E-02
  3.225519E+00 3.030E-02
  3.225550E+00 2.608E-02
  3.225581E+00 2.278E-02
  3.225612E+00 2.016E-02
  3.225643E+00 1.806E-02
  3.225704E+00 1.501E-02
  3.225766E+00 1.309E-02
  3.225796E+00 1.250E-02
  3.225827E+00 1.218E-02
  3.225857E+00 1.226E-02
  3.225888E+00 1.304E-02
  3.225918E+00 1.570E-02
  3.225948E+00 2.880E-02
  3.225978E+00 5.734E-01
  3.226009E+00 2.152E-03
  3.226039E+00 2.422E-03
  3.226069E+00 2.984E-03
  3.226099E+00 3.290E-03
  3.226128E+00 3.443E-03
  3.226188E+00 3.530E-03
  3.226569E+00 3.154E-03
  3.226741E+00 3.163E-03
  3.226855E+00 3.307E-03
  3.226911E+00 3.485E-03
  3.226939E+00 3.653E-03
  3.226967E+00 3.961E-03
  3.226995E+00 4.657E-03
  3.227023E+00 6.872E-03
  3.227051E+00 2.131E-02
  3.227079E+00 7.114E+00
  3.227107E+00 2.806E-02
  3.227134E+00 1.253E-02
  3.227162E+00 9.414E-03
  3.227190E+00 8.466E-03
  3.227217E+00 8.284E-03
  3.227245E+00 8.522E-03
  3.227272E+00 9.099E-03
  3.227299E+00 1.005E-02
  3.227327E+00 1.150E-02
  3.227354E+00 1.375E-02
  3.227381E+00 1.743E-02
  3.227408E+00 2.411E-02
  3.227435E+00 3.855E-02
  3.227463E+00 8.210E-02
  3.227489E+00 3.811E-01
  3.227516E+00 6.393E-01
  3.227543E+00 5.913E-02
  3.227570E+00 1.566E-02
  3.227597E+00 5.776E-03
  3.227623E+00 2.440E-03
  3.227650E+00 1.090E-03
  3.227677E+00 4.984E-04
  3.227703E+00 2.417E-04
  3.227730E+00 1.462E-04
  3.227756E+00 1.331E-04
  3.227782E+00 1.638E-04
  3.227809E+00 2.181E-04
  3.227835E+00 2.850E-04
  3.227965E+00 6.705E-04
  3.228146E+00 1.227E-03
  3.228273E+00 1.691E-03
  3.228349E+00 2.047E-03
  3.228424E+00 2.521E-03
  3.228474E+00 2.951E-03
  3.228524E+00 3.543E-03
  3.228549E+00 3.933E-03
  3.228573E+00 4.418E-03
  3.228598E+00 5.035E-03
  3.228623E+00 5.846E-03
  3.228647E+00 6.945E-03
  3.228672E+00 8.494E-03
  3.228696E+00 1.075E-02
  3.228721E+00 1.408E-02
  3.228745E+00 1.858E-02
  3.228769E+00 2.231E-02
  3.228794E+00 2.001E-02
  3.228818E+00 1.258E-02
  3.228842E+00 6.626E-03
  3.228866E+00 3.406E-03
  3.228890E+00 1.814E-03
  3.228914E+00 1.030E-03
  3.228938E+00 6.459E-04
  3.228962E+00 4.686E-04
  3.228986E+00 4.024E-04
  3.229010E+00 3.984E-04
  3.229034E+00 4.307E-04
  3.229058E+00 4.844E-04
  3.229129E+00 7.078E-04
  3.229246E+00 1.158E-03
  3.229362E+00 1.673E-03
  3.229455E+00 2.163E-03
  3.229546E+00 2.766E-03
  3.229637E+00 3.549E-03
  3.229704E+00 4.319E-03
  3.229771E+00 5.326E-03
  3.229816E+00 6.188E-03
  3.229882E+00 7.907E-03
  3.229927E+00 9.470E-03
  3.229971E+00 1.154E-02
  3.230014E+00 1.436E-02
  3.230036E+00 1.618E-02
  3.230058E+00 1.836E-02
  3.230080E+00 2.102E-02
  3.230101E+00 2.430E-02
  3.230123E+00 2.842E-02
  3.230145E+00 3.368E-02
  3.230166E+00 4.054E-02
  3.230188E+00 4.972E-02
  3.230209E+00 6.239E-02
  3.230231E+00 8.054E-02
  3.230252E+00 1.077E-01
  3.230273E+00 1.510E-01
  3.230295E+00 2.249E-01
  3.230316E+00 3.641E-01
  3.230337E+00 6.551E-01
  3.230359E+00 1.273E+00
  3.230380E+00 1.915E+00
  3.230401E+00 1.362E+00
  3.230422E+00 7.053E-01
  3.230443E+00 3.894E-01
  3.230464E+00 2.393E-01
  3.230485E+00 1.602E-01
  3.230506E+00 1.143E-01
  3.230527E+00 8.557E-02
  3.230548E+00 6.649E-02
  3.230568E+00 5.321E-02
  3.230589E+00 4.362E-02
  3.230610E+00 3.647E-02
  3.230630E+00 3.102E-02
  3.230651E+00 2.677E-02
  3.230672E+00 2.341E-02
  3.230692E+00 2.070E-02
  3.230733E+00 1.672E-02
  3.230774E+00 1.408E-02
  3.230815E+00 1.246E-02
  3.230835E+00 1.209E-02
  3.230855E+00 1.221E-02
  3.230876E+00 1.363E-02
  3.230896E+00 2.378E-02
  3.230916E+00 5.743E-03
  3.230936E+00 3.213E-03
  3.230956E+00 4.199E-03
  3.230976E+00 4.525E-03
  3.230996E+00 4.605E-03
  3.231056E+00 4.413E-03
  3.231194E+00 3.758E-03
  3.231311E+00 3.443E-03
  3.231426E+00 3.364E-03
  3.231503E+00 3.476E-03
  3.231541E+00 3.646E-03
  3.231560E+00 3.812E-03
  3.231579E+00 4.120E-03
  3.231597E+00 4.819E-03
  3.231616E+00 6.990E-03
  3.231635E+00 1.994E-02
  3.231654E+00 1.580E+01
  3.231672E+00 3.670E-02
  3.231691E+00 1.482E-02
  3.231710E+00 1.078E-02
  3.231728E+00 9.576E-03
  3.231747E+00 9.341E-03
  3.231766E+00 9.636E-03
  3.231784E+00 1.037E-02
  3.231803E+00 1.160E-02
  3.231821E+00 1.354E-02
  3.231839E+00 1.668E-02
  3.231858E+00 2.214E-02
  3.231876E+00 3.304E-02
  3.231894E+00 6.102E-02
  3.231913E+00 1.845E-01
  3.231931E+00 1.826E+00
  3.231949E+00 1.350E-01
  3.231967E+00 2.749E-02
  3.231985E+00 9.323E-03
  3.232004E+00 3.855E-03
  3.232022E+00 1.745E-03
  3.232040E+00 8.265E-04
  3.232058E+00 4.110E-04
  3.232076E+00 2.317E-04
  3.232094E+00 1.719E-04
  3.232112E+00 1.755E-04
  3.232129E+00 2.137E-04
  3.232147E+00 2.711E-04
  3.232183E+00 4.129E-04
  3.232342E+00 1.130E-03
  3.232429E+00 1.584E-03
  3.232498E+00 2.046E-03
  3.232549E+00 2.512E-03
  3.232583E+00 2.926E-03
  3.232617E+00 3.477E-03
  3.232651E+00 4.259E-03
  3.232668E+00 4.790E-03
  3.232685E+00 5.465E-03
  3.232702E+00 6.347E-03
  3.232719E+00 7.538E-03
  3.232735E+00 9.209E-03
  3.232752E+00 1.164E-02
  3.232769E+00 1.528E-02
  3.232786E+00 2.055E-02
  3.232802E+00 2.636E-02
  3.232819E+00 2.700E-02
  3.232852E+00 1.067E-02
  3.232869E+00 5.630E-03
  3.232885E+00 3.050E-03
  3.232902E+00 1.743E-03
  3.232918E+00 1.072E-03
  3.232934E+00 7.284E-04
  3.232951E+00 5.629E-04
  3.232967E+00 4.977E-04
  3.232984E+00 4.915E-04
  3.233000E+00 5.214E-04
  3.233016E+00 5.739E-04
  3.233049E+00 7.182E-04
  3.233113E+00 1.083E-03
  3.233178E+00 1.507E-03
  3.233257E+00 2.137E-03
  3.233320E+00 2.766E-03
  3.233367E+00 3.349E-03
  3.233414E+00 4.073E-03
  3.233461E+00 4.998E-03
  3.233507E+00 6.222E-03
  3.233538E+00 7.277E-03
  3.233569E+00 8.605E-03
  3.233599E+00 1.031E-02
  3.233630E+00 1.256E-02
  3.233660E+00 1.563E-02
  3.233675E+00 1.759E-02
  3.233690E+00 1.994E-02
  3.233721E+00 2.631E-02
  3.233736E+00 3.070E-02
  3.233751E+00 3.627E-02
  3.233766E+00 4.351E-02
  3.233781E+00 5.314E-02
  3.233795E+00 6.632E-02
  3.233810E+00 8.501E-02
  3.233825E+00 1.127E-01
  3.233840E+00 1.561E-01
  3.233855E+00 2.289E-01
  3.233870E+00 3.627E-01
  3.233885E+00 6.356E-01
  3.233899E+00 1.224E+00
  3.233914E+00 2.048E+00
  3.233929E+00 1.707E+00
  3.233943E+00 9.021E-01
  3.233958E+00 4.869E-01
  3.233973E+00 2.926E-01
  3.233987E+00 1.924E-01
  3.234002E+00 1.354E-01
  3.234016E+00 1.002E-01
  3.234031E+00 7.713E-02
  3.234045E+00 6.121E-02
  3.234060E+00 4.980E-02
  3.234074E+00 4.135E-02
  3.234089E+00 3.494E-02
  3.234103E+00 2.995E-02
  3.234118E+00 2.601E-02
  3.234132E+00 2.285E-02
  3.234146E+00 2.028E-02
  3.234175E+00 1.644E-02
  3.234203E+00 1.383E-02
  3.234232E+00 1.223E-02
  3.234246E+00 1.193E-02
  3.234260E+00 1.249E-02
  3.234274E+00 1.898E-02
  3.234288E+00 2.191E-03
  3.234302E+00 5.006E-03
  3.234316E+00 5.561E-03
  3.234330E+00 5.618E-03
  3.234386E+00 5.029E-03
  3.234469E+00 4.185E-03
  3.234552E+00 3.705E-03
  3.234633E+00 3.519E-03
  3.234700E+00 3.602E-03
  3.234727E+00 3.762E-03
  3.234741E+00 3.922E-03
  3.234754E+00 4.222E-03
  3.234767E+00 4.901E-03
  3.234780E+00 6.996E-03
  3.234794E+00 1.904E-02
  3.234807E+00 3.323E+00
  3.234820E+00 4.194E-02
  3.234833E+00 1.616E-02
  3.234846E+00 1.163E-02
  3.234860E+00 1.031E-02
  3.234873E+00 1.007E-02
  3.234886E+00 1.045E-02
  3.234899E+00 1.133E-02
  3.234912E+00 1.283E-02
  3.234925E+00 1.524E-02
  3.234938E+00 1.926E-02
  3.234951E+00 2.663E-02
  3.234964E+00 4.269E-02
  3.234977E+00 9.144E-02
  3.234990E+00 4.289E-01
  3.235003E+00 6.917E-01
  3.235016E+00 6.639E-02
  3.235029E+00 1.799E-02
  3.235041E+00 6.822E-03
  3.235054E+00 2.996E-03
  3.235067E+00 1.416E-03
  3.235080E+00 7.023E-04
  3.235093E+00 3.747E-04
  3.235105E+00 2.357E-04
  3.235118E+00 1.949E-04
  3.235131E+00 2.073E-04
  3.235143E+00 2.494E-04
  3.235156E+00 3.083E-04
  3.235169E+00 3.766E-04
  3.235232E+00 7.633E-04
  3.235306E+00 1.260E-03
  3.235356E+00 1.643E-03
  3.235405E+00 2.126E-03
  3.235442E+00 2.617E-03
  3.235466E+00 3.052E-03
  3.235490E+00 3.631E-03
  3.235514E+00 4.452E-03
  3.235527E+00 5.007E-03
  3.235539E+00 5.710E-03
  3.235551E+00 6.625E-03
  3.235563E+00 7.855E-03
  3.235575E+00 9.572E-03
  3.235587E+00 1.206E-02
  3.235599E+00 1.580E-02
  3.235610E+00 2.136E-02
  3.235622E+00 2.838E-02
  3.235634E+00 3.179E-02
  3.235646E+00 2.498E-02
  3.235658E+00 1.466E-02
  3.235670E+00 7.860E-03
  3.235682E+00 4.284E-03
  3.235693E+00 2.453E-03
  3.235705E+00 1.497E-03
  3.235717E+00 9.920E-04
  3.235729E+00 7.301E-04
  3.235740E+00 6.055E-04
  3.235752E+00 5.619E-04
  3.235764E+00 5.678E-04
  3.235775E+00 6.051E-04
  3.235787E+00 6.630E-04
  3.235799E+00 7.348E-04
  3.235834E+00 1.001E-03
  3.235880E+00 1.426E-03
  3.235926E+00 1.925E-03
  3.235971E+00 2.524E-03
  3.236005E+00 3.070E-03
  3.236039E+00 3.736E-03
  3.236084E+00 4.896E-03
  3.236117E+00 6.077E-03
  3.236150E+00 7.673E-03
  3.236173E+00 9.079E-03
  3.236195E+00 1.088E-02
  3.236217E+00 1.326E-02
  3.236228E+00 1.474E-02
  3.236249E+00 1.854E-02
  3.236260E+00 2.100E-02
  3.236271E+00 2.399E-02
  3.236282E+00 2.765E-02
  3.236293E+00 3.221E-02
  3.236304E+00 3.799E-02
  3.236315E+00 4.547E-02
  3.236325E+00 5.537E-02
  3.236336E+00 6.885E-02
  3.236347E+00 8.785E-02
  3.236358E+00 1.158E-01
  3.236368E+00 1.591E-01
  3.236379E+00 2.309E-01
  3.236390E+00 3.607E-01
  3.236401E+00 6.207E-01
  3.236411E+00 1.182E+00
  3.236422E+00 2.089E+00
  3.236433E+00 1.970E+00
  3.236443E+00 1.072E+00
  3.236454E+00 5.707E-01
  3.236464E+00 3.373E-01
  3.236475E+00 2.189E-01
  3.236486E+00 1.525E-01
  3.236496E+00 1.120E-01
  3.236507E+00 8.563E-02
  3.236517E+00 6.757E-02
  3.236528E+00 5.470E-02
  3.236538E+00 4.522E-02
  3.236549E+00 3.804E-02
  3.236559E+00 3.248E-02
  3.236580E+00 2.457E-02
  3.236590E+00 2.171E-02
  3.236611E+00 1.742E-02
  3.236621E+00 1.580E-02
  3.236642E+00 1.335E-02
  3.236652E+00 1.248E-02
  3.236663E+00 1.191E-02
  3.236673E+00 1.192E-02
  3.236683E+00 1.570E-02
  3.236694E+00 4.026E-03
  3.236704E+00 6.318E-03
  3.236714E+00 6.513E-03
  3.236745E+00 5.928E-03
  3.236795E+00 4.887E-03
  3.236835E+00 4.318E-03
  3.236854E+00 4.119E-03
  3.240214E+00 1.491E+00
  3.243544E+00 1.411E+00
  3.246844E+00 1.408E+00
  3.246854E+00 1.665E+00
  3.282326E+00 1.465E+00
  3.321252E+00 1.363E+00
  3.392355E+00 1.321E+00
  3.440224E+00 1.371E+00
  3.474617E+00 1.487E+00
  3.497716E+00 1.651E+00
  3.512307E+00 1.848E+00
  3.521459E+00 2.072E+00
  3.527322E+00 2.324E+00
  3.530185E+00 2.524E+00
  3.533004E+00 2.840E+00
  3.534396E+00 3.084E+00
  3.535779E+00 3.431E+00
  3.537150E+00 3.923E+00
  3.538511E+00 4.509E+00
  3.539861E+00 4.813E+00
  3.541201E+00 4.510E+00
  3.542531E+00 4.046E+00
  3.543851E+00 3.781E+00
  3.545161E+00 3.715E+00
  3.546460E+00 3.781E+00
  3.549031E+00 4.172E+00
  3.551562E+00 4.851E+00
  3.554056E+00 5.837E+00
  3.557728E+00 7.647E+00
  3.558934E+00 7.998E+00
  3.560131E+00 7.932E+00
  3.561319E+00 7.342E+00
  3.562498E+00 6.323E+00
  3.564831E+00 4.023E+00
  3.565985E+00 3.111E+00
  3.567130E+00 2.420E+00
  3.568267E+00 1.917E+00
  3.569396E+00 1.559E+00
  3.570517E+00 1.307E+00
  3.571629E+00 1.130E+00
  3.572734E+00 1.008E+00
  3.573831E+00 9.241E-01
  3.574920E+00 8.679E-01
  3.577074E+00 8.100E-01
  3.580249E+00 8.000E-01
  3.584379E+00 8.516E-01
  3.590361E+00 9.894E-01
  3.596101E+00 1.185E+00
  3.600707E+00 1.420E+00
  3.604282E+00 1.698E+00
  3.606902E+00 1.992E+00
  3.609469E+00 2.391E+00
  3.611987E+00 2.917E+00
  3.614455E+00 3.598E+00
  3.617673E+00 4.776E+00
  3.618464E+00 5.002E+00
  3.619251E+00 5.097E+00
  3.620032E+00 5.018E+00
  3.620808E+00 4.772E+00
  3.623865E+00 3.213E+00
  3.625364E+00 2.613E+00
  3.626844E+00 2.193E+00
  3.628306E+00 1.903E+00
  3.630465E+00 1.625E+00
  3.632585E+00 1.457E+00
  3.636030E+00 1.307E+00
  3.640681E+00 1.221E+00
  3.648212E+00 1.200E+00
  3.658012E+00 1.275E+00
  3.664378E+00 1.396E+00
  3.667404E+00 1.514E+00
  3.669366E+00 1.658E+00
  3.670810E+00 1.855E+00
  3.671760E+00 2.085E+00
  3.672231E+00 2.256E+00
  3.672699E+00 2.487E+00
  3.673165E+00 2.802E+00
  3.673628E+00 3.225E+00
  3.674548E+00 4.271E+00
  3.675004E+00 4.499E+00
  3.675457E+00 4.220E+00
  3.676357E+00 3.019E+00
  3.676803E+00 2.567E+00
  3.677247E+00 2.259E+00
  3.677689E+00 2.055E+00
  3.678128E+00 1.921E+00
  3.679000E+00 1.776E+00
  3.680290E+00 1.708E+00
  3.681979E+00 1.740E+00
  3.683634E+00 1.858E+00
  3.684852E+00 2.024E+00
  3.686842E+00 2.461E+00
  3.688012E+00 2.546E+00
  3.688398E+00 2.633E+00
  3.688782E+00 2.886E+00
  3.689164E+00 3.734E+00
  3.689544E+00 1.371E+01
  3.689922E+00 2.488E+00
  3.690298E+00 1.573E+00
  3.691785E+00 1.990E+00
  3.694316E+00 2.629E+00
  3.696071E+00 3.135E+00
  3.696761E+00 3.230E+00
  3.697104E+00 3.210E+00
  3.697445E+00 3.122E+00
  3.697784E+00 2.950E+00
  3.698122E+00 2.649E+00
  3.698458E+00 4.163E+00
  3.698792E+00 2.525E+00
  3.699125E+00 2.104E+00
  3.699456E+00 1.777E+00
  3.699785E+00 1.500E+00
  3.700113E+00 1.269E+00
  3.700440E+00 1.082E+00
  3.700764E+00 9.354E-01
  3.701088E+00 8.225E-01
  3.701410E+00 7.378E-01
  3.701730E+00 6.757E-01
  3.702048E+00 6.314E-01
  3.702681E+00 5.817E-01
  3.703308E+00 5.659E-01
  3.704237E+00 5.767E-01
  3.706356E+00 6.604E-01
  3.714440E+00 1.057E+00
  3.716992E+00 1.235E+00
  3.718713E+00 1.427E+00
  3.719911E+00 1.639E+00
  3.721083E+00 1.960E+00
  3.722230E+00 2.430E+00
  3.723575E+00 3.126E+00
  3.724016E+00 3.171E+00
  3.724453E+00 2.961E+00
  3.725530E+00 2.058E+00
  3.725954E+00 1.804E+00
  3.726585E+00 1.556E+00
  3.727207E+00 1.413E+00
  3.728228E+00 1.295E+00
  3.729622E+00 1.208E+00
  3.729818E+00 1.131E+00
  3.730013E+00 1.446E+00
  3.730208E+00 1.307E+00
  3.730977E+00 1.274E+00
  3.733757E+00 1.343E+00
  3.736378E+00 1.493E+00
  3.737550E+00 1.635E+00
  3.738043E+00 1.770E+00
  3.738368E+00 1.960E+00
  3.738691E+00 2.261E+00
  3.738851E+00 2.247E+00
  3.739171E+00 1.910E+00
  3.739329E+00 1.828E+00
  3.739645E+00 1.791E+00
  3.740269E+00 1.877E+00
  3.741037E+00 2.104E+00
  3.742235E+00 2.626E+00
  3.742382E+00 2.729E+00
  3.742529E+00 2.909E+00
  3.742675E+00 3.274E+00
  3.742821E+00 4.249E+00
  3.742966E+00 9.705E+00
  3.743111E+00 1.485E+01
  3.743255E+00 8.882E+00
  3.743399E+00 1.630E+00
  3.743542E+00 1.689E+00
  3.744668E+00 2.391E+00
  3.745082E+00 2.749E+00
  3.745219E+00 2.818E+00
  3.745355E+00 2.308E+00
  3.745492E+00 6.670E-01
  3.745627E+00 9.061E-01
  3.745762E+00 1.458E+00
  3.745897E+00 1.788E+00
  3.746031E+00 1.986E+00
  3.746164E+00 2.101E+00
  3.746298E+00 2.153E+00
  3.746430E+00 2.139E+00
  3.746562E+00 2.045E+00
  3.746694E+00 1.846E+00
  3.746825E+00 1.516E+00
  3.746956E+00 1.069E+00
  3.747087E+00 7.513E-01
  3.747217E+00 1.476E+00
  3.747346E+00 3.849E+00
  3.747475E+00 5.711E+00
  3.747603E+00 6.062E+00
  3.747732E+00 5.677E+00
  3.748113E+00 3.763E+00
  3.748239E+00 3.187E+00
  3.748365E+00 2.685E+00
  3.748491E+00 2.258E+00
  3.748616E+00 1.905E+00
  3.748740E+00 1.617E+00
  3.748864E+00 1.386E+00
  3.748988E+00 1.202E+00
  3.749111E+00 1.057E+00
  3.749234E+00 9.447E-01
  3.749356E+00 8.577E-01
  3.749478E+00 7.914E-01
  3.749721E+00 7.052E-01
  3.749962E+00 6.620E-01
  3.750321E+00 6.461E-01
  3.750793E+00 6.744E-01
  3.751604E+00 7.832E-01
  3.752619E+00 9.795E-01
  3.753388E+00 1.186E+00
  3.755182E+00 1.855E+00
  3.755590E+00 2.059E+00
  3.755691E+00 1.988E+00
  3.755792E+00 2.468E+00
  3.755893E+00 2.342E+00
  3.756093E+00 2.240E+00
  3.756489E+00 1.813E+00
  3.756783E+00 1.520E+00
  3.757073E+00 1.331E+00
  3.757362E+00 1.221E+00
  3.757836E+00 1.137E+00
  3.758579E+00 1.115E+00
  3.759836E+00 1.185E+00
  3.761040E+00 1.320E+00
  3.761124E+00 1.339E+00
  3.761208E+00 1.531E+00
  3.761291E+00 1.639E+00
  3.761374E+00 1.451E+00
  3.761540E+00 1.463E+00
  3.761787E+00 1.574E+00
  3.761869E+00 1.644E+00
  3.761950E+00 1.753E+00
  3.762031E+00 1.940E+00
  3.762112E+00 2.379E+00
  3.762193E+00 4.592E+00
  3.762274E+00 3.418E+00
  3.762354E+00 1.691E+00
  3.762434E+00 1.510E+00
  3.762514E+00 1.486E+00
  3.762909E+00 1.590E+00
  3.763376E+00 1.816E+00
  3.763910E+00 2.179E+00
  3.764211E+00 2.331E+00
  3.764285E+00 2.423E+00
  3.764360E+00 2.574E+00
  3.764434E+00 2.848E+00
  3.764508E+00 3.459E+00
  3.764581E+00 5.766E+00
  3.764655E+00 4.812E+01
  3.764728E+00 2.290E+00
  3.764801E+00 1.713E+00
  3.764874E+00 1.795E+00
  3.765235E+00 2.329E+00
  3.765378E+00 2.454E+00
  3.765449E+00 2.414E+00
  3.765520E+00 2.193E+00
  3.765591E+00 1.674E+00
  3.765661E+00 9.475E-01
  3.765732E+00 4.916E-01
  3.765802E+00 5.334E-01
  3.765872E+00 8.356E-01
  3.765941E+00 1.186E+00
  3.766011E+00 1.510E+00
  3.766080E+00 1.793E+00
  3.766218E+00 2.244E+00
  3.766287E+00 2.409E+00
  3.766356E+00 2.521E+00
  3.766424E+00 2.569E+00
  3.766492E+00 2.539E+00
  3.766560E+00 2.426E+00
  3.766628E+00 2.234E+00
  3.766830E+00 1.446E+00
  3.766897E+00 1.210E+00
  3.766964E+00 1.016E+00
  3.767031E+00 8.690E-01
  3.767097E+00 7.647E-01
  3.767163E+00 6.978E-01
  3.767229E+00 6.620E-01
  3.767295E+00 6.519E-01
  3.767361E+00 6.634E-01
  3.767427E+00 6.940E-01
  3.767492E+00 7.428E-01
  3.767557E+00 8.112E-01
  3.767622E+00 9.027E-01
  3.767687E+00 1.025E+00
  3.767751E+00 1.193E+00
  3.767816E+00 1.434E+00
  3.767880E+00 1.804E+00
  3.767944E+00 2.424E+00
  3.768008E+00 3.578E+00
  3.768072E+00 5.852E+00
  3.768135E+00 8.784E+00
  3.768199E+00 6.937E+00
  3.768262E+00 3.476E+00
  3.768325E+00 1.888E+00
  3.768388E+00 1.239E+00
  3.768450E+00 9.526E-01
  3.768513E+00 8.184E-01
  3.768575E+00 7.556E-01
  3.768637E+00 7.293E-01
  3.768761E+00 7.288E-01
  3.769007E+00 8.035E-01
  3.769430E+00 1.003E+00
  3.770021E+00 1.327E+00
  3.770539E+00 1.472E+00
  3.770709E+00 1.607E+00
  3.770822E+00 1.729E+00
  3.770878E+00 1.747E+00
  3.770934E+00 2.527E+00
  3.770989E+00 2.084E+00
  3.771101E+00 2.071E+00
  3.771211E+00 1.969E+00
  3.771485E+00 1.513E+00
  3.771647E+00 1.319E+00
  3.771862E+00 1.178E+00
  3.772127E+00 1.109E+00
  3.772544E+00 1.104E+00
  3.773003E+00 1.175E+00
  3.773254E+00 1.264E+00
  3.773403E+00 1.376E+00
  3.773501E+00 1.532E+00
  3.773550E+00 1.676E+00
  3.773599E+00 1.921E+00
  3.773648E+00 2.377E+00
  3.773697E+00 3.176E+00
  3.773746E+00 3.633E+00
  3.773794E+00 2.676E+00
  3.773842E+00 1.902E+00
  3.773891E+00 1.680E+00
  3.773939E+00 1.934E+00
  3.773987E+00 1.861E+00
  3.774034E+00 1.580E+00
  3.774082E+00 1.464E+00
  3.774130E+00 1.420E+00
  3.774225E+00 1.417E+00
  3.774319E+00 1.488E+00
  3.774413E+00 1.662E+00
  3.774460E+00 1.717E+00
  3.774553E+00 1.502E+00
  3.774599E+00 1.436E+00
  3.774692E+00 1.407E+00
  3.774967E+00 1.492E+00
  3.775282E+00 1.681E+00
  3.775504E+00 1.914E+00
  3.775680E+00 2.113E+00
  3.775854E+00 2.238E+00
  3.775940E+00 2.404E+00
  3.775983E+00 2.561E+00
  3.776026E+00 2.834E+00
  3.776069E+00 3.419E+00
  3.776112E+00 5.489E+00
  3.776154E+00 4.296E+01
  3.776197E+00 2.482E+00
  3.776239E+00 1.803E+00
  3.776324E+00 2.026E+00
  3.776408E+00 2.255E+00
  3.776450E+00 2.333E+00
  3.776491E+00 2.351E+00
  3.776533E+00 2.253E+00
  3.776575E+00 1.957E+00
  3.776616E+00 1.435E+00
  3.776657E+00 8.534E-01
  3.776699E+00 4.969E-01
  3.776740E+00 4.485E-01
  3.776781E+00 5.956E-01
  3.776822E+00 8.224E-01
  3.776985E+00 1.773E+00
  3.777066E+00 2.176E+00
  3.777106E+00 2.333E+00
  3.777146E+00 2.433E+00
  3.777186E+00 2.450E+00
  3.777226E+00 2.361E+00
  3.777266E+00 2.162E+00
  3.777385E+00 1.283E+00
  3.777425E+00 1.047E+00
  3.777464E+00 8.730E-01
  3.777504E+00 7.577E-01
  3.777543E+00 6.906E-01
  3.777582E+00 6.609E-01
  3.777621E+00 6.594E-01
  3.777660E+00 6.796E-01
  3.777699E+00 7.170E-01
  3.777777E+00 8.350E-01
  3.777854E+00 1.014E+00
  3.777892E+00 1.134E+00
  3.777931E+00 1.285E+00
  3.777969E+00 1.483E+00
  3.778007E+00 1.753E+00
  3.778045E+00 2.144E+00
  3.778083E+00 2.749E+00
  3.778121E+00 3.760E+00
  3.778159E+00 5.508E+00
  3.778196E+00 7.945E+00
  3.778234E+00 8.154E+00
  3.778272E+00 5.029E+00
  3.778309E+00 2.725E+00
  3.778346E+00 1.658E+00
  3.778384E+00 1.177E+00
  3.778421E+00 9.504E-01
  3.778458E+00 8.423E-01
  3.778495E+00 7.936E-01
  3.778532E+00 7.770E-01
  3.778606E+00 7.913E-01
  3.778752E+00 8.925E-01
  3.779076E+00 1.182E+00
  3.779218E+00 1.242E+00
  3.779428E+00 1.259E+00
  3.779533E+00 1.349E+00
  3.779705E+00 1.653E+00
  3.779739E+00 1.556E+00
  3.779773E+00 2.024E+00
  3.779807E+00 1.969E+00
  3.779875E+00 1.930E+00
  3.779976E+00 1.719E+00
  3.780110E+00 1.404E+00
  3.780209E+00 1.254E+00
  3.780341E+00 1.151E+00
  3.780504E+00 1.109E+00
  3.780729E+00 1.135E+00
  3.780888E+00 1.207E+00
  3.780982E+00 1.292E+00
  3.781045E+00 1.392E+00
  3.781107E+00 1.571E+00
  3.781138E+00 1.722E+00
  3.781169E+00 1.948E+00
  3.781200E+00 2.286E+00
  3.781231E+00 2.718E+00
  3.781262E+00 2.983E+00
  3.781292E+00 2.694E+00
  3.781323E+00 2.135E+00
  3.781354E+00 1.719E+00
  3.781384E+00 1.483E+00
  3.781415E+00 1.362E+00
  3.781445E+00 1.310E+00
  3.781475E+00 1.321E+00
  3.781506E+00 1.430E+00
  3.781536E+00 1.642E+00
  3.781566E+00 1.643E+00
  3.781596E+00 1.503E+00
  3.781626E+00 1.417E+00
  3.781686E+00 1.360E+00
  3.781775E+00 1.391E+00
  3.781834E+00 1.482E+00
  3.781864E+00 1.574E+00
  3.781922E+00 1.838E+00
  3.781952E+00 1.710E+00
  3.781981E+00 1.511E+00
  3.782010E+00 1.413E+00
  3.782068E+00 1.370E+00
  3.782241E+00 1.446E+00
  3.782468E+00 1.642E+00
  3.782608E+00 1.857E+00
  3.782747E+00 2.103E+00
  3.782857E+00 2.240E+00
  3.782911E+00 2.425E+00
  3.782939E+00 2.598E+00
  3.782966E+00 2.895E+00
  3.782993E+00 3.542E+00
  3.783020E+00 5.990E+00
  3.783047E+00 4.258E+01
  3.783074E+00 2.363E+00
  3.783101E+00 1.863E+00
  3.783181E+00 2.211E+00
  3.783208E+00 2.282E+00
  3.783234E+00 2.273E+00
  3.783261E+00 2.115E+00
  3.783287E+00 1.739E+00
  3.783314E+00 1.188E+00
  3.783340E+00 6.889E-01
  3.783366E+00 4.459E-01
  3.783392E+00 4.496E-01
  3.783419E+00 5.910E-01
  3.783471E+00 9.980E-01
  3.783575E+00 1.817E+00
  3.783626E+00 2.171E+00
  3.783652E+00 2.296E+00
  3.783678E+00 2.350E+00
  3.783703E+00 2.299E+00
  3.783729E+00 2.126E+00
  3.783780E+00 1.527E+00
  3.783805E+00 1.225E+00
  3.783831E+00 9.854E-01
  3.783856E+00 8.196E-01
  3.783881E+00 7.201E-01
  3.783906E+00 6.727E-01
  3.783931E+00 6.636E-01
  3.783957E+00 6.824E-01
  3.783982E+00 7.218E-01
  3.784007E+00 7.773E-01
  3.784056E+00 9.300E-01
  3.784106E+00 1.145E+00
  3.784131E+00 1.286E+00
  3.784155E+00 1.462E+00
  3.784180E+00 1.688E+00
  3.784205E+00 1.992E+00
  3.784229E+00 2.422E+00
  3.784254E+00 3.067E+00
  3.784278E+00 4.083E+00
  3.784303E+00 5.692E+00
  3.784327E+00 7.707E+00
  3.784351E+00 8.040E+00
  3.784375E+00 5.548E+00
  3.784400E+00 3.211E+00
  3.784424E+00 1.963E+00
  3.784448E+00 1.359E+00
  3.784472E+00 1.061E+00
  3.784496E+00 9.125E-01
  3.784520E+00 8.405E-01
  3.784544E+00 8.104E-01
  3.784591E+00 8.128E-01
  3.784663E+00 8.818E-01
  3.784850E+00 1.128E+00
  3.784920E+00 1.168E+00
  3.785058E+00 1.152E+00
  3.785126E+00 1.205E+00
  3.785194E+00 1.347E+00
  3.785284E+00 1.606E+00
  3.785306E+00 1.474E+00
  3.785329E+00 1.960E+00
  3.785373E+00 1.891E+00
  3.785418E+00 1.801E+00
  3.785528E+00 1.425E+00
  3.785594E+00 1.269E+00
  3.785680E+00 1.160E+00
  3.785788E+00 1.119E+00
  3.785916E+00 1.148E+00
  3.786021E+00 1.240E+00
  3.786084E+00 1.360E+00
  3.786126E+00 1.508E+00
  3.786146E+00 1.624E+00
  3.786167E+00 1.785E+00
  3.786188E+00 2.011E+00
  3.786229E+00 2.621E+00
  3.786250E+00 2.734E+00
  3.786270E+00 2.483E+00
  3.786291E+00 2.063E+00
  3.786311E+00 1.718E+00
  3.786332E+00 1.496E+00
  3.786352E+00 1.366E+00
  3.786372E+00 1.294E+00
  3.786393E+00 1.264E+00
  3.786413E+00 1.274E+00
  3.786433E+00 1.347E+00
  3.786453E+00 1.516E+00
  3.786473E+00 1.633E+00
  3.786513E+00 1.436E+00
  3.786533E+00 1.376E+00
  3.786573E+00 1.335E+00
  3.786633E+00 1.363E+00
  3.786673E+00 1.436E+00
  3.786692E+00 1.507E+00
  3.786712E+00 1.627E+00
  3.786732E+00 1.802E+00
  3.786751E+00 1.850E+00
  3.786771E+00 1.619E+00
  3.786790E+00 1.442E+00
  3.786810E+00 1.372E+00
  3.786849E+00 1.348E+00
  3.787003E+00 1.466E+00
  3.787136E+00 1.647E+00
  3.787230E+00 1.867E+00
  3.787323E+00 2.105E+00
  3.787397E+00 2.258E+00
  3.787433E+00 2.468E+00
  3.787452E+00 2.663E+00
  3.787470E+00 3.010E+00
  3.787488E+00 3.816E+00
  3.787507E+00 7.528E+00
  3.787525E+00 2.042E+01
  3.787543E+00 2.139E+00
  3.787561E+00 1.913E+00
  3.787597E+00 2.152E+00
  3.787615E+00 2.236E+00
  3.787633E+00 2.239E+00
  3.787651E+00 2.091E+00
  3.787669E+00 1.723E+00
  3.787687E+00 1.177E+00
  3.787705E+00 6.825E-01
  3.787722E+00 4.391E-01
  3.787740E+00 4.346E-01
  3.787758E+00 5.625E-01
  3.787776E+00 7.433E-01
  3.787846E+00 1.517E+00
  3.787899E+00 2.049E+00
  3.787916E+00 2.185E+00
  3.787934E+00 2.263E+00
  3.787951E+00 2.248E+00
  3.787969E+00 2.109E+00
  3.787986E+00 1.854E+00
  3.788020E+00 1.222E+00
  3.788038E+00 9.734E-01
  3.788055E+00 8.050E-01
  3.788072E+00 7.095E-01
  3.788089E+00 6.703E-01
  3.788106E+00 6.716E-01
  3.788123E+00 7.014E-01
  3.788141E+00 7.519E-01
  3.788175E+00 8.987E-01
  3.788192E+00 9.929E-01
  3.788225E+00 1.232E+00
  3.788242E+00 1.387E+00
  3.788259E+00 1.577E+00
  3.788276E+00 1.821E+00
  3.788293E+00 2.145E+00
  3.788309E+00 2.595E+00
  3.788326E+00 3.253E+00
  3.788343E+00 4.250E+00
  3.788360E+00 5.740E+00
  3.788376E+00 7.499E+00
  3.788393E+00 7.903E+00
  3.788426E+00 3.577E+00
  3.788442E+00 2.216E+00
  3.788459E+00 1.515E+00
  3.788475E+00 1.158E+00
  3.788492E+00 9.730E-01
  3.788508E+00 8.794E-01
  3.788525E+00 8.359E-01
  3.788541E+00 8.217E-01
  3.788574E+00 8.398E-01
  3.788671E+00 1.013E+00
  3.788735E+00 1.111E+00
  3.788783E+00 1.125E+00
  3.788862E+00 1.096E+00
  3.788909E+00 1.143E+00
  3.788956E+00 1.277E+00
  3.789018E+00 1.547E+00
  3.789034E+00 1.571E+00
  3.789049E+00 2.829E+00
  3.789065E+00 1.885E+00
  3.789111E+00 1.794E+00
  3.789202E+00 1.378E+00
  3.789248E+00 1.242E+00
  3.789308E+00 1.151E+00
  3.789383E+00 1.125E+00
  3.789471E+00 1.177E+00
  3.789530E+00 1.277E+00
  3.789559E+00 1.368E+00
  3.789588E+00 1.521E+00
  3.789603E+00 1.637E+00
  3.789617E+00 1.794E+00
  3.789632E+00 2.007E+00
  3.789661E+00 2.531E+00
  3.789675E+00 2.620E+00
  3.789689E+00 2.418E+00
  3.789718E+00 1.741E+00
  3.789732E+00 1.520E+00
  3.789746E+00 1.382E+00
  3.789761E+00 1.300E+00
  3.789775E+00 1.257E+00
  3.789789E+00 1.248E+00
  3.789803E+00 1.280E+00
  3.789817E+00 1.383E+00
  3.789832E+00 1.561E+00
  3.789846E+00 1.612E+00
  3.789874E+00 1.411E+00
  3.789902E+00 1.332E+00
  3.789944E+00 1.331E+00
  3.789985E+00 1.411E+00
  3.789999E+00 1.473E+00
  3.790013E+00 1.576E+00
  3.790040E+00 1.872E+00
  3.790054E+00 1.696E+00
  3.790068E+00 1.471E+00
  3.790082E+00 1.373E+00
  3.790095E+00 1.340E+00
  3.790150E+00 1.360E+00
  3.790271E+00 1.527E+00
  3.790351E+00 1.715E+00
  3.790456E+00 2.098E+00
  3.790508E+00 2.251E+00
  3.790534E+00 2.451E+00
  3.790547E+00 2.634E+00
  3.790560E+00 2.946E+00
  3.790573E+00 3.620E+00
  3.790586E+00 6.159E+00
  3.790599E+00 4.057E+01
  3.790611E+00 2.467E+00
  3.790624E+00 1.931E+00
  3.790650E+00 2.149E+00
  3.790663E+00 2.221E+00
  3.790675E+00 2.191E+00
  3.790688E+00 1.981E+00
  3.790701E+00 1.539E+00
  3.790713E+00 9.776E-01
  3.790726E+00 5.577E-01
  3.790739E+00 4.079E-01
  3.790751E+00 4.595E-01
  3.790764E+00 6.078E-01
  3.790826E+00 1.529E+00
  3.790864E+00 2.030E+00
  3.790876E+00 2.152E+00
  3.790888E+00 2.211E+00
  3.790901E+00 2.170E+00
  3.790913E+00 2.004E+00
  3.790950E+00 1.109E+00
  3.790962E+00 8.879E-01
  3.790975E+00 7.509E-01
  3.790987E+00 6.842E-01
  3.790999E+00 6.694E-01
  3.791011E+00 6.907E-01
  3.791023E+00 7.373E-01
  3.791048E+00 8.819E-01
  3.791072E+00 1.083E+00
  3.791096E+00 1.355E+00
  3.791108E+00 1.532E+00
  3.791120E+00 1.752E+00
  3.791132E+00 2.035E+00
  3.791144E+00 2.415E+00
  3.791156E+00 2.945E+00
  3.791168E+00 3.716E+00
  3.791180E+00 4.855E+00
  3.791191E+00 6.410E+00
  3.791203E+00 7.771E+00
  3.791215E+00 7.285E+00
  3.791227E+00 5.085E+00
  3.791239E+00 3.161E+00
  3.791251E+00 2.039E+00
  3.791262E+00 1.446E+00
  3.791274E+00 1.134E+00
  3.791286E+00 9.687E-01
  3.791298E+00 8.840E-01
  3.791309E+00 8.449E-01
  3.791321E+00 8.329E-01
  3.791344E+00 8.531E-01
  3.791437E+00 1.070E+00
  3.791471E+00 1.099E+00
  3.791540E+00 1.059E+00
  3.791574E+00 1.103E+00
  3.791607E+00 1.231E+00
  3.791652E+00 1.501E+00
  3.791663E+00 1.548E+00
  3.791674E+00 1.389E+00
  3.791685E+00 1.897E+00
  3.791730E+00 1.733E+00
  3.791785E+00 1.388E+00
  3.791828E+00 1.217E+00
  3.791872E+00 1.144E+00
  3.791926E+00 1.133E+00
  3.791979E+00 1.188E+00
  3.792022E+00 1.301E+00
  3.792043E+00 1.407E+00
  3.792064E+00 1.585E+00
  3.792085E+00 1.900E+00
  3.792106E+00 2.380E+00
  3.792116E+00 2.548E+00
  3.792127E+00 2.490E+00
  3.792148E+00 1.885E+00
  3.792158E+00 1.625E+00
  3.792168E+00 1.450E+00
  3.792179E+00 1.340E+00
  3.792189E+00 1.276E+00
  3.792199E+00 1.244E+00
  3.792210E+00 1.245E+00
  3.792220E+00 1.290E+00
  3.792230E+00 1.412E+00
  3.792240E+00 1.585E+00
  3.792251E+00 1.599E+00
  3.792271E+00 1.398E+00
  3.792281E+00 1.349E+00
  3.792312E+00 1.314E+00
  3.792342E+00 1.361E+00
  3.792362E+00 1.453E+00
  3.792372E+00 1.546E+00
  3.792393E+00 1.857E+00
  3.792410E+00 1.545E+00
  3.802400E+00 2.457E+00
  3.802410E+00 1.747E+00
  3.877240E+00 1.698E+00
  3.977013E+00 1.595E+00
  4.176560E+00 1.401E+00
  4.425993E+00 1.188E+00
  4.675426E+00 1.013E+00
  5.049575E+00 8.210E-01
  5.423725E+00 6.762E-01
  5.922591E+00 5.318E-01
  6.246854E+00 4.599E-01
  6.373051E+00 4.331E-01
  6.501791E+00 4.079E-01
  6.633136E+00 3.841E-01
  6.767137E+00 3.618E-01
  6.903843E+00 3.407E-01
  7.043306E+00 3.209E-01
  7.185589E+00 3.022E-01
  7.330749E+00 2.846E-01
  7.478839E+00 2.680E-01
  7.629927E+00 2.524E-01
  7.784058E+00 2.377E-01
  7.941305E+00 2.239E-01
  8.101733E+00 2.108E-01
  8.265397E+00 1.985E-01
  8.432367E+00 1.870E-01
  8.602715E+00 1.761E-01
  8.776500E+00 1.658E-01
  8.953800E+00 1.562E-01
  9.134674E+00 1.471E-01
  9.319213E+00 1.385E-01
  9.507469E+00 1.305E-01
  9.699532E+00 1.229E-01
  9.895478E+00 1.157E-01
  1.009538E+01 1.090E-01
  1.029932E+01 1.026E-01
  1.050738E+01 9.664E-02
  1.071965E+01 9.101E-02
  1.093619E+01 8.571E-02
  1.115712E+01 8.072E-02
  1.138251E+01 7.602E-02
  1.161245E+01 7.159E-02
  1.184704E+01 6.742E-02
  1.208637E+01 6.350E-02
  1.233053E+01 5.980E-02
  1.257962E+01 5.632E-02
  1.283374E+01 5.304E-02
  1.309300E+01 4.995E-02
  1.335750E+01 4.704E-02
  1.362734E+01 4.430E-02
  1.390263E+01 4.172E-02
  1.418348E+01 3.929E-02
  1.447001E+01 3.700E-02
  1.476232E+01 3.485E-02
  1.506053E+01 3.282E-02
  1.536478E+01 3.091E-02
  1.567517E+01 2.911E-02
  1.599183E+01 2.741E-02
  1.631488E+01 2.582E-02
  1.664445E+01 2.431E-02
  1.698070E+01 2.290E-02
  1.732373E+01 2.156E-02
  1.767369E+01 2.031E-02
  1.803072E+01 1.913E-02
  1.839497E+01 1.801E-02
  1.876657E+01 1.696E-02
  1.914569E+01 1.597E-02
  1.953244E+01 1.504E-02
  1.992703E+01 1.417E-02
  2.032957E+01 1.334E-02
  2.074026E+01 1.257E-02
  2.115924E+01 1.183E-02
  2.158670E+01 1.115E-02
  2.202277E+01 1.050E-02
  2.246767E+01 9.885E-03
  2.292154E+01 9.309E-03
  2.338460E+01 8.767E-03
  2.385698E+01 8.257E-03
  2.433893E+01 7.776E-03