  1.012127E-01 2.504E+01
  1.112127E-01 1.813E+01
  1.624974E-01 4.729E+00
  2.124782E-01 1.770E+00
  2.611989E-01 8.188E-01
  3.087016E-01 4.305E-01
  3.550264E-01 2.456E-01
  4.002120E-01 1.492E-01
  4.442956E-01 9.600E-02
  4.873125E-01 6.532E-02
  5.292970E-01 4.673E-02
  5.702818E-01 3.477E-02
  6.102984E-01 2.655E-02
  6.493771E-01 2.057E-02
  6.875469E-01 1.603E-02
  7.248359E-01 1.253E-02
  7.612709E-01 9.819E-03
  7.968777E-01 7.745E-03
  8.316814E-01 6.178E-03
  8.657059E-01 5.010E-03
  8.989742E-01 4.146E-03
  9.315086E-01 3.509E-03
  9.633306E-01 3.034E-03
  9.944608E-01 2.674E-03
  1.054725E+00 2.158E-03
  1.167781E+00 1.438E-03
  1.246564E+00 9.938E-04
  1.296455E+00 7.498E-04
  1.344370E+00 5.574E-04
  1.367619E+00 4.805E-04
  1.390412E+00 4.156E-04
  1.412761E+00 3.615E-04
  1.434677E+00 3.170E-04
  1.456172E+00 2.809E-04
  1.477257E+00 2.519E-04
  1.518234E+00 2.106E-04
  1.557689E+00 1.857E-04
  1.614179E+00 1.664E-04
  1.750593E+00 1.418E-04
  1.811911E+00 1.214E-04
  1.882901E+00 8.767E-05
  1.960666E+00 4.821E-05
  1.996809E+00 3.284E-05
  2.019965E+00 2.467E-05
  2.042408E+00 1.815E-05
  2.053370E+00 1.546E-05
  2.064165E+00 1.314E-05
  2.074795E+00 1.116E-05
  2.085265E+00 9.490E-06
  2.095576E+00 8.107E-06
  2.105733E+00 6.986E-06
  2.115738E+00 6.100E-06
  2.125594E+00 5.426E-06
  2.135305E+00 4.938E-06
  2.144873E+00 4.616E-06
  2.154301E+00 4.438E-06
  2.163592E+00 4.385E-06
  2.172748E+00 4.439E-06
  2.190666E+00 4.809E-06
  2.208077E+00 5.443E-06
  2.233280E+00 6.720E-06
  2.273002E+00 9.336E-06
  2.317209E+00 1.293E-05
  2.358009E+00 1.708E-05
  2.395743E+00 2.212E-05
  2.425063E+00 2.733E-05
  2.452617E+00 3.383E-05
  2.478545E+00 4.213E-05
  2.502970E+00 5.289E-05
  2.521507E+00 6.393E-05
  2.539209E+00 7.795E-05
  2.556125E+00 9.598E-05
  2.572302E+00 1.195E-04
  2.587782E+00 1.509E-04
  2.598959E+00 1.816E-04
  2.609781E+00 2.208E-04
  2.620264E+00 2.716E-04
  2.630421E+00 3.387E-04
  2.640267E+00 4.294E-04
  2.646664E+00 5.082E-04
  2.652931E+00 6.073E-04
  2.659072E+00 7.340E-04
  2.665091E+00 8.985E-04
  2.670990E+00 1.117E-03
  2.673896E+00 1.253E-03
  2.676773E+00 1.413E-03
  2.679622E+00 1.602E-03
  2.682443E+00 1.828E-03
  2.685236E+00 2.099E-03
  2.688002E+00 2.428E-03
  2.690741E+00 2.833E-03
  2.693454E+00 3.337E-03
  2.696141E+00 3.974E-03
  2.698802E+00 4.795E-03
  2.701437E+00 5.873E-03
  2.704047E+00 7.323E-03
  2.706632E+00 9.335E-03
  2.709193E+00 1.223E-02
  2.711729E+00 1.658E-02
  2.714242E+00 2.354E-02
  2.716731E+00 3.558E-02
  2.719196E+00 5.901E-02
  2.721639E+00 1.134E-01
  2.724059E+00 2.839E-01
  2.726456E+00 1.155E+00
  2.728831E+00 1.507E+00
  2.731184E+00 3.658E-01
  2.733516E+00 1.449E-01
  2.735826E+00 7.695E-02
  2.738115E+00 4.796E-02
  2.740383E+00 3.299E-02
  2.742631E+00 2.426E-02
  2.744858E+00 1.871E-02
  2.747065E+00 1.497E-02
  2.749252E+00 1.231E-02
  2.751419E+00 1.036E-02
  2.753567E+00 8.883E-03
  2.755696E+00 7.734E-03
  2.757806E+00 6.823E-03
  2.759897E+00 6.088E-03
  2.764024E+00 4.985E-03
  2.768079E+00 4.210E-03
  2.774030E+00 3.416E-03
  2.779826E+00 2.889E-03
  2.787326E+00 2.427E-03
  2.796348E+00 2.069E-03
  2.806685E+00 1.821E-03
  2.819694E+00 1.659E-03
  2.833357E+00 1.610E-03
  2.848791E+00 1.673E-03
  2.862974E+00 1.851E-03
  2.874892E+00 2.122E-03
  2.884900E+00 2.491E-03
  2.892251E+00 2.914E-03
  2.898270E+00 3.449E-03
  2.902147E+00 3.977E-03
  2.904985E+00 4.553E-03
  2.906845E+00 5.092E-03
  2.908680E+00 5.860E-03
  2.909588E+00 6.388E-03
  2.910490E+00 7.071E-03
  2.911386E+00 7.994E-03
  2.912276E+00 9.318E-03
  2.913160E+00 1.137E-02
  2.914039E+00 1.497E-02
  2.914911E+00 2.262E-02
  2.915778E+00 4.626E-02
  2.916639E+00 2.753E-01
  2.917494E+00 2.432E-01
  2.918344E+00 1.641E-02
  2.919188E+00 4.010E-03
  2.920026E+00 1.745E-03
  2.920859E+00 1.281E-03
  2.921687E+00 1.295E-03
  2.922509E+00 1.459E-03
  2.928118E+00 2.929E-03
  2.936440E+00 5.000E-03
  2.941443E+00 6.528E-03
  2.946235E+00 8.462E-03
  2.950182E+00 1.063E-02
  2.953365E+00 1.297E-02
  2.956454E+00 1.601E-02
  2.959453E+00 2.007E-02
  2.961790E+00 2.438E-02
  2.964073E+00 3.008E-02
  2.966305E+00 3.784E-02
  2.967945E+00 4.564E-02
  2.969558E+00 5.596E-02
  2.971144E+00 7.000E-02
  2.972186E+00 8.237E-02
  2.973217E+00 9.820E-02
  2.974236E+00 1.189E-01
  2.975245E+00 1.467E-01
  2.976242E+00 1.853E-01
  2.976736E+00 2.105E-01
  2.977228E+00 2.411E-01
  2.977717E+00 2.788E-01
  2.978203E+00 3.260E-01
  2.978687E+00 3.860E-01
  2.979168E+00 4.642E-01
  2.979646E+00 5.684E-01
  2.980122E+00 7.118E-01
  2.980595E+00 9.166E-01
  2.981066E+00 1.223E+00
  2.981534E+00 1.711E+00
  2.982000E+00 2.554E+00
  2.982463E+00 4.196E+00
  2.982924E+00 8.022E+00
  2.983382E+00 1.996E+01
  2.983837E+00 7.123E+01
  2.984291E+00 6.407E+01
  2.984742E+00 1.867E+01
  2.985190E+00 7.928E+00
  2.985636E+00 4.331E+00
  2.986080E+00 2.743E+00
  2.986521E+00 1.913E+00
  2.986960E+00 1.429E+00
  2.987397E+00 1.125E+00
  2.987832E+00 9.259E-01
  2.988264E+00 7.911E-01
  2.988694E+00 6.998E-01
  2.989121E+00 6.400E-01
  2.989547E+00 6.048E-01
  2.989970E+00 5.911E-01
  2.990391E+00 5.982E-01
  2.990810E+00 6.284E-01
  2.991226E+00 6.869E-01
  2.991641E+00 7.846E-01
  2.992053E+00 9.416E-01
  2.992463E+00 1.197E+00
  2.992871E+00 1.633E+00
  2.993277E+00 2.448E+00
  2.993681E+00 4.215E+00
  2.994083E+00 9.212E+00
  2.994483E+00 3.513E+01
  2.994881E+00 1.334E+04
  2.995276E+00 4.182E+01
  2.995670E+00 1.014E+01
  2.996062E+00 4.511E+00
  2.996451E+00 2.566E+00
  2.996839E+00 1.669E+00
  2.997225E+00 1.182E+00
  2.997609E+00 8.876E-01
  2.997990E+00 6.956E-01
  2.998370E+00 5.631E-01
  2.998748E+00 4.677E-01
  2.999125E+00 3.966E-01
  2.999499E+00 3.420E-01
  2.999871E+00 2.991E-01
  3.000242E+00 2.648E-01
  3.000610E+00 2.368E-01
  3.001342E+00 1.943E-01
  3.002067E+00 1.639E-01
  3.003140E+00 1.321E-01
  3.004198E+00 1.106E-01
  3.005241E+00 9.524E-02
  3.006607E+00 8.099E-02
  3.008278E+00 6.951E-02
  3.009909E+00 6.276E-02
  3.011502E+00 5.981E-02
  3.012749E+00 6.038E-02
  3.013974E+00 6.473E-02
  3.014877E+00 7.234E-02
  3.015472E+00 8.127E-02
  3.015767E+00 8.763E-02
  3.016061E+00 9.583E-02
  3.016354E+00 1.065E-01
  3.016646E+00 1.203E-01
  3.016936E+00 1.369E-01
  3.017224E+00 1.446E-01
  3.017512E+00 3.945E+02
  3.017798E+00 5.971E-01
  3.018083E+00 9.914E-01
  3.018366E+00 3.040E+00
  3.018649E+00 3.590E+02
  3.018929E+00 3.269E+00
  3.019209E+00 6.451E-01
  3.019487E+00 2.438E-01
  3.019765E+00 1.195E-01
  3.020040E+00 6.785E-02
  3.020315E+00 4.254E-02
  3.020588E+00 2.880E-02
  3.020861E+00 2.079E-02
  3.021132E+00 1.588E-02
  3.021401E+00 1.277E-02
  3.021670E+00 1.074E-02
  3.021937E+00 9.390E-03
  3.022203E+00 8.487E-03
  3.022468E+00 7.880E-03
  3.022994E+00 7.204E-03
  3.023775E+00 6.870E-03
  3.025306E+00 6.974E-03
  3.032166E+00 8.396E-03
  3.034555E+00 9.404E-03
  3.036019E+00 1.055E-02
  3.037241E+00 1.220E-02
  3.038039E+00 1.395E-02
  3.038629E+00 1.585E-02
  3.039212E+00 1.863E-02
  3.039597E+00 2.127E-02
  3.039978E+00 2.493E-02
  3.040168E+00 2.733E-02
  3.040357E+00 3.027E-02
  3.040545E+00 3.392E-02
  3.040733E+00 3.856E-02
  3.040919E+00 4.457E-02
  3.041105E+00 5.261E-02
  3.041290E+00 6.374E-02
  3.041475E+00 7.983E-02
  3.041659E+00 1.045E-01
  3.041842E+00 1.452E-01
  3.042024E+00 2.201E-01
  3.042206E+00 3.821E-01
  3.042387E+00 8.321E-01
  3.042567E+00 2.522E+00
  3.042746E+00 3.231E+00
  3.042925E+00 9.495E-01
  3.043103E+00 3.650E-01
  3.043280E+00 1.828E-01
  3.043457E+00 1.072E-01
  3.043633E+00 6.971E-02
  3.043808E+00 4.877E-02
  3.043983E+00 3.610E-02
  3.044157E+00 2.801E-02
  3.044330E+00 2.265E-02
  3.044503E+00 1.903E-02
  3.044675E+00 1.660E-02
  3.044846E+00 1.502E-02
  3.045017E+00 1.411E-02
  3.045187E+00 1.379E-02
  3.045356E+00 1.405E-02
  3.045525E+00 1.496E-02
  3.045693E+00 1.670E-02
  3.045860E+00 1.965E-02
  3.046027E+00 2.457E-02
  3.046193E+00 3.305E-02
  3.046358E+00 4.875E-02
  3.046523E+00 8.180E-02
  3.046687E+00 1.680E-01
  3.046851E+00 5.110E-01
  3.047014E+00 5.787E+00
  3.047176E+00 4.489E+00
  3.047338E+00 6.800E-01
  3.047499E+00 3.191E-01
  3.047659E+00 2.248E-01
  3.047819E+00 2.061E-01
  3.047978E+00 2.408E-01
  3.048137E+00 3.830E-01
  3.048295E+00 1.100E+00
  3.048453E+00 1.554E+02
  3.048610E+00 1.072E+00
  3.048766E+00 2.184E-01
  3.048922E+00 8.654E-02
  3.049077E+00 4.520E-02
  3.049231E+00 2.760E-02
  3.049385E+00 1.868E-02
  3.049539E+00 1.359E-02
  3.049692E+00 1.044E-02
  3.049844E+00 8.366E-03
  3.049996E+00 6.931E-03
  3.050147E+00 5.899E-03
  3.050297E+00 5.132E-03
  3.050447E+00 4.546E-03
  3.050597E+00 4.089E-03
  3.050894E+00 3.431E-03
  3.051189E+00 2.987E-03
  3.051628E+00 2.548E-03
  3.052206E+00 2.191E-03
  3.052775E+00 1.989E-03
  3.053196E+00 1.956E-03
  3.053335E+00 1.990E-03
  3.053474E+00 2.068E-03
  3.053613E+00 2.221E-03
  3.053751E+00 2.505E-03
  3.053888E+00 3.044E-03
  3.054025E+00 4.128E-03
  3.054162E+00 6.566E-03
  3.054298E+00 1.329E-02
  3.054433E+00 4.151E-02
  3.054568E+00 5.374E-01
  3.054703E+00 3.226E-01
  3.054837E+00 5.158E-02
  3.054971E+00 2.304E-02
  3.055104E+00 1.425E-02
  3.055236E+00 1.032E-02
  3.055369E+00 8.191E-03
  3.055500E+00 6.888E-03
  3.055631E+00 6.025E-03
  3.055762E+00 5.418E-03
  3.055893E+00 4.971E-03
  3.056152E+00 4.366E-03
  3.056537E+00 3.838E-03
  3.057045E+00 3.454E-03
  3.058284E+00 2.943E-03
  3.058405E+00 2.828E-03
  3.058526E+00 2.520E-03
  3.058647E+00 2.134E-02
  3.058767E+00 3.718E-03
  3.058887E+00 3.403E-03
  3.059126E+00 3.241E-03
  3.059948E+00 3.160E-03
  3.061424E+00 3.306E-03
  3.062731E+00 3.647E-03
  3.063781E+00 4.151E-03
  3.064596E+00 4.819E-03
  3.065194E+00 5.606E-03
  3.065684E+00 6.605E-03
  3.066070E+00 7.804E-03
  3.066356E+00 9.103E-03
  3.066640E+00 1.098E-02
  3.066827E+00 1.277E-02
  3.067014E+00 1.524E-02
  3.067199E+00 1.885E-02
  3.067291E+00 2.133E-02
  3.067383E+00 2.448E-02
  3.067474E+00 2.859E-02
  3.067566E+00 3.410E-02
  3.067657E+00 4.178E-02
  3.067748E+00 5.299E-02
  3.067838E+00 7.037E-02
  3.067928E+00 9.962E-02
  3.068018E+00 1.549E-01
  3.068108E+00 2.791E-01
  3.068197E+00 6.432E-01
  3.068286E+00 1.925E+00
  3.068375E+00 1.579E+00
  3.068463E+00 4.916E-01
  3.068552E+00 2.086E-01
  3.068640E+00 1.133E-01
  3.068727E+00 7.288E-02
  3.068815E+00 5.384E-02
  3.068902E+00 4.568E-02
  3.068989E+00 4.547E-02
  3.069075E+00 5.533E-02
  3.069162E+00 8.884E-02
  3.069248E+00 2.299E-01
  3.069334E+00 3.026E+00
  3.069419E+00 8.917E-01
  3.069504E+00 1.335E-01
  3.069589E+00 5.119E-02
  3.069674E+00 2.693E-02
  3.069759E+00 1.661E-02
  3.069843E+00 1.127E-02
  3.069927E+00 8.152E-03
  3.070011E+00 6.165E-03
  3.070094E+00 4.823E-03
  3.070178E+00 3.877E-03
  3.070260E+00 3.189E-03
  3.070343E+00 2.677E-03
  3.070426E+00 2.293E-03
  3.070508E+00 2.005E-03
  3.070590E+00 1.795E-03
  3.070672E+00 1.655E-03
  3.070753E+00 1.590E-03
  3.070834E+00 1.629E-03
  3.070915E+00 1.876E-03
  3.070996E+00 2.835E-03
  3.071077E+00 1.255E-02
  3.071157E+00 4.956E-03
  3.071237E+00 2.877E-04
  3.071317E+00 1.438E-04
  3.071396E+00 1.553E-04
  3.071634E+00 2.323E-04
  3.071712E+00 2.636E-04
  3.071791E+00 3.019E-04
  3.071869E+00 3.509E-04
  3.071947E+00 4.148E-04
  3.072024E+00 4.995E-04
  3.072102E+00 6.135E-04
  3.072179E+00 7.697E-04
  3.072256E+00 9.883E-04
  3.072333E+00 1.302E-03
  3.072409E+00 1.769E-03
  3.072486E+00 2.494E-03
  3.072562E+00 3.686E-03
  3.072637E+00 5.811E-03
  3.072713E+00 1.007E-02
  3.072789E+00 2.038E-02
  3.072864E+00 5.572E-02
  3.072939E+00 3.681E-01
  3.073013E+00 1.697E+00
  3.073088E+00 1.097E-01
  3.073162E+00 3.824E-02
  3.073236E+00 2.009E-02
  3.073310E+00 1.278E-02
  3.073384E+00 9.109E-03
  3.073457E+00 7.027E-03
  3.073531E+00 5.777E-03
  3.073604E+00 5.045E-03
  3.073677E+00 4.725E-03
  3.073749E+00 4.865E-03
  3.073821E+00 5.778E-03
  3.073894E+00 8.587E-03
  3.073966E+00 1.849E-02
  3.074037E+00 8.875E-02
  3.074109E+00 3.062E+00
  3.074180E+00 6.142E-02
  3.074251E+00 2.086E-02
  3.074322E+00 1.160E-02
  3.074393E+00 7.955E-03
  3.074464E+00 6.103E-03
  3.074534E+00 5.010E-03
  3.074604E+00 4.301E-03
  3.074674E+00 3.807E-03
  3.074744E+00 3.445E-03
  3.074883E+00 2.954E-03
  3.075021E+00 2.639E-03
  3.075226E+00 2.337E-03
  3.075565E+00 2.052E-03
  3.076229E+00 1.725E-03
  3.076359E+00 1.582E-03
  3.076424E+00 1.411E-03
  3.076489E+00 9.304E-04
  3.076554E+00 5.625E-03
  3.076618E+00 2.633E-03
  3.076682E+00 2.293E-03
  3.076746E+00 2.165E-03
  3.076874E+00 2.061E-03
  3.077252E+00 2.003E-03
  3.077930E+00 2.103E-03
  3.078588E+00 2.342E-03
  3.079112E+00 2.670E-03
  3.079567E+00 3.131E-03
  3.079902E+00 3.664E-03
  3.080177E+00 4.325E-03
  3.080395E+00 5.098E-03
  3.080557E+00 5.915E-03
  3.080717E+00 7.064E-03
  3.080823E+00 8.119E-03
  3.080929E+00 9.533E-03
  3.081034E+00 1.151E-02
  3.081086E+00 1.280E-02
  3.081138E+00 1.440E-02
  3.081191E+00 1.639E-02
  3.081242E+00 1.892E-02
  3.081294E+00 2.224E-02
  3.081346E+00 2.672E-02
  3.081398E+00 3.297E-02
  3.081449E+00 4.213E-02
  3.081500E+00 5.639E-02
  3.081551E+00 8.049E-02
  3.081602E+00 1.262E-01
  3.081653E+00 2.294E-01
  3.081704E+00 5.320E-01
  3.081755E+00 1.554E+00
  3.081805E+00 1.231E+00
  3.081855E+00 3.952E-01
  3.081906E+00 1.701E-01
  3.081956E+00 9.263E-02
  3.082006E+00 5.909E-02
  3.082056E+00 4.271E-02
  3.082105E+00 3.478E-02
  3.082155E+00 3.235E-02
  3.082204E+00 3.546E-02
  3.082254E+00 4.825E-02
  3.082303E+00 9.032E-02
  3.082352E+00 3.211E-01
  3.082401E+00 1.144E+03
  3.082450E+00 3.094E-01
  3.082498E+00 7.691E-02
  3.082547E+00 3.459E-02
  3.082595E+00 1.984E-02
  3.082644E+00 1.298E-02
  3.082692E+00 9.221E-03
  3.082740E+00 6.930E-03
  3.082788E+00 5.426E-03
  3.082836E+00 4.385E-03
  3.082884E+00 3.635E-03
  3.082931E+00 3.080E-03
  3.082979E+00 2.661E-03
  3.083026E+00 2.341E-03
  3.083073E+00 2.098E-03
  3.083121E+00 1.916E-03
  3.083168E+00 1.788E-03
  3.083214E+00 1.712E-03
  3.083261E+00 1.694E-03
  3.083308E+00 1.758E-03
  3.083354E+00 1.970E-03
  3.083401E+00 2.571E-03
  3.083447E+00 5.145E-03
  3.083493E+00 1.424E+00
  3.083540E+00 6.952E-04
  3.083585E+00 1.763E-04
  3.083631E+00 2.633E-04
  3.083768E+00 5.703E-04
  3.083814E+00 6.845E-04
  3.083859E+00 8.205E-04
  3.083904E+00 9.905E-04
  3.083949E+00 1.211E-03
  3.083994E+00 1.506E-03
  3.084039E+00 1.913E-03
  3.084084E+00 2.496E-03
  3.084128E+00 3.368E-03
  3.084173E+00 4.744E-03
  3.084217E+00 7.078E-03
  3.084261E+00 1.147E-02
  3.084306E+00 2.113E-02
  3.084350E+00 4.908E-02
  3.084394E+00 1.986E-01
  3.084438E+00 1.875E+02
  3.084481E+00 2.497E-01
  3.084525E+00 6.346E-02
  3.084569E+00 2.945E-02
  3.084612E+00 1.750E-02
  3.084655E+00 1.198E-02
  3.084698E+00 9.048E-03
  3.084742E+00 7.439E-03
  3.084785E+00 6.691E-03
  3.084827E+00 6.756E-03
  3.084870E+00 8.080E-03
  3.084913E+00 1.260E-02
  3.084956E+00 3.115E-02
  3.084998E+00 2.706E-01
  3.085040E+00 3.285E-01
  3.085083E+00 4.008E-02
  3.085125E+00 1.668E-02
  3.085167E+00 9.935E-03
  3.085209E+00 7.007E-03
  3.085251E+00 5.438E-03
  3.085293E+00 4.479E-03
  3.085334E+00 3.841E-03
  3.085376E+00 3.388E-03
  3.085417E+00 3.051E-03
  3.085500E+00 2.586E-03
  3.085582E+00 2.282E-03
  3.085705E+00 1.986E-03
  3.085867E+00 1.745E-03
  3.086107E+00 1.535E-03
  3.086383E+00 1.343E-03
  3.086461E+00 1.243E-03
  3.086500E+00 1.154E-03
  3.086539E+00 9.954E-04
  3.086578E+00 6.810E-04
  3.086616E+00 2.223E-02
  3.086655E+00 2.775E-03
  3.086693E+00 2.118E-03
  3.086732E+00 1.908E-03
  3.086770E+00 1.806E-03
  3.086846E+00 1.710E-03
  3.087035E+00 1.647E-03
  3.087370E+00 1.693E-03
  3.087770E+00 1.873E-03
  3.088090E+00 2.132E-03
  3.088368E+00 2.500E-03
  3.088574E+00 2.923E-03
  3.088743E+00 3.446E-03
  3.088877E+00 4.054E-03
  3.088977E+00 4.690E-03
  3.089076E+00 5.574E-03
  3.089175E+00 6.869E-03
  3.089240E+00 8.109E-03
  3.089273E+00 8.899E-03
  3.089305E+00 9.845E-03
  3.089337E+00 1.099E-02
  3.089370E+00 1.241E-02
  3.089402E+00 1.418E-02
  3.089434E+00 1.645E-02
  3.089466E+00 1.943E-02
  3.089498E+00 2.348E-02
  3.089530E+00 2.916E-02
  3.089562E+00 3.757E-02
  3.089594E+00 5.078E-02
  3.089626E+00 7.343E-02
  3.089657E+00 1.172E-01
  3.089689E+00 2.188E-01
  3.089720E+00 5.275E-01
  3.089752E+00 1.474E+00
  3.089783E+00 9.191E-01
  3.089815E+00 3.055E-01
  3.089846E+00 1.367E-01
  3.089877E+00 7.609E-02
  3.089908E+00 4.906E-02
  3.089939E+00 3.551E-02
  3.089970E+00 2.868E-02
  3.090001E+00 2.615E-02
  3.090032E+00 2.770E-02
  3.090063E+00 3.574E-02
  3.090094E+00 6.129E-02
  3.090124E+00 1.767E-01
  3.090155E+00 4.338E+00
  3.090185E+00 4.377E-01
  3.090216E+00 8.173E-02
  3.090246E+00 3.387E-02
  3.090276E+00 1.874E-02
  3.090307E+00 1.205E-02
  3.090337E+00 8.492E-03
  3.090367E+00 6.359E-03
  3.090397E+00 4.975E-03
  3.090427E+00 4.023E-03
  3.090457E+00 3.340E-03
  3.090487E+00 2.835E-03
  3.090517E+00 2.453E-03
  3.090546E+00 2.160E-03
  3.090576E+00 1.934E-03
  3.090606E+00 1.762E-03
  3.090635E+00 1.633E-03
  3.090665E+00 1.544E-03
  3.090694E+00 1.495E-03
  3.090724E+00 1.494E-03
  3.090753E+00 1.561E-03
  3.090782E+00 1.768E-03
  3.090811E+00 2.402E-03
  3.090840E+00 6.814E-03
  3.090869E+00 2.889E-03
  3.090898E+00 2.160E-04
  3.090927E+00 3.842E-04
  3.090956E+00 5.324E-04
  3.091014E+00 7.868E-04
  3.091042E+00 9.280E-04
  3.091071E+00 1.097E-03
  3.091099E+00 1.310E-03
  3.091128E+00 1.588E-03
  3.091156E+00 1.963E-03
  3.091185E+00 2.487E-03
  3.091213E+00 3.247E-03
  3.091241E+00 4.403E-03
  3.091269E+00 6.273E-03
  3.091298E+00 9.566E-03
  3.091326E+00 1.613E-02
  3.091354E+00 3.206E-02
  3.091382E+00 8.853E-02
  3.091410E+00 6.848E-01
  3.091437E+00 1.331E+00
  3.091465E+00 1.225E-01
  3.091493E+00 4.432E-02
  3.091521E+00 2.347E-02
  3.091548E+00 1.504E-02
  3.091576E+00 1.092E-02
  3.091603E+00 8.801E-03
  3.091631E+00 7.908E-03
  3.091658E+00 8.180E-03
  3.091685E+00 1.040E-02
  3.091712E+00 1.832E-02
  3.091740E+00 6.003E-02
  3.091767E+00 4.838E+00
  3.091794E+00 1.115E-01
  3.091821E+00 2.758E-02
  3.091848E+00 1.354E-02
  3.091875E+00 8.632E-03
  3.091902E+00 6.294E-03
  3.091928E+00 4.969E-03
  3.091955E+00 4.131E-03
  3.091982E+00 3.557E-03
  3.092009E+00 3.143E-03
  3.092035E+00 2.831E-03
  3.092088E+00 2.394E-03
  3.092141E+00 2.103E-03
  3.092220E+00 1.817E-03
  3.092324E+00 1.582E-03
  3.092479E+00 1.375E-03
  3.092682E+00 1.174E-03
  3.092732E+00 1.092E-03
  3.092758E+00 1.029E-03
  3.092783E+00 9.312E-04
  3.092833E+00 6.027E-04
  3.092857E+00 1.332E-02
  3.092882E+00 2.701E-03
  3.092907E+00 2.015E-03
  3.092932E+00 1.785E-03
  3.092956E+00 1.672E-03
  3.093006E+00 1.564E-03
  3.093104E+00 1.494E-03
  3.093297E+00 1.505E-03
  3.093558E+00 1.646E-03
  3.093790E+00 1.895E-03
  3.093950E+00 2.174E-03
  3.094085E+00 2.531E-03
  3.094197E+00 2.969E-03
  3.094285E+00 3.473E-03
  3.094373E+00 4.208E-03
  3.094438E+00 5.014E-03
  3.094481E+00 5.747E-03
  3.094525E+00 6.721E-03
  3.094568E+00 8.060E-03
  3.094611E+00 9.987E-03
  3.094632E+00 1.129E-02
  3.094653E+00 1.293E-02
  3.094675E+00 1.504E-02
  3.094696E+00 1.781E-02
  3.094717E+00 2.157E-02
  3.094738E+00 2.690E-02
  3.094759E+00 3.479E-02
  3.094780E+00 4.729E-02
  3.094801E+00 6.886E-02
  3.094822E+00 1.110E-01
  3.094843E+00 2.105E-01
  3.094864E+00 5.184E-01
  3.094885E+00 1.390E+00
  3.094906E+00 7.691E-01
  3.094927E+00 2.614E-01
  3.094948E+00 1.194E-01
  3.094968E+00 6.721E-02
  3.094989E+00 4.361E-02
  3.095010E+00 3.164E-02
  3.095030E+00 2.551E-02
  3.095051E+00 2.312E-02
  3.095071E+00 2.423E-02
  3.095092E+00 3.078E-02
  3.095112E+00 5.162E-02
  3.095133E+00 1.426E-01
  3.095153E+00 2.571E+00
  3.095173E+00 4.407E-01
  3.095194E+00 7.591E-02
  3.095214E+00 3.086E-02
  3.095234E+00 1.696E-02
  3.095254E+00 1.088E-02
  3.095274E+00 7.667E-03
  3.095294E+00 5.747E-03
  3.095315E+00 4.502E-03
  3.095335E+00 3.646E-03
  3.095355E+00 3.032E-03
  3.095374E+00 2.577E-03
  3.095394E+00 2.231E-03
  3.095414E+00 1.965E-03
  3.095434E+00 1.758E-03
  3.095454E+00 1.598E-03
  3.095493E+00 1.386E-03
  3.095513E+00 1.328E-03
  3.095533E+00 1.305E-03
  3.095552E+00 1.327E-03
  3.095572E+00 1.430E-03
  3.095591E+00 1.754E-03
  3.095611E+00 3.583E-03
  3.095630E+00 1.891E-03
  3.095650E+00 3.191E-04
  3.095669E+00 5.292E-04
  3.095689E+00 6.716E-04
  3.095727E+00 9.170E-04
  3.095746E+00 1.060E-03
  3.095766E+00 1.234E-03
  3.095785E+00 1.458E-03
  3.095804E+00 1.752E-03
  3.095823E+00 2.152E-03
  3.095842E+00 2.714E-03
  3.095861E+00 3.534E-03
  3.095880E+00 4.790E-03
  3.095899E+00 6.841E-03
  3.095918E+00 1.050E-02
  3.095937E+00 1.796E-02
  3.095956E+00 3.682E-02
  3.095975E+00 1.100E-01
  3.095993E+00 1.293E+00
  3.096012E+00 7.107E-01
  3.096031E+00 9.952E-02
  3.096050E+00 3.914E-02
  3.096068E+00 2.157E-02
  3.096087E+00 1.424E-02
  3.096105E+00 1.069E-02
  3.096124E+00 9.046E-03
  3.096142E+00 8.811E-03
  3.096161E+00 1.045E-02
  3.096179E+00 1.679E-02
  3.096198E+00 4.625E-02
  3.096216E+00 8.070E-01
  3.096235E+00 1.809E-01
  3.096253E+00 3.372E-02
  3.096271E+00 1.524E-02
  3.096289E+00 9.322E-03
  3.096308E+00 6.628E-03
  3.096326E+00 5.143E-03
  3.096344E+00 4.221E-03
  3.096362E+00 3.598E-03
  3.096380E+00 3.152E-03
  3.096398E+00 2.819E-03
  3.096416E+00 2.561E-03
  3.096452E+00 2.189E-03
  3.096488E+00 1.935E-03
  3.096541E+00 1.679E-03
  3.096612E+00 1.464E-03
  3.096717E+00 1.271E-03
  3.096856E+00 1.082E-03
  3.096890E+00 1.011E-03
  3.096925E+00 8.852E-04
  3.096942E+00 7.696E-04
  3.096959E+00 5.829E-04
  3.096976E+00 2.567E-03
  3.096993E+00 5.204E-03
  3.097010E+00 2.357E-03
  3.097026E+00 1.870E-03
  3.097043E+00 1.677E-03
  3.097060E+00 1.576E-03
  3.097094E+00 1.475E-03
  3.097161E+00 1.406E-03
  3.097276E+00 1.408E-03
  3.097440E+00 1.516E-03
  3.097600E+00 1.732E-03
  3.097726E+00 2.020E-03
  3.097819E+00 2.353E-03
  3.097897E+00 2.762E-03
  3.097973E+00 3.380E-03
  3.098034E+00 4.145E-03
  3.098079E+00 4.999E-03
  3.098109E+00 5.790E-03
  3.098139E+00 6.858E-03
  3.098169E+00 8.362E-03
  3.098184E+00 9.358E-03
  3.098199E+00 1.059E-02
  3.098213E+00 1.214E-02
  3.098228E+00 1.413E-02
  3.098243E+00 1.675E-02
  3.098258E+00 2.032E-02
  3.098272E+00 2.537E-02
  3.098287E+00 3.288E-02
  3.098302E+00 4.478E-02
  3.098316E+00 6.541E-02
  3.098331E+00 1.059E-01
  3.098346E+00 2.020E-01
  3.098360E+00 5.017E-01
  3.098375E+00 1.317E+00
  3.098389E+00 6.976E-01
  3.098404E+00 2.395E-01
  3.098418E+00 1.103E-01
  3.098433E+00 6.238E-02
  3.098447E+00 4.057E-02
  3.098462E+00 2.946E-02
  3.098476E+00 2.373E-02
  3.098490E+00 2.146E-02
  3.098505E+00 2.241E-02
  3.098519E+00 2.837E-02
  3.098533E+00 4.751E-02
  3.098548E+00 1.317E-01
  3.098562E+00 2.492E+00
  3.098576E+00 3.906E-01
  3.098590E+00 6.843E-02
  3.098604E+00 2.798E-02
  3.098619E+00 1.544E-02
  3.098633E+00 9.943E-03
  3.098647E+00 7.024E-03
  3.098661E+00 5.277E-03
  3.098675E+00 4.142E-03
  3.098689E+00 3.360E-03
  3.098703E+00 2.797E-03
  3.098717E+00 2.379E-03
  3.098731E+00 2.061E-03
  3.098745E+00 1.815E-03
  3.098759E+00 1.622E-03
  3.098786E+00 1.355E-03
  3.098800E+00 1.267E-03
  3.098814E+00 1.205E-03
  3.098828E+00 1.170E-03
  3.098842E+00 1.168E-03
  3.098855E+00 1.220E-03
  3.098869E+00 1.404E-03
  3.098883E+00 2.434E-03
  3.098896E+00 5.049E-04
  3.098910E+00 4.631E-04
  3.098924E+00 6.481E-04
  3.098937E+00 7.667E-04
  3.098965E+00 9.877E-04
  3.098978E+00 1.124E-03
  3.098992E+00 1.295E-03
  3.099005E+00 1.517E-03
  3.099019E+00 1.810E-03
  3.099032E+00 2.211E-03
  3.099045E+00 2.775E-03
  3.099059E+00 3.598E-03
  3.099072E+00 4.860E-03
  3.099086E+00 6.922E-03
  3.099099E+00 1.061E-02
  3.099112E+00 1.814E-02
  3.099126E+00 3.729E-02
  3.099139E+00 1.127E-01
  3.099152E+00 1.434E+00
  3.099165E+00 6.464E-01
  3.099179E+00 9.515E-02
  3.099192E+00 3.789E-02
  3.099205E+00 2.105E-02
  3.099218E+00 1.406E-02
  3.099231E+00 1.077E-02
  3.099244E+00 9.448E-03
  3.099257E+00 9.825E-03
  3.099270E+00 1.308E-02
  3.099283E+00 2.590E-02
  3.099296E+00 1.200E-01
  3.099309E+00 2.418E+00
  3.099322E+00 6.477E-02
  3.099335E+00 2.161E-02
  3.099348E+00 1.166E-02
  3.099361E+00 7.753E-03
  3.099374E+00 5.771E-03
  3.099387E+00 4.604E-03
  3.099400E+00 3.846E-03
  3.099413E+00 3.318E-03
  3.099425E+00 2.932E-03
  3.099438E+00 2.637E-03
  3.099464E+00 2.220E-03
  3.099489E+00 1.941E-03
  3.099527E+00 1.663E-03
  3.099565E+00 1.481E-03
  3.099628E+00 1.287E-03
  3.099776E+00 9.971E-04
  3.099800E+00 9.164E-04
  3.099812E+00 8.544E-04
  3.099824E+00 7.625E-04
  3.099837E+00 6.172E-04
  3.099849E+00 5.537E-04
  3.099861E+00 4.474E-02
  3.099873E+00 3.040E-03
  3.099885E+00 2.026E-03
  3.099897E+00 1.721E-03
  3.099909E+00 1.578E-03
  3.099921E+00 1.496E-03
  3.099957E+00 1.386E-03
  3.100016E+00 1.341E-03
  3.100122E+00 1.384E-03
  3.100238E+00 1.533E-03
  3.100341E+00 1.770E-03
  3.100420E+00 2.065E-03
  3.100487E+00 2.455E-03
  3.100542E+00 2.950E-03
  3.100586E+00 3.545E-03
  3.100619E+00 4.188E-03
  3.100641E+00 4.765E-03
  3.100673E+00 5.990E-03
  3.100695E+00 7.195E-03
  3.100716E+00 8.932E-03
  3.100727E+00 1.011E-02
  3.100738E+00 1.159E-02
  3.100748E+00 1.349E-02
  3.100759E+00 1.601E-02
  3.100770E+00 1.942E-02
  3.100780E+00 2.426E-02
  3.100791E+00 3.146E-02
  3.100802E+00 4.288E-02
  3.100812E+00 6.266E-02
  3.100823E+00 1.015E-01
  3.100833E+00 1.939E-01
  3.100844E+00 4.817E-01
  3.100855E+00 1.259E+00
  3.100865E+00 6.642E-01
  3.100876E+00 2.286E-01
  3.100886E+00 1.054E-01
  3.100897E+00 5.967E-02
  3.100907E+00 3.881E-02
  3.100918E+00 2.816E-02
  3.100928E+00 2.267E-02
  3.100938E+00 2.047E-02
  3.100949E+00 2.135E-02
  3.100959E+00 2.702E-02
  3.100970E+00 4.540E-02
  3.100980E+00 1.278E-01
  3.100990E+00 2.771E+00
  3.101001E+00 3.420E-01
  3.101011E+00 6.232E-02
  3.101021E+00 2.578E-02
  3.101031E+00 1.432E-02
  3.101042E+00 9.257E-03
  3.101052E+00 6.559E-03
  3.101062E+00 4.939E-03
  3.101072E+00 3.883E-03
  3.101083E+00 3.155E-03
  3.101093E+00 2.629E-03
  3.101103E+00 2.237E-03
  3.101113E+00 1.938E-03
  3.101123E+00 1.706E-03
  3.101133E+00 1.524E-03
  3.101154E+00 1.267E-03
  3.101174E+00 1.116E-03
  3.101184E+00 1.074E-03
  3.101194E+00 1.057E-03
  3.101213E+00 1.158E-03
  3.104572E+00 4.283E-01
  3.107902E+00 3.353E-01
  3.111203E+00 3.229E-01
  3.111213E+00 6.869E-01
  3.119402E+00 5.830E-01
  3.131352E+00 4.714E-01
  3.142914E+00 3.938E-01
  3.157756E+00 3.212E-01
  3.175439E+00 2.588E-01
  3.195468E+00 2.078E-01
  3.217325E+00 1.684E-01
  3.240493E+00 1.395E-01
  3.267018E+00 1.173E-01
  3.295704E+00 1.018E-01
  3.327418E+00 9.206E-02
  3.353488E+00 9.031E-02
  3.371920E+00 9.473E-02
  3.384322E+00 1.029E-01
  3.394544E+00 1.160E-01
  3.401508E+00 1.312E-01
  3.408209E+00 1.549E-01
  3.413389E+00 1.846E-01
  3.417172E+00 2.174E-01
  3.420871E+00 2.651E-01
  3.423292E+00 3.097E-01
  3.425677E+00 3.697E-01
  3.428027E+00 4.517E-01
  3.430343E+00 5.653E-01
  3.432626E+00 7.220E-01
  3.434875E+00 9.283E-01
  3.438189E+00 1.275E+00
  3.439278E+00 1.359E+00
  3.440359E+00 1.404E+00
  3.441433E+00 1.403E+00
  3.442498E+00 1.359E+00
  3.446687E+00 1.035E+00
  3.447716E+00 9.771E-01
  3.448737E+00 9.445E-01
  3.449752E+00 9.443E-01
  3.450759E+00 9.889E-01
  3.451760E+00 1.103E+00
  3.452753E+00 1.343E+00
  3.453740E+00 1.853E+00
  3.454720E+00 3.107E+00
  3.455693E+00 7.407E+00
  3.456659E+00 3.981E+01
  3.457619E+00 3.839E+01
  3.458572E+00 6.662E+00
  3.459519E+00 2.578E+00
  3.460459E+00 1.397E+00
  3.461393E+00 9.056E-01
  3.462320E+00 6.552E-01
  3.463242E+00 5.104E-01
  3.464157E+00 4.190E-01
  3.465066E+00 3.575E-01
  3.465968E+00 3.142E-01
  3.466865E+00 2.826E-01
  3.467756E+00 2.589E-01
  3.469520E+00 2.269E-01
  3.471260E+00 2.075E-01
  3.473828E+00 1.924E-01
  3.476345E+00 1.879E-01
  3.479626E+00 1.941E-01
  3.482823E+00 2.135E-01
  3.485167E+00 2.384E-01
  3.487466E+00 2.757E-01
  3.489722E+00 3.312E-01
  3.491203E+00 3.832E-01
  3.492665E+00 4.530E-01
  3.494109E+00 5.487E-01
  3.494824E+00 6.100E-01
  3.495535E+00 6.833E-01
  3.496241E+00 7.715E-01
  3.496943E+00 8.787E-01
  3.497641E+00 1.010E+00
  3.498334E+00 1.172E+00
  3.499023E+00 1.374E+00
  3.499708E+00 1.627E+00
  3.500389E+00 1.944E+00
  3.501065E+00 2.340E+00
  3.501738E+00 2.826E+00
  3.503731E+00 4.585E+00
  3.504387E+00 4.963E+00
  3.505039E+00 5.017E+00
  3.505688E+00 4.730E+00
  3.506332E+00 4.207E+00
  3.507610E+00 3.015E+00
  3.508243E+00 2.508E+00
  3.508872E+00 2.089E+00
  3.509498E+00 1.751E+00
  3.510119E+00 1.481E+00
  3.510738E+00 1.265E+00
  3.511352E+00 1.090E+00
  3.511963E+00 9.494E-01
  3.512570E+00 8.340E-01
  3.513174E+00 7.388E-01
  3.514371E+00 5.932E-01
  3.515554E+00 4.891E-01
  3.516723E+00 4.126E-01
  3.518451E+00 3.313E-01
  3.520150E+00 2.757E-01
  3.521820E+00 2.362E-01
  3.524002E+00 1.997E-01
  3.526662E+00 1.703E-01
  3.529756E+00 1.495E-01
  3.532749E+00 1.397E-01
  3.535169E+00 1.401E-01
  3.536589E+00 1.481E-01
  3.537058E+00 1.541E-01
  3.537523E+00 1.640E-01
  3.537987E+00 1.818E-01
  3.538448E+00 2.191E-01
  3.538906E+00 3.204E-01
  3.539362E+00 8.152E-01
  3.539816E+00 6.667E+01
  3.540267E+00 1.078E+00
  3.540715E+00 3.546E-01
  3.541162E+00 2.347E-01
  3.541606E+00 1.961E-01
  3.542047E+00 1.803E-01
  3.542487E+00 1.736E-01
  3.543358E+00 1.715E-01
  3.544649E+00 1.811E-01
  3.545919E+00 2.004E-01
  3.547169E+00 2.304E-01
  3.548401E+00 2.758E-01
  3.549211E+00 3.193E-01
  3.550013E+00 3.791E-01
  3.550807E+00 4.641E-01
  3.551200E+00 5.205E-01
  3.551592E+00 5.899E-01
  3.551982E+00 6.768E-01
  3.552370E+00 7.875E-01
  3.552756E+00 9.315E-01
  3.553140E+00 1.124E+00
  3.553522E+00 1.392E+00
  3.553902E+00 1.782E+00
  3.554280E+00 2.390E+00
  3.554657E+00 3.441E+00
  3.555031E+00 5.582E+00
  3.555404E+00 1.141E+01
  3.555774E+00 4.133E+01
  3.556143E+00 4.120E+02
  3.556510E+00 2.890E+01
  3.556875E+00 8.671E+00
  3.557239E+00 4.551E+00
  3.557600E+00 3.071E+00
  3.557960E+00 2.346E+00
  3.558318E+00 1.908E+00
  3.558674E+00 1.606E+00
  3.559029E+00 1.380E+00
  3.559382E+00 1.203E+00
  3.559733E+00 1.062E+00
  3.560082E+00 9.478E-01
  3.560776E+00 7.785E-01
  3.561462E+00 6.637E-01
  3.562142E+00 5.853E-01
  3.563150E+00 5.133E-01
  3.564144E+00 4.789E-01
  3.565123E+00 4.727E-01
  3.566088E+00 4.917E-01
  3.567040E+00 5.372E-01
  3.567978E+00 6.124E-01
  3.569208E+00 7.582E-01
  3.570714E+00 9.409E-01
  3.571307E+00 1.010E+00
  3.571601E+00 1.079E+00
  3.571894E+00 1.228E+00
  3.572185E+00 1.609E+00
  3.572476E+00 2.916E+00
  3.572764E+00 1.383E+01
  3.573052E+00 4.631E+01
  3.573338E+00 3.073E+00
  3.573623E+00 1.129E+00
  3.573907E+00 6.561E-01
  3.574189E+00 4.708E-01
  3.574470E+00 3.815E-01
  3.574750E+00 3.374E-01
  3.575028E+00 3.228E-01
  3.575306E+00 3.359E-01
  3.575582E+00 3.859E-01
  3.575856E+00 5.006E-01
  3.576130E+00 7.604E-01
  3.576402E+00 1.451E+00
  3.576673E+00 4.172E+00
  3.576943E+00 2.241E+01
  3.577212E+00 1.259E+01
  3.577479E+00 9.352E+01
  3.577745E+00 1.044E+01
  3.578010E+00 2.526E+00
  3.578274E+00 1.243E+00
  3.578537E+00 7.826E-01
  3.578798E+00 5.579E-01
  3.579058E+00 4.282E-01
  3.579318E+00 3.451E-01
  3.579576E+00 2.880E-01
  3.579833E+00 2.466E-01
  3.580088E+00 2.154E-01
  3.580343E+00 1.912E-01
  3.580596E+00 1.718E-01
  3.581100E+00 1.429E-01
  3.581599E+00 1.225E-01
  3.582340E+00 1.012E-01
  3.583071E+00 8.649E-02
  3.584031E+00 7.275E-02
  3.585209E+00 6.093E-02
  3.586588E+00 5.115E-02
  3.587712E+00 4.574E-02
  3.588374E+00 4.439E-02
  3.588811E+00 4.522E-02
  3.589029E+00 4.659E-02
  3.589245E+00 4.896E-02
  3.589460E+00 5.279E-02
  3.589675E+00 5.878E-02
  3.589888E+00 6.805E-02
  3.590101E+00 8.241E-02
  3.590313E+00 1.048E-01
  3.590524E+00 1.403E-01
  3.590734E+00 1.971E-01
  3.590943E+00 2.885E-01
  3.591152E+00 4.320E-01
  3.591359E+00 6.379E-01
  3.591566E+00 8.739E-01
  3.591771E+00 1.040E+00
  3.591976E+00 1.060E+00
  3.592181E+00 9.709E-01
  3.592586E+00 7.439E-01
  3.592788E+00 6.604E-01
  3.592989E+00 5.992E-01
  3.593189E+00 5.565E-01
  3.593388E+00 5.285E-01
  3.593586E+00 5.128E-01
  3.593981E+00 5.130E-01
  3.594177E+00 5.285E-01
  3.594372E+00 5.555E-01
  3.594566E+00 5.964E-01
  3.594760E+00 6.550E-01
  3.594953E+00 7.377E-01
  3.595145E+00 8.549E-01
  3.595336E+00 1.024E+00
  3.595526E+00 1.275E+00
  3.595716E+00 1.664E+00
  3.595905E+00 2.297E+00
  3.596093E+00 3.384E+00
  3.596281E+00 5.280E+00
  3.596468E+00 8.085E+00
  3.596654E+00 9.629E+00
  3.596839E+00 7.478E+00
  3.597024E+00 4.645E+00
  3.597207E+00 2.868E+00
  3.597391E+00 1.879E+00
  3.597573E+00 1.312E+00
  3.597755E+00 9.664E-01
  3.597935E+00 7.442E-01
  3.598116E+00 5.943E-01
  3.598295E+00 4.889E-01
  3.598474E+00 4.124E-01
  3.598652E+00 3.552E-01
  3.598830E+00 3.115E-01
  3.599006E+00 2.774E-01
  3.599182E+00 2.504E-01
  3.599532E+00 2.110E-01
  3.599880E+00 1.847E-01
  3.600224E+00 1.670E-01
  3.600566E+00 1.564E-01
  3.600736E+00 1.545E-01
  3.600906E+00 1.574E-01
  3.601074E+00 1.745E-01
  3.601242E+00 2.777E-01
  3.601410E+00 5.180E+00
  3.601577E+00 2.957E-01
  3.601743E+00 1.661E-01
  3.601908E+00 1.411E-01
  3.602073E+00 1.316E-01
  3.602401E+00 1.238E-01
  3.603049E+00 1.196E-01
  3.603846E+00 1.219E-01
  3.604628E+00 1.315E-01
  3.605243E+00 1.475E-01
  3.605698E+00 1.698E-01
  3.606148E+00 2.001E-01
  3.606593E+00 2.161E-01
  3.606888E+00 2.376E-01
  3.607034E+00 2.555E-01
  3.607180E+00 2.806E-01
  3.607325E+00 3.188E-01
  3.607469E+00 3.998E-01
  3.607614E+00 1.299E+00
  3.607757E+00 5.870E-01
  3.607900E+00 4.735E-01
  3.608043E+00 5.464E-01
  3.608185E+00 6.671E-01
  3.608326E+00 8.509E-01
  3.608467E+00 1.171E+00
  3.608608E+00 5.280E+00
  3.608748E+00 4.395E+00
  3.608887E+00 8.626E+00
  3.609026E+00 3.710E+01
  3.609165E+00 9.861E+01
  3.609303E+00 1.114E+01
  3.609440E+00 3.482E+00
  3.609577E+00 1.604E+00
  3.609714E+00 8.938E-01
  3.609850E+00 5.581E-01
  3.609985E+00 3.766E-01
  3.610121E+00 2.692E-01
  3.610255E+00 2.014E-01
  3.610389E+00 1.566E-01
  3.610523E+00 1.259E-01
  3.610656E+00 1.045E-01
  3.610789E+00 8.923E-02
  3.610921E+00 7.828E-02
  3.611053E+00 7.047E-02
  3.611184E+00 6.499E-02
  3.611315E+00 6.130E-02
  3.611445E+00 5.906E-02
  3.611704E+00 5.800E-02
  3.611962E+00 6.078E-02
  3.612218E+00 6.727E-02
  3.612472E+00 7.812E-02
  3.612598E+00 8.563E-02
  3.612724E+00 9.492E-02
  3.612849E+00 1.065E-01
  3.612974E+00 1.209E-01
  3.613099E+00 1.391E-01
  3.613223E+00 1.625E-01
  3.613346E+00 1.931E-01
  3.613470E+00 2.340E-01
  3.613593E+00 2.903E-01
  3.613715E+00 3.688E-01
  3.613837E+00 4.746E-01
  3.613958E+00 6.029E-01
  3.614080E+00 5.750E-01
  3.614200E+00 2.804E-01
  3.614321E+00 1.011E-01
  3.614441E+00 3.393E-02
  3.614560E+00 1.869E-02
  3.614679E+00 2.193E-02
  3.614798E+00 3.075E-02
  3.615034E+00 4.940E-02
  3.615268E+00 6.416E-02
  3.615733E+00 8.969E-02
  3.615848E+00 9.810E-02
  3.615963E+00 1.088E-01
  3.616077E+00 1.230E-01
  3.616191E+00 1.430E-01
  3.616304E+00 1.725E-01
  3.616418E+00 2.195E-01
  3.616530E+00 3.023E-01
  3.616643E+00 4.741E-01
  3.616755E+00 9.396E-01
  3.616866E+00 2.887E+00
  3.616978E+00 6.400E+00
  3.617089E+00 2.337E+00
  3.617199E+00 1.526E+00
  3.617309E+00 1.823E+00
  3.617419E+00 3.517E+00
  3.617529E+00 1.269E+01
  3.617638E+00 3.691E+01
  3.617746E+00 6.773E+00
  3.617855E+00 2.343E+00
  3.617963E+00 1.190E+00
  3.618070E+00 7.353E-01
  3.618178E+00 5.100E-01
  3.618285E+00 3.820E-01
  3.618391E+00 3.021E-01
  3.618497E+00 2.488E-01
  3.618603E+00 2.114E-01
  3.618709E+00 1.841E-01
  3.618814E+00 1.636E-01
  3.618919E+00 1.479E-01
  3.619127E+00 1.258E-01
  3.619335E+00 1.116E-01
  3.619643E+00 9.891E-02
  3.619949E+00 9.271E-02
  3.620351E+00 9.126E-02
  3.620749E+00 9.664E-02
  3.621043E+00 1.057E-01
  3.621335E+00 1.199E-01
  3.621816E+00 1.502E-01
  3.621911E+00 1.549E-01
  3.622006E+00 1.641E-01
  3.622100E+00 2.106E-01
  3.622194E+00 4.766E-01
  3.622288E+00 1.812E+00
  3.622382E+00 4.656E+00
  3.622475E+00 5.315E+00
  3.622661E+00 4.603E+00
  3.622754E+00 4.149E+00
  3.623029E+00 2.191E+00
  3.623121E+00 1.686E+00
  3.623212E+00 1.309E+00
  3.623303E+00 1.033E+00
  3.623393E+00 8.304E-01
  3.623483E+00 6.809E-01
  3.623573E+00 5.686E-01
  3.623663E+00 4.828E-01
  3.623752E+00 4.162E-01
  3.623841E+00 3.636E-01
  3.623930E+00 3.215E-01
  3.624019E+00 2.872E-01
  3.624195E+00 2.355E-01
  3.624370E+00 1.988E-01
  3.624631E+00 1.604E-01
  3.624974E+00 1.249E-01
  3.625230E+00 9.925E-02
  3.625314E+00 8.777E-02
  3.625398E+00 7.191E-02
  3.625482E+00 5.008E-02
  3.625566E+00 1.336E-01
  3.625650E+00 3.004E-01
  3.625733E+00 2.102E-01
  3.625816E+00 1.754E-01
  3.625899E+00 1.589E-01
  3.625981E+00 1.498E-01
  3.626063E+00 1.450E-01
  3.626145E+00 1.433E-01
  3.626227E+00 1.449E-01
  3.626309E+00 1.520E-01
  3.626390E+00 1.726E-01
  3.626471E+00 2.527E-01
  3.626552E+00 1.515E+00
  3.626632E+00 3.589E-01
  3.626712E+00 1.455E-01
  3.626793E+00 1.234E-01
  3.626872E+00 1.195E-01
  3.627031E+00 1.231E-01
  3.627189E+00 1.339E-01
  3.627346E+00 1.529E-01
  3.627502E+00 1.838E-01
  3.627657E+00 2.236E-01
  3.627735E+00 2.392E-01
  3.627812E+00 2.449E-01
  3.627888E+00 2.385E-01
  3.628193E+00 1.714E-01
  3.628344E+00 1.501E-01
  3.628495E+00 1.381E-01
  3.628718E+00 1.306E-01
  3.628940E+00 1.308E-01
  3.629160E+00 1.371E-01
  3.629305E+00 1.457E-01
  3.629450E+00 1.620E-01
  3.629522E+00 1.774E-01
  3.629593E+00 2.070E-01
  3.629665E+00 2.861E-01
  3.629736E+00 7.268E-01
  3.629807E+00 2.745E+00
  3.629878E+00 3.983E-01
  3.629949E+00 2.447E-01
  3.630020E+00 2.171E-01
  3.630090E+00 2.144E-01
  3.630160E+00 2.207E-01
  3.630300E+00 2.477E-01
  3.630439E+00 2.918E-01
  3.630508E+00 3.222E-01
  3.630577E+00 3.605E-01
  3.630646E+00 4.096E-01
  3.630714E+00 4.740E-01
  3.630783E+00 5.610E-01
  3.630851E+00 6.830E-01
  3.630919E+00 8.626E-01
  3.630986E+00 1.145E+00
  3.631054E+00 1.628E+00
  3.631121E+00 2.569E+00
  3.631189E+00 4.795E+00
  3.631256E+00 1.208E+01
  3.631322E+00 4.326E+01
  3.631456E+00 7.272E+00
  3.631522E+00 3.153E+00
  3.631588E+00 1.760E+00
  3.631654E+00 1.148E+00
  3.631720E+00 8.332E-01
  3.631785E+00 6.525E-01
  3.631850E+00 5.372E-01
  3.631980E+00 3.644E-01
  3.632045E+00 2.610E-01
  3.632110E+00 3.225E-01
  3.632174E+00 1.798E-01
  3.632239E+00 2.218E-01
  3.632303E+00 2.509E-01
  3.632367E+00 2.637E-01
  3.632430E+00 2.654E-01
  3.632557E+00 2.518E-01
  3.632871E+00 1.998E-01
  3.633058E+00 1.825E-01
  3.633181E+00 1.822E-01
  3.633243E+00 1.873E-01
  3.633304E+00 1.983E-01
  3.633365E+00 2.194E-01
  3.633426E+00 2.612E-01
  3.633487E+00 3.586E-01
  3.633548E+00 6.708E-01
  3.633608E+00 2.104E+00
  3.633668E+00 1.825E+00
  3.633728E+00 9.140E-01
  3.633788E+00 8.117E-01
  3.633848E+00 1.010E+00
  3.633908E+00 1.630E+00
  3.633967E+00 3.683E+00
  3.634027E+00 1.574E+01
  3.634086E+00 2.427E+01
  3.634145E+00 4.508E+00
  3.634204E+00 1.674E+00
  3.634262E+00 8.757E-01
  3.634321E+00 5.494E-01
  3.634379E+00 3.856E-01
  3.634437E+00 2.921E-01
  3.634496E+00 2.337E-01
  3.634553E+00 1.949E-01
  3.634611E+00 1.677E-01
  3.634669E+00 1.481E-01
  3.634726E+00 1.335E-01
  3.634783E+00 1.223E-01
  3.634898E+00 1.069E-01
  3.635011E+00 9.731E-02
  3.635180E+00 8.959E-02
  3.635348E+00 8.719E-02
  3.635514E+00 8.919E-02
  3.635679E+00 9.607E-02
  3.635789E+00 1.043E-01
  3.635897E+00 1.168E-01
  3.636006E+00 1.356E-01
  3.636060E+00 1.484E-01
  3.636113E+00 1.642E-01
  3.636167E+00 1.840E-01
  3.636220E+00 2.090E-01
  3.636274E+00 2.412E-01
  3.636327E+00 2.849E-01
  3.636380E+00 3.550E-01
  3.636433E+00 5.293E-01
  3.636486E+00 1.507E+00
  3.636538E+00 7.659E+00
  3.636591E+00 3.058E+00
  3.636643E+00 1.682E+00
  3.636695E+00 1.171E+00
  3.636747E+00 8.698E-01
  3.636799E+00 6.604E-01
  3.636851E+00 5.096E-01
  3.636903E+00 4.000E-01
  3.636954E+00 3.197E-01
  3.637006E+00 2.601E-01
  3.637057E+00 2.151E-01
  3.637108E+00 1.804E-01
  3.637159E+00 1.532E-01
  3.637210E+00 1.314E-01
  3.637261E+00 1.136E-01
  3.637311E+00 9.872E-02
  3.637412E+00 7.524E-02
  3.637513E+00 5.738E-02
  3.637563E+00 5.018E-02
  3.637612E+00 4.440E-02
  3.637662E+00 4.088E-02
  3.637712E+00 4.175E-02
  3.637761E+00 5.253E-02
  3.637811E+00 8.902E-02
  3.637860E+00 2.055E-01
  3.637909E+00 6.470E-01
  3.637958E+00 2.709E+00
  3.638007E+00 3.627E+00
  3.638055E+00 1.537E+00
  3.638104E+00 8.346E-01
  3.638152E+00 5.605E-01
  3.638201E+00 4.257E-01
  3.638249E+00 3.488E-01
  3.638297E+00 3.006E-01
  3.638345E+00 2.685E-01
  3.638393E+00 2.467E-01
  3.638441E+00 2.324E-01
  3.638488E+00 2.257E-01
  3.638536E+00 2.377E-01
  3.638583E+00 1.716E+00
  3.638630E+00 1.878E-01
  3.638678E+00 1.796E-01
  3.638818E+00 1.843E-01
  3.638911E+00 1.961E-01
  3.638958E+00 2.062E-01
  3.639004E+00 2.206E-01
  3.639050E+00 2.422E-01
  3.639097E+00 2.793E-01
  3.639142E+00 3.772E-01
  3.639188E+00 1.687E+00
  3.639234E+00 7.785E-01
  3.639280E+00 1.122E+00
  3.639325E+00 3.906E+00
  3.639371E+00 4.280E-01
  3.639416E+00 3.043E-01
  3.639506E+00 2.764E-01
  3.639641E+00 2.049E-01
  3.639685E+00 1.848E-01
  3.639774E+00 1.558E-01
  3.639863E+00 1.385E-01
  3.639951E+00 1.285E-01
  3.640082E+00 1.216E-01
  3.640256E+00 1.211E-01
  3.640470E+00 1.292E-01
  3.640640E+00 1.432E-01
  3.640766E+00 1.611E-01
  3.640850E+00 1.820E-01
  3.640891E+00 2.003E-01
  3.640933E+00 2.358E-01
  3.640974E+00 3.494E-01
  3.641016E+00 1.714E+00
  3.641057E+00 5.155E-01
  3.641098E+00 2.643E-01
  3.641139E+00 2.436E-01
  3.641180E+00 2.504E-01
  3.641221E+00 2.663E-01
  3.641303E+00 3.156E-01
  3.641343E+00 3.499E-01
  3.641384E+00 3.930E-01
  3.641424E+00 4.482E-01
  3.641464E+00 5.205E-01
  3.641505E+00 6.186E-01
  3.641545E+00 7.569E-01
  3.641585E+00 9.624E-01
  3.641625E+00 1.289E+00
  3.641665E+00 1.861E+00
  3.641704E+00 3.005E+00
  3.641744E+00 5.822E+00
  3.641783E+00 1.529E+01
  3.641823E+00 4.076E+01
  3.641862E+00 1.735E+01
  3.641901E+00 5.941E+00
  3.641941E+00 2.817E+00
  3.641980E+00 1.621E+00
  3.642019E+00 1.038E+00
  3.642058E+00 8.256E-01
  3.642096E+00 8.658E-01
  3.642174E+00 7.497E-01
  3.642212E+00 3.419E+00
  3.642251E+00 6.192E-01
  3.642289E+00 5.665E-01
  3.642403E+00 4.598E-01
  3.642517E+00 3.735E-01
  3.642630E+00 3.093E-01
  3.642742E+00 2.694E-01
  3.642817E+00 2.569E-01
  3.642890E+00 2.583E-01
  3.642927E+00 2.664E-01
  3.642964E+00 2.826E-01
  3.643001E+00 3.131E-01
  3.643037E+00 3.750E-01
  3.643074E+00 5.366E-01
  3.643110E+00 1.199E+00
  3.643147E+00 1.956E+00
  3.643183E+00 1.066E+00
  3.643219E+00 1.019E+00
  3.643255E+00 1.368E+00
  3.643291E+00 2.394E+00
  3.643327E+00 6.066E+00
  3.643363E+00 2.374E+01
  3.643399E+00 1.100E+01
  3.643434E+00 3.030E+00
  3.643470E+00 1.320E+00
  3.643506E+00 7.383E-01
  3.643541E+00 4.789E-01
  3.643576E+00 3.424E-01
  3.643612E+00 2.624E-01
  3.643647E+00 2.116E-01
  3.643682E+00 1.776E-01
  3.643717E+00 1.537E-01
  3.643752E+00 1.364E-01
  3.643787E+00 1.236E-01
  3.643856E+00 1.063E-01
  3.643926E+00 9.586E-02
  3.644029E+00 8.762E-02
  3.644131E+00 8.499E-02
  3.644233E+00 8.675E-02
  3.644334E+00 9.330E-02
  3.644401E+00 1.012E-01
  3.644468E+00 1.135E-01
  3.644534E+00 1.323E-01
  3.644568E+00 1.455E-01
  3.644601E+00 1.623E-01
  3.644634E+00 1.842E-01
  3.644667E+00 2.136E-01
  3.644699E+00 2.552E-01
  3.644732E+00 3.209E-01
  3.644765E+00 4.541E-01
  3.644797E+00 9.380E-01
  3.644830E+00 4.860E+00
  3.644862E+00 1.979E+00
  3.644895E+00 1.039E+00
  3.644927E+00 7.926E-01
  3.644959E+00 6.438E-01
  3.644991E+00 5.185E-01
  3.645024E+00 4.122E-01
  3.645056E+00 3.266E-01
  3.645088E+00 2.603E-01
  3.645119E+00 2.097E-01
  3.645151E+00 1.711E-01
  3.645183E+00 1.413E-01
  3.645215E+00 1.180E-01
  3.645246E+00 9.952E-02
  3.645278E+00 8.452E-02
  3.645309E+00 7.217E-02
  3.645341E+00 6.186E-02
  3.645372E+00 5.325E-02
  3.645403E+00 4.618E-02
  3.645434E+00 4.080E-02
  3.645466E+00 3.776E-02
  3.645497E+00 3.867E-02
  3.645528E+00 4.745E-02
  3.645559E+00 7.420E-02
  3.645589E+00 1.487E-01
  3.645620E+00 3.790E-01
  3.645651E+00 1.276E+00
  3.645682E+00 4.160E+00
  3.645712E+00 2.782E+00
  3.645743E+00 1.281E+00
  3.645773E+00 7.573E-01
  3.645804E+00 5.301E-01
  3.645834E+00 4.110E-01
  3.645864E+00 3.403E-01
  3.645894E+00 2.949E-01
  3.645924E+00 2.643E-01
  3.645954E+00 2.433E-01
  3.645984E+00 2.300E-01
  3.646014E+00 2.265E-01
  3.646044E+00 2.954E-01
  3.646074E+00 1.988E-01
  3.646104E+00 1.825E-01
  3.646193E+00 1.845E-01
  3.646252E+00 1.938E-01
  3.646310E+00 2.126E-01
  3.646369E+00 2.465E-01
  3.646398E+00 2.721E-01
  3.646427E+00 3.058E-01
  3.646456E+00 3.504E-01
  3.646485E+00 4.100E-01
  3.646513E+00 4.941E-01
  3.646542E+00 6.412E-01
  3.646571E+00 1.183E+00
  3.646600E+00 2.229E+00
  3.646628E+00 2.447E+00
  3.646657E+00 4.293E-01
  3.646685E+00 2.294E-01
  3.646714E+00 1.813E-01
  3.646742E+00 1.590E-01
  3.646770E+00 1.449E-01
  3.646827E+00 1.275E-01
  3.646883E+00 1.177E-01
  3.646967E+00 1.107E-01
  3.647078E+00 1.089E-01
  3.647215E+00 1.137E-01
  3.647351E+00 1.249E-01
  3.647459E+00 1.399E-01
  3.647539E+00 1.569E-01
  3.647593E+00 1.735E-01
  3.647646E+00 1.999E-01
  3.647672E+00 2.228E-01
  3.647698E+00 2.668E-01
  3.647725E+00 4.109E-01
  3.647751E+00 2.368E+00
  3.647777E+00 4.650E-01
  3.647803E+00 2.770E-01
  3.647829E+00 2.686E-01
  3.647855E+00 2.842E-01
  3.647881E+00 3.093E-01
  3.647907E+00 3.419E-01
  3.647933E+00 3.833E-01
  3.647959E+00 4.362E-01
  3.647985E+00 5.052E-01
  3.648010E+00 5.981E-01
  3.648036E+00 7.283E-01
  3.648062E+00 9.208E-01
  3.648087E+00 1.225E+00
  3.648113E+00 1.755E+00
  3.648138E+00 2.809E+00
  3.648164E+00 5.381E+00
  3.648189E+00 1.388E+01
  3.648214E+00 3.680E+01
  3.648240E+00 1.649E+01
  3.648265E+00 5.863E+00
  3.648290E+00 3.243E+00
  3.648315E+00 2.009E+00
  3.648340E+00 1.420E+00
  3.648365E+00 1.112E+00
  3.648390E+00 9.371E-01
  3.648415E+00 8.436E-01
  3.648440E+00 1.356E+00
  3.648464E+00 7.057E-01
  3.648489E+00 6.187E-01
  3.648563E+00 4.966E-01
  3.648637E+00 4.040E-01
  3.648710E+00 3.362E-01
  3.648782E+00 2.938E-01
  3.648830E+00 2.799E-01
  3.648878E+00 2.793E-01
  3.648902E+00 2.856E-01
  3.648926E+00 2.982E-01
  3.648950E+00 3.206E-01
  3.648974E+00 3.606E-01
  3.648997E+00 4.420E-01
  3.649021E+00 6.719E-01
  3.649045E+00 1.621E+00
  3.649068E+00 1.421E+00
  3.649092E+00 1.091E+00
  3.649115E+00 1.340E+00
  3.649139E+00 2.167E+00
  3.649162E+00 4.784E+00
  3.649185E+00 1.549E+01
  3.649209E+00 1.348E+01
  3.649232E+00 3.775E+00
  3.649255E+00 1.550E+00
  3.649278E+00 8.297E-01
  3.649301E+00 5.207E-01
  3.649324E+00 3.629E-01
  3.649347E+00 2.724E-01
  3.649370E+00 2.162E-01
  3.649393E+00 1.791E-01
  3.649416E+00 1.534E-01
  3.649439E+00 1.350E-01
  3.649462E+00 1.215E-01
  3.649507E+00 1.036E-01
  3.649552E+00 9.296E-02
  3.649620E+00 8.470E-02
  3.649687E+00 8.212E-02
  3.649754E+00 8.391E-02
  3.649820E+00 9.042E-02
  3.649864E+00 9.833E-02
  3.649908E+00 1.106E-01
  3.649952E+00 1.298E-01
  3.649974E+00 1.434E-01
  3.649996E+00 1.613E-01
  3.650017E+00 1.855E-01
  3.650039E+00 2.201E-01
  3.650060E+00 2.756E-01
  3.650082E+00 3.883E-01
  3.650104E+00 7.784E-01
  3.650125E+00 3.646E+00
  3.650147E+00 1.428E+00
  3.650168E+00 7.875E-01
  3.650189E+00 6.568E-01
  3.650232E+00 5.011E-01
  3.650274E+00 3.344E-01
  3.650296E+00 2.673E-01
  3.650317E+00 2.142E-01
  3.650338E+00 1.731E-01
  3.650359E+00 1.414E-01
  3.650380E+00 1.168E-01
  3.650401E+00 9.742E-02
  3.650422E+00 8.189E-02
  3.650443E+00 6.925E-02
  3.650463E+00 5.884E-02
  3.650484E+00 5.025E-02
  3.650505E+00 4.331E-02
  3.650526E+00 3.820E-02
  3.650546E+00 3.561E-02
  3.650567E+00 3.734E-02
  3.650588E+00 4.785E-02
  3.650608E+00 7.889E-02
  3.650629E+00 1.664E-01
  3.650649E+00 4.471E-01
  3.650670E+00 1.579E+00
  3.650690E+00 4.050E+00
  3.650710E+00 2.179E+00
  3.650731E+00 1.067E+00
  3.650751E+00 6.612E-01
  3.650771E+00 4.758E-01
  3.650791E+00 3.755E-01
  3.650812E+00 3.148E-01
  3.650832E+00 2.755E-01
  3.650852E+00 2.490E-01
  3.650872E+00 2.313E-01
  3.650892E+00 2.220E-01
  3.650912E+00 2.358E-01
  3.650932E+00 2.718E-01
  3.650952E+00 1.811E-01
  3.651011E+00 1.827E-01
  3.651051E+00 1.926E-01
  3.651090E+00 2.131E-01
  3.651110E+00 2.290E-01
  3.651129E+00 2.501E-01
  3.651149E+00 2.776E-01
  3.651188E+00 3.561E-01
  3.651265E+00 5.673E-01
  3.651285E+00 6.493E-01
  3.651304E+00 8.612E-01
  3.651323E+00 1.844E+00
  3.651342E+00 2.531E+00
  3.651361E+00 3.469E-01
  3.651380E+00 1.548E-01
  3.651400E+00 1.204E-01
  3.651419E+00 1.101E-01
  3.651457E+00 1.031E-01
  3.651532E+00 9.924E-02
  3.651644E+00 1.018E-01
  3.651755E+00 1.110E-01
  3.651865E+00 1.281E-01
  3.651937E+00 1.468E-01
  3.651992E+00 1.681E-01
  3.652027E+00 1.896E-01
  3.652045E+00 2.049E-01
  3.652063E+00 2.268E-01
  3.652081E+00 2.641E-01
  3.652099E+00 3.572E-01
  3.652116E+00 9.661E-01
  3.652134E+00 1.055E+00
  3.652152E+00 3.186E-01
  3.652170E+00 2.845E-01
  3.652187E+00 2.984E-01
  3.652205E+00 3.258E-01
  3.652222E+00 3.627E-01
  3.652240E+00 4.099E-01
  3.652257E+00 4.711E-01
  3.652275E+00 5.522E-01
  3.652292E+00 6.637E-01
  3.652310E+00 8.248E-01
  3.652327E+00 1.073E+00
  3.652344E+00 1.488E+00
  3.652362E+00 2.272E+00
  3.652379E+00 4.045E+00
  3.652396E+00 9.322E+00
  3.652413E+00 2.858E+01
  3.652431E+00 2.400E+01
  3.652448E+00 7.766E+00
  3.652465E+00 3.521E+00
  3.652482E+00 2.075E+00
  3.652499E+00 1.444E+00
  3.652516E+00 1.124E+00
  3.652533E+00 9.471E-01
  3.652550E+00 8.748E-01
  3.652567E+00 1.863E+02
  3.652584E+00 6.878E-01
  3.652601E+00 6.153E-01
  3.652634E+00 5.289E-01
  3.652685E+00 4.290E-01
  3.652735E+00 3.550E-01
  3.652784E+00 3.066E-01
  3.652817E+00 2.884E-01
  3.652850E+00 2.822E-01
  3.652883E+00 2.913E-01
  3.652899E+00 3.044E-01
  3.652916E+00 3.265E-01
  3.652932E+00 3.645E-01
  3.652948E+00 4.373E-01
  3.652965E+00 6.239E-01
  3.652981E+00 1.372E+00
  3.652997E+00 1.462E+00
  3.653013E+00 1.131E+00
  3.653029E+00 1.407E+00
  3.653045E+00 2.307E+00
  3.653061E+00 5.115E+00
  3.653077E+00 1.498E+01
  3.653093E+00 1.095E+01
  3.653109E+00 3.379E+00
  3.653125E+00 1.448E+00
  3.653141E+00 7.892E-01
  3.653157E+00 4.993E-01
  3.653173E+00 3.493E-01
  3.653189E+00 2.626E-01
  3.653205E+00 2.085E-01
  3.653220E+00 1.727E-01
  3.653236E+00 1.479E-01
  3.653252E+00 1.302E-01
  3.653268E+00 1.172E-01
  3.653283E+00 1.074E-01
  3.653314E+00 9.418E-02
  3.653361E+00 8.385E-02
  3.653408E+00 8.002E-02
  3.653454E+00 8.070E-02
  3.653500E+00 8.584E-02
  3.653546E+00 9.706E-02
  3.653576E+00 1.100E-01
  3.653591E+00 1.191E-01
  3.653606E+00 1.307E-01
  3.653621E+00 1.459E-01
  3.653636E+00 1.666E-01
  3.653651E+00 1.965E-01
  3.653666E+00 2.452E-01
  3.653681E+00 3.467E-01
  3.653696E+00 7.126E-01
  3.653711E+00 3.160E+00
  3.653726E+00 1.098E+00
  3.653741E+00 6.496E-01
  3.653756E+00 5.741E-01
  3.653771E+00 5.397E-01
  3.653785E+00 4.898E-01
  3.653830E+00 2.798E-01
  3.653844E+00 2.242E-01
  3.653859E+00 1.805E-01
  3.653874E+00 1.466E-01
  3.653888E+00 1.203E-01
  3.653903E+00 9.974E-02
  3.653918E+00 8.339E-02
  3.653932E+00 7.019E-02
  3.653947E+00 5.940E-02
  3.653961E+00 5.053E-02
  3.653976E+00 4.334E-02
  3.653990E+00 3.792E-02
  3.654005E+00 3.482E-02
  3.654019E+00 3.558E-02
  3.654033E+00 4.400E-02
  3.654048E+00 7.010E-02
  3.654062E+00 1.440E-01
  3.654076E+00 3.775E-01
  3.654091E+00 1.297E+00
  3.654105E+00 3.657E+00
  3.654119E+00 2.191E+00
  3.654133E+00 1.061E+00
  3.654148E+00 6.496E-01
  3.654162E+00 4.643E-01
  3.654176E+00 3.651E-01
  3.654190E+00 3.056E-01
  3.654204E+00 2.673E-01
  3.654218E+00 2.419E-01
  3.654232E+00 2.255E-01
  3.654246E+00 2.192E-01
  3.654260E+00 2.936E-01
  3.654274E+00 1.842E-01
  3.654288E+00 1.786E-01
  3.654330E+00 1.829E-01
  3.654358E+00 1.962E-01
  3.654385E+00 2.226E-01
  3.654399E+00 2.430E-01
  3.654413E+00 2.696E-01
  3.654440E+00 3.447E-01
  3.654467E+00 4.367E-01
  3.654481E+00 4.734E-01
  3.654522E+00 5.352E-01
  3.654535E+00 6.074E-01
  3.654549E+00 8.507E-01
  3.654562E+00 1.905E+00
  3.654576E+00 2.670E+00
  3.654589E+00 2.446E-01
  3.654603E+00 1.093E-01
  3.654616E+00 9.086E-02
  3.654630E+00 8.786E-02
  3.654749E+00 9.446E-02
  3.654841E+00 1.047E-01
  3.654918E+00 1.200E-01
  3.654983E+00 1.407E-01
  3.655034E+00 1.677E-01
  3.655059E+00 1.888E-01
  3.655072E+00 2.032E-01
  3.655084E+00 2.226E-01
  3.655097E+00 2.523E-01
  3.655110E+00 3.104E-01
  3.655122E+00 5.092E-01
  3.655135E+00 3.245E+00
  3.655147E+00 4.704E-01
  3.655160E+00 3.030E-01
  3.655172E+00 3.026E-01
  3.655185E+00 3.272E-01
  3.655197E+00 3.635E-01
  3.655210E+00 4.110E-01
  3.655222E+00 4.725E-01
  3.655234E+00 5.543E-01
  3.655247E+00 6.671E-01
  3.655259E+00 8.304E-01
  3.655272E+00 1.084E+00
  3.655284E+00 1.516E+00
  3.655296E+00 2.371E+00
  3.655308E+00 4.602E+00
  3.655321E+00 1.037E+01
  3.655333E+00 2.943E+01
  3.655345E+00 2.087E+01
  3.655357E+00 6.864E+00
  3.655370E+00 3.199E+00
  3.655382E+00 1.924E+00
  3.655394E+00 1.363E+00
  3.655406E+00 1.077E+00
  3.655418E+00 9.276E-01
  3.655430E+00 1.045E+00
  3.655454E+00 6.518E-01
  3.655466E+00 5.948E-01
  3.655502E+00 4.764E-01
  3.655538E+00 3.889E-01
  3.655574E+00 3.279E-01
  3.655597E+00 3.013E-01
  3.655621E+00 2.858E-01
  3.655644E+00 2.824E-01
  3.655668E+00 2.950E-01
  3.655679E+00 3.103E-01
  3.655691E+00 3.357E-01
  3.655703E+00 3.789E-01
  3.655714E+00 4.633E-01
  3.655726E+00 6.956E-01
  3.655738E+00 1.560E+00
  3.655749E+00 1.278E+00
  3.655761E+00 1.177E+00
  3.655772E+00 1.606E+00
  3.655784E+00 2.849E+00
  3.655795E+00 6.906E+00
  3.655807E+00 1.596E+01
  3.655818E+00 7.006E+00
  3.655830E+00 2.454E+00
  3.655841E+00 1.159E+00
  3.655853E+00 6.679E-01
  3.655864E+00 4.375E-01
  3.655875E+00 3.134E-01
  3.655887E+00 2.396E-01
  3.655898E+00 1.926E-01
  3.655909E+00 1.611E-01
  3.655921E+00 1.390E-01
  3.655932E+00 1.231E-01
  3.655943E+00 1.113E-01
  3.655954E+00 1.025E-01
  3.655977E+00 9.054E-02
  3.655999E+00 8.353E-02
  3.656033E+00 7.865E-02
  3.656066E+00 7.849E-02
  3.656099E+00 8.266E-02
  3.656132E+00 9.243E-02
  3.656154E+00 1.039E-01
  3.656165E+00 1.119E-01
  3.656176E+00 1.222E-01
  3.656187E+00 1.357E-01
  3.656198E+00 1.542E-01
  3.656209E+00 1.811E-01
  3.656219E+00 2.256E-01
  3.656230E+00 3.216E-01
  3.656241E+00 6.878E-01
  3.656252E+00 2.836E+00
  3.656263E+00 8.979E-01
  3.656273E+00 5.651E-01
  3.656284E+00 5.179E-01
  3.656295E+00 5.050E-01
  3.656306E+00 4.758E-01
  3.656327E+00 3.549E-01
  3.656348E+00 2.323E-01
  3.656359E+00 1.868E-01
  3.656369E+00 1.512E-01
  3.656380E+00 1.237E-01
  3.656391E+00 1.021E-01
  3.656401E+00 8.514E-02
  3.656422E+00 6.040E-02
  3.656443E+00 4.389E-02
  3.656454E+00 3.819E-02
  3.656464E+00 3.462E-02
  3.656475E+00 3.444E-02
  3.656485E+00 4.078E-02
  3.656496E+00 6.183E-02
  3.656506E+00 1.216E-01
  3.656516E+00 3.060E-01
  3.656527E+00 1.005E+00
  3.656537E+00 3.192E+00
  3.656547E+00 2.337E+00
  3.656558E+00 1.110E+00
  3.656568E+00 6.625E-01
  3.656578E+00 4.663E-01
  3.656589E+00 3.634E-01
  3.656599E+00 3.025E-01
  3.656609E+00 2.639E-01
  3.656619E+00 2.384E-01
  3.656630E+00 2.226E-01
  3.656640E+00 2.194E-01
  3.656650E+00 1.201E+00
  3.656660E+00 1.791E-01
  3.656680E+00 1.772E-01
  3.656701E+00 1.830E-01
  3.656721E+00 1.988E-01
  3.656731E+00 2.120E-01
  3.656741E+00 2.298E-01
  3.656751E+00 2.534E-01
  3.656768E+00 3.109E-01
  3.666758E+00 1.211E+00
  3.666768E+00 1.079E+00
  3.691712E+00 9.047E-01
  3.716655E+00 8.199E-01
  3.766542E+00 7.176E-01
  3.816428E+00 6.728E-01
  4.040918E+00 6.319E-01
  4.340238E+00 5.880E-01
  5.188310E+00 3.841E-01
  5.762006E+00 2.859E-01
  6.111213E+00 2.412E-01
  6.234669E+00 2.272E-01
  6.360615E+00 2.139E-01
  6.489107E+00 2.015E-01
  6.620198E+00 1.897E-01
  6.753936E+00 1.787E-01
  6.890372E+00 1.683E-01
  7.029565E+00 1.585E-01
  7.171572E+00 1.493E-01
  7.316447E+00 1.406E-01
  7.464253E+00 1.324E-01
  7.615039E+00 1.247E-01
  7.768871E+00 1.174E-01
  7.925817E+00 1.106E-01
  8.085926E+00 1.041E-01
  8.249270E+00 9.806E-02
  8.415919E+00 9.235E-02
  8.585931E+00 8.698E-02
  8.759381E+00 8.191E-02
  8.936329E+00 7.714E-02
  9.116860E+00 7.265E-02
  9.301028E+00 6.842E-02
  9.488920E+00 6.443E-02
  9.680613E+00 6.068E-02
  9.876175E+00 5.715E-02
  1.007568E+01 5.382E-02
  1.027923E+01 5.068E-02
  1.048689E+01 4.773E-02
  1.069873E+01 4.495E-02
  1.091486E+01 4.234E-02
  1.113535E+01 3.987E-02
  1.136030E+01 3.755E-02
  1.158980E+01 3.536E-02
  1.182393E+01 3.330E-02
  1.206279E+01 3.136E-02
  1.230647E+01 2.954E-02
  1.255508E+01 2.782E-02
  1.280871E+01 2.620E-02
  1.306746E+01 2.467E-02
  1.333144E+01 2.323E-02
  1.360075E+01 2.188E-02
  1.387550E+01 2.061E-02
  1.415581E+01 1.941E-02
  1.444177E+01 1.828E-02
  1.473352E+01 1.721E-02
  1.503116E+01 1.621E-02
  1.533481E+01 1.527E-02
  1.564459E+01 1.438E-02
  1.596063E+01 1.354E-02
  1.628305E+01 1.275E-02
  1.661198E+01 1.201E-02
  1.694757E+01 1.131E-02
  1.728993E+01 1.065E-02
  1.763921E+01 1.003E-02
  1.799556E+01 9.446E-03
  1.835909E+01 8.896E-03
  1.872997E+01 8.378E-03
  1.910832E+01 7.890E-03
  1.949435E+01 7.431E-03
  1.988815E+01 6.998E-03
  2.028993E+01 6.590E-03
  2.069980E+01 6.207E-03
  2.111798E+01 5.845E-03
  2.154459E+01 5.505E-03
  2.197981E+01 5.184E-03
  2.242383E+01 4.882E-03
  2.287683E+01 4.598E-03
  2.333896E+01 4.330E-03
  2.381046E+01 4.078E-03
  2.429144E+01 3.841E-03