  2.778933E-02 7.111E+01
  7.907403E-02 4.787E+00
  1.290548E-01 1.127E+00
  1.777755E-01 4.076E-01
  2.252782E-01 1.844E-01
  2.716030E-01 9.571E-02
  3.167887E-01 5.462E-02
  3.608722E-01 3.356E-02
  4.038891E-01 2.193E-02
  4.458736E-01 1.508E-02
  4.868584E-01 1.080E-02
  5.268750E-01 7.981E-03
  5.659537E-01 6.028E-03
  6.041236E-01 4.626E-03
  6.414125E-01 3.592E-03
  6.778475E-01 2.820E-03
  7.134544E-01 2.239E-03
  7.482581E-01 1.800E-03
  7.822825E-01 1.469E-03
  8.155508E-01 1.218E-03
  8.480853E-01 1.026E-03
  8.799073E-01 8.778E-04
  9.110374E-01 7.618E-04
  9.414957E-01 6.687E-04
  1.000473E+00 5.272E-04
  1.056984E+00 4.207E-04
  1.137421E+00 2.972E-04
  1.188340E+00 2.328E-04
  1.237230E+00 1.814E-04
  1.284196E+00 1.419E-04
  1.329338E+00 1.125E-04
  1.372749E+00 9.134E-05
  1.414517E+00 7.649E-05
  1.454724E+00 6.622E-05
  1.512273E+00 5.653E-05
  1.584219E+00 4.916E-05
  1.698359E+00 3.907E-05
  1.785753E+00 2.850E-05
  1.877243E+00 1.641E-05
  1.925055E+00 1.104E-05
  1.958984E+00 7.948E-06
  1.980742E+00 6.304E-06
  2.001841E+00 4.963E-06
  2.022309E+00 3.889E-06
  2.042171E+00 3.042E-06
  2.061450E+00 2.388E-06
  2.080169E+00 1.894E-06
  2.098349E+00 1.532E-06
  2.116011E+00 1.280E-06
  2.133174E+00 1.117E-06
  2.149857E+00 1.030E-06
  2.166077E+00 1.007E-06
  2.181853E+00 1.039E-06
  2.197199E+00 1.121E-06
  2.219447E+00 1.327E-06
  2.240812E+00 1.622E-06
  2.261342E+00 1.997E-06
  2.287488E+00 2.611E-06
  2.318332E+00 3.543E-06
  2.347287E+00 4.646E-06
  2.379753E+00 6.202E-06
  2.409949E+00 8.067E-06
  2.438083E+00 1.038E-05
  2.460086E+00 1.282E-05
  2.480880E+00 1.599E-05
  2.496703E+00 1.930E-05
  2.511850E+00 2.363E-05
  2.526358E+00 2.946E-05
  2.536840E+00 3.525E-05
  2.546998E+00 4.278E-05
  2.556844E+00 5.280E-05
  2.566390E+00 6.646E-05
  2.572594E+00 7.850E-05
  2.578673E+00 9.384E-05
  2.584632E+00 1.138E-04
  2.590472E+00 1.402E-04
  2.596198E+00 1.762E-04
  2.599019E+00 1.993E-04
  2.601813E+00 2.269E-04
  2.604579E+00 2.603E-04
  2.607318E+00 3.011E-04
  2.610031E+00 3.516E-04
  2.612717E+00 4.151E-04
  2.615378E+00 4.965E-04
  2.618014E+00 6.027E-04
  2.620624E+00 7.450E-04
  2.623209E+00 9.413E-04
  2.625770E+00 1.222E-03
  2.628306E+00 1.642E-03
  2.630819E+00 2.310E-03
  2.633307E+00 3.460E-03
  2.635773E+00 5.686E-03
  2.638216E+00 1.083E-02
  2.640635E+00 2.685E-02
  2.643033E+00 1.082E-01
  2.645408E+00 1.398E-01
  2.647761E+00 3.362E-02
  2.650092E+00 1.319E-02
  2.652403E+00 6.938E-03
  2.654692E+00 4.282E-03
  2.656960E+00 2.917E-03
  2.659207E+00 2.124E-03
  2.661434E+00 1.623E-03
  2.663641E+00 1.285E-03
  2.665828E+00 1.047E-03
  2.667996E+00 8.720E-04
  2.670144E+00 7.401E-04
  2.672273E+00 6.379E-04
  2.674383E+00 5.571E-04
  2.676474E+00 4.921E-04
  2.680601E+00 3.949E-04
  2.684656E+00 3.267E-04
  2.688640E+00 2.771E-04
  2.694488E+00 2.244E-04
  2.700185E+00 1.883E-04
  2.707557E+00 1.553E-04
  2.716428E+00 1.287E-04
  2.726594E+00 1.088E-04
  2.737838E+00 9.473E-05
  2.751393E+00 8.479E-05
  2.768035E+00 7.928E-05
  2.786807E+00 7.938E-05
  2.803614E+00 8.514E-05
  2.813861E+00 9.340E-05
  2.819676E+00 1.026E-04
  2.823421E+00 1.137E-04
  2.826164E+00 1.292E-04
  2.827067E+00 1.375E-04
  2.827963E+00 1.487E-04
  2.828853E+00 1.647E-04
  2.829737E+00 1.896E-04
  2.830615E+00 2.330E-04
  2.831488E+00 3.243E-04
  2.832354E+00 6.026E-04
  2.833215E+00 3.232E-03
  2.834071E+00 2.652E-03
  2.834920E+00 1.940E-04
  2.835764E+00 7.011E-05
  2.836603E+00 5.074E-05
  2.837436E+00 4.859E-05
  2.839086E+00 5.330E-05
  2.842322E+00 6.365E-05
  2.847022E+00 7.353E-05
  2.855902E+00 8.464E-05
  2.870567E+00 9.497E-05
  2.881213E+00 1.010E-04
  2.884522E+00 1.077E-04
  2.886666E+00 1.180E-04
  2.888243E+00 1.324E-04
  2.889280E+00 1.477E-04
  2.890305E+00 1.702E-04
  2.891319E+00 2.040E-04
  2.891821E+00 2.271E-04
  2.892321E+00 2.558E-04
  2.892818E+00 2.919E-04
  2.893313E+00 3.377E-04
  2.893804E+00 3.962E-04
  2.894293E+00 4.720E-04
  2.894780E+00 5.715E-04
  2.895263E+00 7.043E-04
  2.895744E+00 8.851E-04
  2.896223E+00 1.137E-03
  2.896699E+00 1.498E-03
  2.897172E+00 2.036E-03
  2.897643E+00 2.872E-03
  2.898111E+00 4.254E-03
  2.898576E+00 6.732E-03
  2.899040E+00 1.173E-02
  2.899500E+00 2.378E-02
  2.899958E+00 6.270E-02
  2.900414E+00 2.369E-01
  2.900867E+00 2.252E-01
  2.901318E+00 6.921E-02
  2.901767E+00 3.090E-02
  2.902213E+00 1.768E-02
  2.902657E+00 1.168E-02
  2.903098E+00 8.448E-03
  2.903537E+00 6.501E-03
  2.903974E+00 5.233E-03
  2.904408E+00 4.358E-03
  2.904840E+00 3.726E-03
  2.905270E+00 3.254E-03
  2.905698E+00 2.891E-03
  2.906123E+00 2.607E-03
  2.906968E+00 2.194E-03
  2.907803E+00 1.918E-03
  2.908630E+00 1.730E-03
  2.909448E+00 1.612E-03
  2.909854E+00 1.583E-03
  2.910258E+00 1.587E-03
  2.910660E+00 1.668E-03
  2.911059E+00 2.112E-03
  2.911457E+00 1.367E-01
  2.911853E+00 1.091E-03
  2.912247E+00 1.026E-03
  2.913801E+00 1.021E-03
  2.918282E+00 9.465E-04
  2.922161E+00 9.501E-04
  2.925838E+00 1.020E-03
  2.928393E+00 1.134E-03
  2.929941E+00 1.263E-03
  2.931154E+00 1.440E-03
  2.932048E+00 1.670E-03
  2.932638E+00 1.927E-03
  2.932931E+00 2.116E-03
  2.933222E+00 2.375E-03
  2.933512E+00 2.758E-03
  2.933801E+00 3.414E-03
  2.934089E+00 3.792E-01
  2.934375E+00 5.277E-03
  2.934659E+00 9.434E-03
  2.934943E+00 2.696E-02
  2.935225E+00 2.808E+00
  2.935506E+00 2.184E-02
  2.935786E+00 3.656E-03
  2.936064E+00 1.222E-03
  2.936341E+00 5.978E-04
  2.936617E+00 4.039E-04
  2.936892E+00 3.488E-04
  2.937165E+00 3.459E-04
  2.937437E+00 3.640E-04
  2.939308E+00 5.573E-04
  2.941122E+00 7.011E-04
  2.949624E+00 1.216E-03
  2.952801E+00 1.482E-03
  2.954813E+00 1.736E-03
  2.956173E+00 2.013E-03
  2.956934E+00 2.267E-03
  2.957496E+00 2.574E-03
  2.957867E+00 2.908E-03
  2.958052E+00 3.152E-03
  2.958235E+00 3.490E-03
  2.958418E+00 3.993E-03
  2.958601E+00 4.815E-03
  2.958782E+00 6.372E-03
  2.958963E+00 1.006E-02
  2.959143E+00 2.100E-02
  2.959323E+00 1.821E-02
  2.959502E+00 4.073E-03
  2.959680E+00 1.680E-03
  2.959857E+00 1.262E-03
  2.960034E+00 1.235E-03
  2.960210E+00 1.308E-03
  2.961423E+00 2.058E-03
  2.961933E+00 2.475E-03
  2.962269E+00 2.877E-03
  2.962437E+00 3.154E-03
  2.962603E+00 3.522E-03
  2.962769E+00 4.040E-03
  2.962935E+00 4.838E-03
  2.963100E+00 6.225E-03
  2.963264E+00 9.182E-03
  2.963427E+00 1.857E-02
  2.963590E+00 1.277E-01
  2.963753E+00 5.481E-02
  2.963914E+00 4.414E-03
  2.964075E+00 1.300E-03
  2.964236E+00 8.384E-04
  2.964396E+00 8.530E-04
  2.964555E+00 1.017E-03
  2.964714E+00 1.321E-03
  2.964872E+00 2.201E-03
  2.965029E+00 1.144E-01
  2.965186E+00 1.055E-03
  2.965343E+00 9.240E-04
  2.965808E+00 1.200E-03
  2.966421E+00 1.448E-03
  2.967323E+00 1.696E-03
  2.968494E+00 1.896E-03
  2.969351E+00 1.923E-03
  2.969773E+00 1.856E-03
  2.970051E+00 1.755E-03
  2.970328E+00 1.579E-03
  2.970738E+00 1.183E-03
  2.970874E+00 1.338E-03
  2.971010E+00 3.870E-03
  2.971145E+00 7.988E-02
  2.971280E+00 7.872E-02
  2.971414E+00 1.842E-02
  2.971547E+00 1.088E-02
  2.971680E+00 8.288E-03
  2.971813E+00 7.035E-03
  2.971945E+00 6.321E-03
  2.972077E+00 5.871E-03
  2.972339E+00 5.362E-03
  2.972728E+00 5.028E-03
  2.973495E+00 4.891E-03
  2.974739E+00 4.971E-03
  2.974860E+00 4.906E-03
  2.974982E+00 4.729E-03
  2.975103E+00 4.117E-03
  2.975224E+00 5.046E-02
  2.975344E+00 7.024E-03
  2.975464E+00 6.366E-03
  2.975703E+00 6.137E-03
  2.976408E+00 6.358E-03
  2.977778E+00 7.389E-03
  2.979093E+00 8.901E-03
  2.980150E+00 1.070E-02
  2.980971E+00 1.273E-02
  2.981672E+00 1.528E-02
  2.982163E+00 1.789E-02
  2.982550E+00 2.079E-02
  2.982933E+00 2.494E-02
  2.983216E+00 2.949E-02
  2.983404E+00 3.366E-02
  2.983590E+00 3.931E-02
  2.983775E+00 4.734E-02
  2.983868E+00 5.275E-02
  2.983960E+00 5.955E-02
  2.984051E+00 6.830E-02
  2.984142E+00 7.991E-02
  2.984233E+00 9.588E-02
  2.984324E+00 1.189E-01
  2.984415E+00 1.541E-01
  2.984505E+00 2.125E-01
  2.984595E+00 3.212E-01
  2.984684E+00 5.617E-01
  2.984774E+00 1.254E+00
  2.984863E+00 3.626E+00
  2.984952E+00 2.868E+00
  2.985040E+00 8.587E-01
  2.985128E+00 3.491E-01
  2.985216E+00 1.808E-01
  2.985304E+00 1.099E-01
  2.985391E+00 7.575E-02
  2.985478E+00 5.867E-02
  2.985565E+00 5.164E-02
  2.985652E+00 5.332E-02
  2.985738E+00 6.939E-02
  2.985824E+00 1.390E-01
  2.985910E+00 1.357E+00
  2.985996E+00 2.839E-01
  2.986081E+00 2.869E-02
  2.986166E+00 7.026E-03
  2.986251E+00 2.295E-03
  2.986335E+00 9.969E-04
  2.986420E+00 7.264E-04
  2.986504E+00 8.368E-04
  2.986587E+00 1.111E-03
  2.986671E+00 1.463E-03
  2.986837E+00 2.286E-03
  2.987002E+00 3.221E-03
  2.987167E+00 4.327E-03
  2.987248E+00 5.011E-03
  2.987330E+00 5.871E-03
  2.987411E+00 7.088E-03
  2.987492E+00 9.180E-03
  2.987573E+00 1.442E-02
  2.987653E+00 5.568E-02
  2.987734E+00 1.164E-02
  2.987814E+00 1.007E-03
  2.987893E+00 2.050E-03
  2.987973E+00 2.952E-03
  2.988052E+00 3.642E-03
  2.988131E+00 4.193E-03
  2.988289E+00 5.050E-03
  2.988523E+00 5.983E-03
  2.988756E+00 6.615E-03
  2.988986E+00 6.891E-03
  2.989138E+00 6.726E-03
  2.989214E+00 6.445E-03
  2.989290E+00 5.928E-03
  2.989365E+00 4.998E-03
  2.989440E+00 3.338E-03
  2.989515E+00 4.463E-03
  2.989590E+00 1.386E-01
  2.989665E+00 2.726E-02
  2.989739E+00 1.883E-02
  2.989813E+00 1.594E-02
  2.989887E+00 1.446E-02
  2.990034E+00 1.281E-02
  2.990180E+00 1.188E-02
  2.990253E+00 1.176E-02
  2.990326E+00 1.234E-02
  2.990398E+00 1.488E-02
  2.990470E+00 2.395E-02
  2.990542E+00 6.254E-02
  2.990614E+00 3.901E-01
  2.990686E+00 1.735E+01
  2.990757E+00 4.296E-01
  2.990828E+00 1.722E-01
  2.990899E+00 1.092E-01
  2.990970E+00 8.331E-02
  2.991040E+00 6.988E-02
  2.991111E+00 6.196E-02
  2.991181E+00 5.690E-02
  2.991320E+00 5.117E-02
  2.991528E+00 4.761E-02
  2.991803E+00 4.668E-02
  2.992343E+00 4.949E-02
  2.992740E+00 5.177E-02
  2.992871E+00 5.058E-02
  2.992936E+00 4.826E-02
  2.993001E+00 4.239E-02
  2.993066E+00 2.529E-02
  2.993130E+00 2.451E-01
  2.993195E+00 1.023E-01
  2.993259E+00 8.795E-02
  2.993323E+00 8.362E-02
  2.993451E+00 8.199E-02
  2.993704E+00 8.607E-02
  2.994140E+00 1.004E-01
  2.994568E+00 1.212E-01
  2.994987E+00 1.499E-01
  2.995341E+00 1.836E-01
  2.995689E+00 2.297E-01
  2.995974E+00 2.825E-01
  2.996200E+00 3.387E-01
  2.996423E+00 4.133E-01
  2.996644E+00 5.153E-01
  2.996809E+00 6.188E-01
  2.996972E+00 7.573E-01
  2.997133E+00 9.489E-01
  2.997240E+00 1.121E+00
  2.997347E+00 1.347E+00
  2.997453E+00 1.650E+00
  2.997558E+00 2.073E+00
  2.997611E+00 2.350E+00
  2.997663E+00 2.690E+00
  2.997715E+00 3.112E+00
  2.997767E+00 3.645E+00
  2.997819E+00 4.334E+00
  2.997871E+00 5.246E+00
  2.997923E+00 6.492E+00
  2.997974E+00 8.258E+00
  2.998026E+00 1.088E+01
  2.998077E+00 1.503E+01
  2.998128E+00 2.215E+01
  2.998179E+00 3.590E+01
  2.998230E+00 6.746E+01
  2.998281E+00 1.618E+02
  2.998331E+00 4.893E+02
  2.998382E+00 4.014E+02
  2.998432E+00 1.334E+02
  2.998482E+00 5.935E+01
  2.998532E+00 3.331E+01
  2.998582E+00 2.175E+01
  2.998632E+00 1.591E+01
  2.998682E+00 1.287E+01
  2.998731E+00 1.157E+01
  2.998781E+00 1.184E+01
  2.998830E+00 1.454E+01
  2.998879E+00 2.401E+01
  2.998929E+00 7.504E+01
  2.998978E+00 2.385E+05
  2.999026E+00 5.900E+01
  2.999075E+00 1.377E+01
  2.999124E+00 5.955E+00
  2.999172E+00 3.342E+00
  2.999220E+00 2.174E+00
  2.999269E+00 1.560E+00
  2.999317E+00 1.206E+00
  2.999365E+00 9.948E-01
  2.999413E+00 8.742E-01
  2.999460E+00 8.197E-01
  2.999508E+00 8.218E-01
  2.999555E+00 8.810E-01
  2.999603E+00 1.007E+00
  2.999650E+00 1.220E+00
  2.999697E+00 1.561E+00
  2.999744E+00 2.103E+00
  2.999791E+00 2.989E+00
  2.999838E+00 4.525E+00
  2.999885E+00 7.450E+00
  2.999931E+00 1.394E+01
  2.999978E+00 3.282E+01
  3.000024E+00 1.347E+02
  3.000070E+00 9.611E+04
  3.000116E+00 1.631E+02
  3.000162E+00 4.136E+01
  3.000208E+00 1.887E+01
  3.000254E+00 1.088E+01
  3.000299E+00 7.117E+00
  3.000345E+00 5.024E+00
  3.000390E+00 3.730E+00
  3.000436E+00 2.866E+00
  3.000481E+00 2.254E+00
  3.000526E+00 1.798E+00
  3.000571E+00 1.445E+00
  3.000616E+00 1.161E+00
  3.000660E+00 9.238E-01
  3.000705E+00 7.182E-01
  3.000749E+00 5.332E-01
  3.000838E+00 1.975E-01
  3.000882E+00 5.935E-02
  3.000926E+00 8.004E-02
  3.000970E+00 1.835E+00
  3.001014E+00 4.192E+03
  3.001058E+00 9.645E+00
  3.001102E+00 3.572E+00
  3.001145E+00 2.183E+00
  3.001189E+00 1.597E+00
  3.001232E+00 1.285E+00
  3.001275E+00 1.105E+00
  3.001318E+00 1.014E+00
  3.001361E+00 1.012E+00
  3.001404E+00 1.144E+00
  3.001447E+00 1.562E+00
  3.001490E+00 2.827E+00
  3.001532E+00 8.057E+00
  3.001575E+00 7.827E+01
  3.001617E+00 1.023E+02
  3.001659E+00 1.303E+01
  3.001702E+00 5.546E+00
  3.001744E+00 3.335E+00
  3.001786E+00 2.357E+00
  3.001827E+00 1.824E+00
  3.001869E+00 1.493E+00
  3.001911E+00 1.270E+00
  3.001952E+00 1.109E+00
  3.001994E+00 9.876E-01
  3.002035E+00 8.925E-01
  3.002118E+00 7.526E-01
  3.002200E+00 6.538E-01
  3.002322E+00 5.489E-01
  3.002484E+00 4.534E-01
  3.002684E+00 3.703E-01
  3.002960E+00 2.760E-01
  3.003038E+00 2.399E-01
  3.003077E+00 2.134E-01
  3.003116E+00 1.722E-01
  3.003155E+00 1.121E-01
  3.003193E+00 6.091E+00
  3.003232E+00 6.015E-01
  3.003270E+00 4.243E-01
  3.003308E+00 3.649E-01
  3.003347E+00 3.338E-01
  3.003423E+00 2.991E-01
  3.003574E+00 2.635E-01
  3.003836E+00 2.303E-01
  3.004202E+00 2.044E-01
  3.004596E+00 1.915E-01
  3.004945E+00 1.924E-01
  3.005219E+00 2.052E-01
  3.005421E+00 2.271E-01
  3.005554E+00 2.525E-01
  3.005686E+00 2.936E-01
  3.005784E+00 3.431E-01
  3.005849E+00 3.916E-01
  3.005914E+00 4.611E-01
  3.005979E+00 5.662E-01
  3.006011E+00 6.406E-01
  3.006043E+00 7.378E-01
  3.006075E+00 8.686E-01
  3.006107E+00 1.051E+00
  3.006139E+00 1.319E+00
  3.006171E+00 1.736E+00
  3.006202E+00 2.444E+00
  3.006234E+00 3.798E+00
  3.006266E+00 6.897E+00
  3.006297E+00 1.617E+01
  3.006329E+00 4.390E+01
  3.006360E+00 2.658E+01
  3.006391E+00 8.567E+00
  3.006423E+00 3.707E+00
  3.006454E+00 1.987E+00
  3.006485E+00 1.225E+00
  3.006516E+00 8.380E-01
  3.006547E+00 6.281E-01
  3.006578E+00 5.178E-01
  3.006609E+00 4.795E-01
  3.006639E+00 5.226E-01
  3.006670E+00 7.383E-01
  3.006701E+00 1.743E+00
  3.006731E+00 3.560E+01
  3.006762E+00 3.071E+00
  3.006792E+00 5.045E-01
  3.006823E+00 1.882E-01
  3.006853E+00 9.519E-02
  3.006883E+00 5.642E-02
  3.006914E+00 3.678E-02
  3.006944E+00 2.551E-02
  3.006974E+00 1.848E-02
  3.007004E+00 1.383E-02
  3.007034E+00 1.061E-02
  3.007064E+00 8.308E-03
  3.007093E+00 6.614E-03
  3.007123E+00 5.336E-03
  3.007153E+00 4.345E-03
  3.007182E+00 3.551E-03
  3.007212E+00 2.891E-03
  3.007241E+00 2.316E-03
  3.007271E+00 1.798E-03
  3.007300E+00 1.340E-03
  3.007329E+00 1.057E-03
  3.007359E+00 1.553E-03
  3.007388E+00 6.955E-03
  3.007417E+00 9.966E-02
  3.007446E+00 3.501E-01
  3.007475E+00 4.768E-02
  3.007504E+00 2.382E-02
  3.007533E+00 1.630E-02
  3.007562E+00 1.272E-02
  3.007590E+00 1.060E-02
  3.007619E+00 9.146E-03
  3.007676E+00 7.087E-03
  3.007790E+00 3.606E-03
  3.007818E+00 2.611E-03
  3.007846E+00 1.552E-03
  3.007874E+00 5.383E-04
  3.007902E+00 6.710E-05
  3.007930E+00 2.435E-03
  3.007958E+00 2.276E-02
  3.007986E+00 3.655E-01
  3.008014E+00 1.189E+00
  3.008042E+00 1.624E-01
  3.008069E+00 8.077E-02
  3.008097E+00 5.592E-02
  3.008125E+00 4.533E-02
  3.008152E+00 4.085E-02
  3.008180E+00 4.058E-02
  3.008207E+00 4.513E-02
  3.008235E+00 5.828E-02
  3.008262E+00 9.249E-02
  3.008289E+00 1.991E-01
  3.008316E+00 7.625E-01
  3.008343E+00 6.834E+01
  3.008371E+00 1.686E+00
  3.008398E+00 4.359E-01
  3.008425E+00 2.211E-01
  3.008451E+00 1.447E-01
  3.008478E+00 1.080E-01
  3.008505E+00 8.723E-02
  3.008532E+00 7.409E-02
  3.008559E+00 6.516E-02
  3.008585E+00 5.874E-02
  3.008638E+00 5.021E-02
  3.008691E+00 4.485E-02
  3.008770E+00 3.978E-02
  3.008875E+00 3.569E-02
  3.009081E+00 3.099E-02
  3.009233E+00 2.767E-02
  3.009284E+00 2.587E-02
  3.009309E+00 2.457E-02
  3.009334E+00 2.275E-02
  3.009359E+00 2.001E-02
  3.009384E+00 1.562E-02
  3.009409E+00 1.667E-02
  3.009434E+00 4.504E-01
  3.009459E+00 7.631E-02
  3.009484E+00 5.352E-02
  3.009508E+00 4.598E-02
  3.009533E+00 4.228E-02
  3.009582E+00 3.865E-02
  3.009656E+00 3.634E-02
  3.009825E+00 3.473E-02
  3.010111E+00 3.537E-02
  3.010390E+00 3.851E-02
  3.010594E+00 4.326E-02
  3.010751E+00 4.965E-02
  3.010862E+00 5.697E-02
  3.010949E+00 6.584E-02
  3.011015E+00 7.552E-02
  3.011080E+00 8.963E-02
  3.011123E+00 1.031E-01
  3.011166E+00 1.218E-01
  3.011209E+00 1.493E-01
  3.011230E+00 1.683E-01
  3.011251E+00 1.926E-01
  3.011272E+00 2.244E-01
  3.011294E+00 2.673E-01
  3.011315E+00 3.277E-01
  3.011336E+00 4.166E-01
  3.011357E+00 5.564E-01
  3.011378E+00 7.961E-01
  3.011399E+00 1.261E+00
  3.011420E+00 2.347E+00
  3.011441E+00 5.675E+00
  3.011462E+00 1.494E+01
  3.011483E+00 8.101E+00
  3.011503E+00 2.696E+00
  3.011524E+00 1.203E+00
  3.011545E+00 6.596E-01
  3.011566E+00 4.139E-01
  3.011586E+00 2.875E-01
  3.011607E+00 2.182E-01
  3.011627E+00 1.818E-01
  3.011648E+00 1.697E-01
  3.011668E+00 1.859E-01
  3.011689E+00 2.625E-01
  3.011709E+00 6.075E-01
  3.011730E+00 9.323E+00
  3.011750E+00 1.400E+00
  3.011770E+00 2.178E-01
  3.011790E+00 8.184E-02
  3.011811E+00 4.222E-02
  3.011831E+00 2.564E-02
  3.011851E+00 1.715E-02
  3.011871E+00 1.221E-02
  3.011891E+00 9.073E-03
  3.011911E+00 6.955E-03
  3.011931E+00 5.457E-03
  3.011951E+00 4.360E-03
  3.011971E+00 3.533E-03
  3.011991E+00 2.896E-03
  3.012011E+00 2.393E-03
  3.012031E+00 1.990E-03
  3.012050E+00 1.662E-03
  3.012070E+00 1.394E-03
  3.012090E+00 1.184E-03
  3.012109E+00 1.056E-03
  3.012129E+00 1.107E-03
  3.012149E+00 1.733E-03
  3.012168E+00 5.159E-03
  3.012188E+00 4.484E-02
  3.012207E+00 2.871E-01
  3.012226E+00 2.446E-02
  3.012246E+00 1.077E-02
  3.012265E+00 6.849E-03
  3.012285E+00 5.069E-03
  3.012304E+00 4.047E-03
  3.012323E+00 3.364E-03
  3.012342E+00 2.850E-03
  3.012361E+00 2.427E-03
  3.012457E+00 6.417E-04
  3.012476E+00 3.386E-04
  3.012495E+00 2.191E-04
  3.012514E+00 7.681E-04
  3.012532E+00 4.064E-03
  3.012551E+00 2.412E-02
  3.012570E+00 4.725E-01
  3.012589E+00 3.884E-01
  3.012608E+00 7.574E-02
  3.012626E+00 3.959E-02
  3.012645E+00 2.813E-02
  3.012663E+00 2.356E-02
  3.012682E+00 2.235E-02
  3.012701E+00 2.402E-02
  3.012719E+00 2.991E-02
  3.012738E+00 4.517E-02
  3.012756E+00 8.971E-02
  3.012774E+00 2.899E-01
  3.012793E+00 5.598E+00
  3.012811E+00 1.330E+00
  3.012829E+00 2.563E-01
  3.012848E+00 1.184E-01
  3.012866E+00 7.375E-02
  3.012884E+00 5.337E-02
  3.012902E+00 4.217E-02
  3.012921E+00 3.526E-02
  3.012939E+00 3.065E-02
  3.012957E+00 2.739E-02
  3.012975E+00 2.498E-02
  3.013011E+00 2.169E-02
  3.013065E+00 1.878E-02
  3.013136E+00 1.663E-02
  3.013242E+00 1.488E-02
  3.013415E+00 1.277E-02
  3.013467E+00 1.152E-02
  3.013484E+00 1.081E-02
  3.013501E+00 9.792E-03
  3.013518E+00 8.247E-03
  3.013535E+00 6.242E-03
  3.013552E+00 5.450E-02
  3.013569E+00 8.381E-02
  3.013586E+00 3.379E-02
  3.013603E+00 2.557E-02
  3.013620E+00 2.238E-02
  3.013637E+00 2.071E-02
  3.013670E+00 1.905E-02
  3.013737E+00 1.784E-02
  3.013870E+00 1.752E-02
  3.014065E+00 1.863E-02
  3.014240E+00 2.096E-02
  3.014365E+00 2.390E-02
  3.014458E+00 2.740E-02
  3.014534E+00 3.186E-02
  3.014595E+00 3.723E-02
  3.014641E+00 4.308E-02
  3.014686E+00 5.161E-02
  3.014716E+00 5.974E-02
  3.014731E+00 6.491E-02
  3.014760E+00 7.858E-02
  3.014775E+00 8.779E-02
  3.014790E+00 9.932E-02
  3.014805E+00 1.141E-01
  3.014820E+00 1.335E-01
  3.014834E+00 1.597E-01
  3.014849E+00 1.967E-01
  3.014864E+00 2.513E-01
  3.014878E+00 3.375E-01
  3.014893E+00 4.859E-01
  3.014908E+00 7.756E-01
  3.014922E+00 1.458E+00
  3.014937E+00 3.567E+00
  3.014951E+00 9.224E+00
  3.014966E+00 4.808E+00
  3.014981E+00 1.623E+00
  3.014995E+00 7.331E-01
  3.015009E+00 4.056E-01
  3.015024E+00 2.565E-01
  3.015038E+00 1.793E-01
  3.015053E+00 1.369E-01
  3.015067E+00 1.147E-01
  3.015081E+00 1.078E-01
  3.015096E+00 1.189E-01
  3.015110E+00 1.695E-01
  3.015124E+00 3.987E-01
  3.015138E+00 6.509E+00
  3.015153E+00 9.065E-01
  3.015167E+00 1.454E-01
  3.015181E+00 5.570E-02
  3.015195E+00 2.923E-02
  3.015209E+00 1.803E-02
  3.015223E+00 1.224E-02
  3.015237E+00 8.843E-03
  3.015252E+00 6.665E-03
  3.015266E+00 5.179E-03
  3.015280E+00 4.118E-03
  3.015294E+00 3.334E-03
  3.015307E+00 2.738E-03
  3.015321E+00 2.275E-03
  3.015335E+00 1.909E-03
  3.015349E+00 1.617E-03
  3.015363E+00 1.382E-03
  3.015377E+00 1.198E-03
  3.015391E+00 1.067E-03
  3.015405E+00 1.015E-03
  3.015418E+00 1.131E-03
  3.015432E+00 1.750E-03
  3.015446E+00 4.694E-03
  3.015459E+00 3.699E-02
  3.015473E+00 1.938E-01
  3.015487E+00 1.658E-02
  3.015500E+00 7.102E-03
  3.015514E+00 4.412E-03
  3.015528E+00 3.203E-03
  3.015541E+00 2.514E-03
  3.015555E+00 2.057E-03
  3.015568E+00 1.716E-03
  3.015595E+00 1.197E-03
  3.015635E+00 5.608E-04
  3.015649E+00 3.856E-04
  3.015662E+00 2.820E-04
  3.015676E+00 3.878E-04
  3.015689E+00 1.156E-03
  3.015702E+00 4.458E-03
  3.015715E+00 2.273E-02
  3.015729E+00 4.426E-01
  3.015742E+00 2.841E-01
  3.015755E+00 5.668E-02
  3.015768E+00 2.960E-02
  3.015782E+00 2.118E-02
  3.015795E+00 1.808E-02
  3.015808E+00 1.777E-02
  3.015821E+00 2.018E-02
  3.015834E+00 2.719E-02
  3.015847E+00 4.595E-02
  3.015860E+00 1.099E-01
  3.015873E+00 5.766E-01
  3.015886E+00 1.244E+01
  3.015899E+00 3.446E-01
  3.015912E+00 1.170E-01
  3.015925E+00 6.392E-02
  3.015938E+00 4.299E-02
  3.015951E+00 3.243E-02
  3.015964E+00 2.627E-02
  3.015976E+00 2.232E-02
  3.015989E+00 1.960E-02
  3.016002E+00 1.764E-02
  3.016015E+00 1.617E-02
  3.016040E+00 1.413E-02
  3.016078E+00 1.230E-02
  3.016129E+00 1.094E-02
  3.016204E+00 9.825E-03
  3.016328E+00 8.496E-03
  3.016365E+00 7.724E-03
  3.016377E+00 7.303E-03
  3.016389E+00 6.715E-03
  3.016401E+00 5.855E-03
  3.016413E+00 4.635E-03
  3.016425E+00 6.232E-03
  3.016437E+00 5.805E-01
  3.016450E+00 3.246E-02
  3.016462E+00 2.016E-02
  3.016474E+00 1.656E-02
  3.016486E+00 1.490E-02
  3.016498E+00 1.397E-02
  3.016522E+00 1.298E-02
  3.016569E+00 1.225E-02
  3.016664E+00 1.215E-02
  3.016792E+00 1.299E-02
  3.016906E+00 1.455E-02
  3.016996E+00 1.663E-02
  3.017063E+00 1.907E-02
  3.017119E+00 2.214E-02
  3.017163E+00 2.577E-02
  3.017206E+00 3.129E-02
  3.017239E+00 3.765E-02
  3.017260E+00 4.372E-02
  3.017282E+00 5.220E-02
  3.017293E+00 5.780E-02
  3.017304E+00 6.468E-02
  3.017314E+00 7.332E-02
  3.017325E+00 8.437E-02
  3.017336E+00 9.889E-02
  3.017346E+00 1.186E-01
  3.017357E+00 1.463E-01
  3.017368E+00 1.874E-01
  3.017378E+00 2.522E-01
  3.017389E+00 3.640E-01
  3.017400E+00 5.825E-01
  3.017410E+00 1.098E+00
  3.017421E+00 2.693E+00
  3.017431E+00 6.948E+00
  3.017442E+00 3.615E+00
  3.017452E+00 1.226E+00
  3.017463E+00 5.560E-01
  3.017473E+00 3.086E-01
  3.017484E+00 1.957E-01
  3.017494E+00 1.372E-01
  3.017505E+00 1.051E-01
  3.017515E+00 8.842E-02
  3.017525E+00 8.345E-02
  3.017536E+00 9.270E-02
  3.017546E+00 1.337E-01
  3.017557E+00 3.217E-01
  3.017567E+00 6.072E+00
  3.017577E+00 6.722E-01
  3.017588E+00 1.131E-01
  3.021149E+00 9.768E-01
  3.024479E+00 7.583E-01
  3.027779E+00 5.611E-01
  3.027789E+00 9.867E-01
  3.031907E+00 7.639E-01
  3.035979E+00 6.125E-01
  3.040006E+00 5.046E-01
  3.043989E+00 4.247E-01
  3.047928E+00 3.638E-01
  3.051825E+00 3.161E-01
  3.055678E+00 2.780E-01
  3.059491E+00 2.470E-01
  3.066992E+00 1.999E-01
  3.074333E+00 1.661E-01
  3.081519E+00 1.408E-01
  3.092016E+00 1.131E-01
  3.102187E+00 9.324E-02
  3.115264E+00 7.426E-02
  3.127815E+00 6.078E-02
  3.142806E+00 4.882E-02
  3.159839E+00 3.901E-02
  3.178491E+00 3.136E-02
  3.198338E+00 2.559E-02
  3.221159E+00 2.092E-02
  3.245963E+00 1.744E-02
  3.271811E+00 1.509E-02
  3.294798E+00 1.399E-02
  3.312535E+00 1.399E-02
  3.324786E+00 1.486E-02
  3.332497E+00 1.626E-02
  3.337448E+00 1.793E-02
  3.341066E+00 1.987E-02
  3.344604E+00 2.281E-02
  3.348065E+00 2.731E-02
  3.351452E+00 3.381E-02
  3.354766E+00 4.053E-02
  3.355855E+00 4.178E-02
  3.356936E+00 4.209E-02
  3.359075E+00 3.991E-02
  3.362228E+00 3.402E-02
  3.364292E+00 3.188E-02
  3.365314E+00 3.189E-02
  3.366329E+00 3.287E-02
  3.367336E+00 3.518E-02
  3.368336E+00 3.958E-02
  3.369330E+00 4.768E-02
  3.370316E+00 6.364E-02
  3.371296E+00 1.007E-01
  3.372269E+00 2.212E-01
  3.373236E+00 1.080E+00
  3.374195E+00 9.442E-01
  3.375149E+00 1.511E-01
  3.376095E+00 5.565E-02
  3.377036E+00 2.988E-02
  3.377969E+00 1.991E-02
  3.378897E+00 1.525E-02
  3.379818E+00 1.280E-02
  3.380733E+00 1.142E-02
  3.381642E+00 1.061E-02
  3.382545E+00 1.012E-02
  3.384333E+00 9.687E-03
  3.387837E+00 9.733E-03
  3.392922E+00 1.065E-02
  3.397811E+00 1.223E-02
  3.401743E+00 1.424E-02
  3.404800E+00 1.662E-02
  3.407042E+00 1.917E-02
  3.409241E+00 2.280E-02
  3.410685E+00 2.618E-02
  3.412111E+00 3.072E-02
  3.413520E+00 3.704E-02
  3.414217E+00 4.116E-02
  3.414911E+00 4.612E-02
  3.415600E+00 5.216E-02
  3.416285E+00 5.954E-02
  3.416965E+00 6.855E-02
  3.417642E+00 7.946E-02
  3.418983E+00 1.069E-01
  3.419647E+00 1.216E-01
  3.420307E+00 1.337E-01
  3.420964E+00 1.394E-01
  3.421616E+00 1.359E-01
  3.422264E+00 1.236E-01
  3.424186E+00 7.158E-02
  3.424819E+00 5.791E-02
  3.425449E+00 4.704E-02
  3.426074E+00 3.857E-02
  3.426696E+00 3.201E-02
  3.427314E+00 2.691E-02
  3.427929E+00 2.293E-02
  3.428540E+00 1.980E-02
  3.429147E+00 1.731E-02
  3.429751E+00 1.533E-02
  3.430351E+00 1.373E-02
  3.431541E+00 1.137E-02
  3.432717E+00 9.784E-03
  3.433879E+00 8.697E-03
  3.435598E+00 7.665E-03
  3.437843E+00 6.955E-03
  3.440579E+00 6.657E-03
  3.444281E+00 6.826E-03
  3.448339E+00 7.545E-03
  3.451745E+00 8.646E-03
  3.453634E+00 9.690E-03
  3.454563E+00 1.065E-02
  3.455024E+00 1.156E-02
  3.455483E+00 1.361E-02
  3.455939E+00 2.227E-02
  3.456392E+00 1.074E+00
  3.456843E+00 2.428E-02
  3.457292E+00 1.385E-02
  3.457738E+00 1.248E-02
  3.458182E+00 1.229E-02
  3.459063E+00 1.272E-02
  3.460797E+00 1.447E-02
  3.462495E+00 1.698E-02
  3.464158E+00 2.055E-02
  3.465383E+00 2.431E-02
  3.466589E+00 2.956E-02
  3.467383E+00 3.433E-02
  3.468169E+00 4.065E-02
  3.468947E+00 4.927E-02
  3.469333E+00 5.481E-02
  3.469717E+00 6.150E-02
  3.470099E+00 6.971E-02
  3.470479E+00 8.008E-02
  3.470857E+00 9.379E-02
  3.471233E+00 1.136E-01
  3.471608E+00 1.479E-01
  3.471980E+00 2.323E-01
  3.472351E+00 6.669E-01
  3.472720E+00 6.691E+00
  3.473087E+00 6.541E-01
  3.473452E+00 2.946E-01
  3.473815E+00 2.084E-01
  3.474177E+00 1.675E-01
  3.474537E+00 1.399E-01
  3.474895E+00 1.182E-01
  3.475251E+00 1.006E-01
  3.475606E+00 8.617E-02
  3.475958E+00 7.450E-02
  3.476309E+00 6.514E-02
  3.476659E+00 5.768E-02
  3.477006E+00 5.179E-02
  3.477352E+00 4.716E-02
  3.478039E+00 4.083E-02
  3.478719E+00 3.735E-02
  3.479393E+00 3.592E-02
  3.480060E+00 3.612E-02
  3.481048E+00 3.905E-02
  3.482023E+00 4.524E-02
  3.482665E+00 5.149E-02
  3.483301E+00 5.988E-02
  3.483931E+00 7.091E-02
  3.484554E+00 8.516E-02
  3.485173E+00 1.031E-01
  3.486992E+00 1.684E-01
  3.487588E+00 1.819E-01
  3.488762E+00 1.880E-01
  3.489052E+00 2.021E-01
  3.489341E+00 3.173E-01
  3.489629E+00 2.780E-01
  3.489915E+00 1.046E-01
  3.490766E+00 1.064E-01
  3.491047E+00 1.096E-01
  3.491327E+00 1.162E-01
  3.491605E+00 1.282E-01
  3.491882E+00 1.489E-01
  3.492158E+00 1.855E-01
  3.492433E+00 2.538E-01
  3.492706E+00 3.970E-01
  3.492979E+00 7.678E-01
  3.493250E+00 2.207E+00
  3.493520E+00 1.117E+01
  3.493788E+00 3.628E+00
  3.494056E+00 1.535E+00
  3.494322E+00 5.538E-01
  3.494587E+00 2.832E-01
  3.494851E+00 1.817E-01
  3.495113E+00 1.295E-01
  3.495375E+00 9.868E-02
  3.495635E+00 7.881E-02
  3.495894E+00 6.520E-02
  3.496152E+00 5.541E-02
  3.496409E+00 4.812E-02
  3.496665E+00 4.252E-02
  3.496920E+00 3.812E-02
  3.497425E+00 3.171E-02
  3.497927E+00 2.736E-02
  3.498671E+00 2.309E-02
  3.499405E+00 2.046E-02
  3.500370E+00 1.850E-02
  3.501317E+00 1.777E-02
  3.502249E+00 1.808E-02
  3.503165E+00 1.952E-02
  3.503842E+00 2.157E-02
  3.504510E+00 2.490E-02
  3.504951E+00 2.820E-02
  3.505388E+00 3.285E-02
  3.505821E+00 3.962E-02
  3.506037E+00 4.420E-02
  3.506251E+00 4.993E-02
  3.506465E+00 5.721E-02
  3.506678E+00 6.660E-02
  3.506890E+00 7.896E-02
  3.507100E+00 9.549E-02
  3.507311E+00 1.178E-01
  3.507520E+00 1.478E-01
  3.507936E+00 2.274E-01
  3.508142E+00 2.553E-01
  3.508348E+00 2.473E-01
  3.508553E+00 2.042E-01
  3.508757E+00 1.513E-01
  3.508960E+00 1.074E-01
  3.509163E+00 7.609E-02
  3.509365E+00 5.501E-02
  3.509565E+00 4.093E-02
  3.509765E+00 3.147E-02
  3.509964E+00 2.508E-02
  3.510163E+00 2.077E-02
  3.510360E+00 1.793E-02
  3.510557E+00 1.619E-02
  3.510753E+00 1.530E-02
  3.510948E+00 1.516E-02
  3.511143E+00 1.574E-02
  3.511336E+00 1.710E-02
  3.511529E+00 1.939E-02
  3.511721E+00 2.292E-02
  3.511913E+00 2.826E-02
  3.512103E+00 3.640E-02
  3.512293E+00 4.924E-02
  3.512482E+00 7.043E-02
  3.512670E+00 1.073E-01
  3.512858E+00 1.725E-01
  3.513044E+00 2.711E-01
  3.513230E+00 3.299E-01
  3.513416E+00 2.607E-01
  3.513600E+00 1.642E-01
  3.513784E+00 1.024E-01
  3.513967E+00 6.756E-02
  3.514150E+00 4.739E-02
  3.514331E+00 3.504E-02
  3.514512E+00 2.708E-02
  3.514692E+00 2.171E-02
  3.514872E+00 1.795E-02
  3.515051E+00 1.525E-02
  3.515229E+00 1.327E-02
  3.515406E+00 1.179E-02
  3.515583E+00 1.068E-02
  3.515759E+00 9.833E-03
  3.516109E+00 8.723E-03
  3.516456E+00 8.144E-03
  3.516801E+00 7.950E-03
  3.517143E+00 8.170E-03
  3.517313E+00 8.585E-03
  3.517482E+00 9.595E-03
  3.517651E+00 1.279E-02
  3.517819E+00 3.141E-02
  3.517986E+00 1.073E+00
  3.518153E+00 5.601E-02
  3.518319E+00 2.439E-02
  3.518485E+00 1.827E-02
  3.518650E+00 1.626E-02
  3.518814E+00 1.556E-02
  3.518978E+00 1.545E-02
  3.519303E+00 1.612E-02
  3.519786E+00 1.846E-02
  3.520264E+00 2.229E-02
  3.520580E+00 2.597E-02
  3.520893E+00 3.101E-02
  3.521049E+00 3.427E-02
  3.521204E+00 3.821E-02
  3.521359E+00 4.302E-02
  3.521513E+00 4.900E-02
  3.521666E+00 5.655E-02
  3.521819E+00 6.621E-02
  3.521972E+00 7.872E-02
  3.522123E+00 9.490E-02
  3.522275E+00 1.152E-01
  3.522425E+00 1.385E-01
  3.522575E+00 1.589E-01
  3.522725E+00 1.656E-01
  3.522874E+00 1.512E-01
  3.523170E+00 9.404E-02
  3.523317E+00 7.212E-02
  3.523464E+00 5.773E-02
  3.523610E+00 4.943E-02
  3.523756E+00 4.586E-02
  3.523901E+00 4.652E-02
  3.524046E+00 5.300E-02
  3.524190E+00 1.037E-01
  3.524334E+00 6.043E-02
  3.524477E+00 8.067E-02
  3.524619E+00 1.204E-01
  3.524761E+00 2.037E-01
  3.524903E+00 4.315E-01
  3.525044E+00 1.524E+00
  3.525185E+00 2.347E+01
  3.525325E+00 1.539E+00
  3.525464E+00 4.147E-01
  3.525603E+00 7.427E-01
  3.525742E+00 3.095E+00
  3.525880E+00 6.106E-01
  3.526017E+00 2.996E-01
  3.526154E+00 2.011E-01
  3.526291E+00 1.558E-01
  3.526427E+00 1.311E-01
  3.526562E+00 1.165E-01
  3.526697E+00 1.075E-01
  3.526832E+00 1.020E-01
  3.527099E+00 9.755E-02
  3.527365E+00 9.845E-02
  3.527761E+00 1.063E-01
  3.528152E+00 1.201E-01
  3.528667E+00 1.466E-01
  3.529300E+00 1.855E-01
  3.529551E+00 1.946E-01
  3.529675E+00 1.942E-01
  3.529799E+00 1.884E-01
  3.529923E+00 1.752E-01
  3.530046E+00 1.535E-01
  3.530169E+00 1.271E-01
  3.530292E+00 1.175E-01
  3.530414E+00 2.083E-01
  3.530535E+00 6.418E-01
  3.530656E+00 1.642E+00
  3.530777E+00 2.471E+00
  3.530897E+00 2.535E+00
  3.531256E+00 1.782E+00
  3.531493E+00 1.407E+00
  3.531728E+00 1.131E+00
  3.531962E+00 9.326E-01
  3.532194E+00 8.030E-01
  3.532309E+00 7.636E-01
  3.532425E+00 7.428E-01
  3.532539E+00 7.436E-01
  3.532654E+00 7.726E-01
  3.532767E+00 8.419E-01
  3.532881E+00 9.761E-01
  3.532994E+00 1.227E+00
  3.533107E+00 1.722E+00
  3.533219E+00 2.827E+00
  3.533331E+00 5.949E+00
  3.533443E+00 1.898E+01
  3.533554E+00 3.950E+01
  3.533665E+00 1.092E+01
  3.533776E+00 4.032E+00
  3.533886E+00 2.052E+00
  3.533996E+00 1.239E+00
  3.534105E+00 8.153E-01
  3.534214E+00 7.812E-01
  3.534323E+00 6.000E-01
  3.534431E+00 4.695E-01
  3.534539E+00 3.868E-01
  3.534647E+00 3.288E-01
  3.534754E+00 2.858E-01
  3.534861E+00 2.527E-01
  3.534968E+00 2.265E-01
  3.535180E+00 1.881E-01
  3.535391E+00 1.616E-01
  3.535704E+00 1.355E-01
  3.536015E+00 1.194E-01
  3.536322E+00 1.103E-01
  3.536626E+00 1.065E-01
  3.536928E+00 1.078E-01
  3.537226E+00 1.146E-01
  3.537522E+00 1.286E-01
  3.537718E+00 1.433E-01
  3.537912E+00 1.639E-01
  3.538105E+00 1.923E-01
  3.538297E+00 2.303E-01
  3.538582E+00 2.971E-01
  3.538771E+00 3.168E-01
  3.538865E+00 4.697E-01
  3.538959E+00 1.233E+00
  3.539052E+00 1.890E+00
  3.539145E+00 2.166E+00
  3.539238E+00 2.284E+00
  3.539330E+00 2.224E+00
  3.539423E+00 1.975E+00
  3.539606E+00 1.269E+00
  3.539697E+00 9.741E-01
  3.539788E+00 7.468E-01
  3.539879E+00 5.777E-01
  3.539970E+00 4.527E-01
  3.540060E+00 3.598E-01
  3.540150E+00 2.899E-01
  3.540239E+00 2.365E-01
  3.540329E+00 1.951E-01
  3.540418E+00 1.626E-01
  3.540507E+00 1.368E-01
  3.540595E+00 1.159E-01
  3.540683E+00 9.893E-02
  3.540771E+00 8.494E-02
  3.540859E+00 7.331E-02
  3.540947E+00 6.358E-02
  3.541034E+00 5.537E-02
  3.541207E+00 4.245E-02
  3.541380E+00 3.297E-02
  3.541551E+00 2.591E-02
  3.541721E+00 2.070E-02
  3.541806E+00 1.878E-02
  3.541891E+00 1.761E-02
  3.541975E+00 1.843E-02
  3.542059E+00 2.907E-02
  3.542143E+00 1.249E-01
  3.542226E+00 9.573E-02
  3.542310E+00 4.269E-02
  3.542393E+00 2.940E-02
  3.542475E+00 2.417E-02
  3.542558E+00 2.158E-02
  3.542640E+00 2.015E-02
  3.542804E+00 1.877E-02
  3.542967E+00 1.830E-02
  3.543048E+00 2.308E-02
  3.543128E+00 2.471E-01
  3.543289E+00 7.846E-02
  3.543369E+00 6.537E-02
  3.543449E+00 6.331E-02
  3.543529E+00 6.531E-02
  3.543608E+00 6.971E-02
  3.543687E+00 7.601E-02
  3.543766E+00 8.413E-02
  3.543923E+00 1.060E-01
  3.544157E+00 1.476E-01
  3.544234E+00 1.564E-01
  3.544311E+00 1.560E-01
  3.544388E+00 1.437E-01
  3.544465E+00 1.220E-01
  3.544542E+00 9.747E-02
  3.544618E+00 7.604E-02
  3.544694E+00 6.034E-02
  3.544770E+00 5.046E-02
  3.544846E+00 4.542E-02
  3.544921E+00 4.415E-02
  3.544996E+00 4.583E-02
  3.545071E+00 4.990E-02
  3.545146E+00 5.607E-02
  3.545220E+00 6.425E-02
  3.545295E+00 7.457E-02
  3.545369E+00 8.731E-02
  3.545443E+00 1.030E-01
  3.545516E+00 1.226E-01
  3.545590E+00 1.473E-01
  3.545663E+00 1.792E-01
  3.545736E+00 2.220E-01
  3.545809E+00 2.814E-01
  3.545882E+00 3.682E-01
  3.545954E+00 5.034E-01
  3.546026E+00 7.327E-01
  3.546098E+00 1.170E+00
  3.546170E+00 2.168E+00
  3.546242E+00 5.279E+00
  3.546313E+00 2.481E+01
  3.546384E+00 1.274E+02
  3.546455E+00 1.304E+01
  3.546526E+00 4.491E+00
  3.546596E+00 2.403E+00
  3.546667E+00 1.595E+00
  3.546737E+00 1.205E+00
  3.546807E+00 9.932E-01
  3.546877E+00 8.709E-01
  3.546946E+00 7.994E-01
  3.547015E+00 7.594E-01
  3.547085E+00 7.407E-01
  3.547222E+00 7.455E-01
  3.547359E+00 7.885E-01
  3.547563E+00 9.053E-01
  3.547698E+00 1.027E+00
  3.547765E+00 1.133E+00
  3.547832E+00 1.409E+00
  3.547899E+00 2.673E+00
  3.547966E+00 2.349E+00
  3.548032E+00 1.613E+00
  3.548098E+00 1.411E+00
  3.548296E+00 1.135E+00
  3.548362E+00 1.140E+00
  3.548427E+00 1.477E+00
  3.548492E+00 2.886E+00
  3.548557E+00 7.374E+00
  3.548622E+00 1.859E+01
  3.548687E+00 3.405E+01
  3.548751E+00 3.959E+01
  3.548815E+00 3.536E+01
  3.548879E+00 2.963E+01
  3.548943E+00 2.489E+01
  3.549007E+00 2.122E+01
  3.549070E+00 1.835E+01
  3.549134E+00 1.606E+01
  3.549197E+00 1.420E+01
  3.549260E+00 1.268E+01
  3.549385E+00 1.044E+01
  3.549448E+00 9.657E+00
  3.549510E+00 9.079E+00
  3.549572E+00 8.708E+00
  3.549634E+00 8.565E+00
  3.549696E+00 8.700E+00
  3.549758E+00 9.213E+00
  3.549819E+00 1.030E+01
  3.549881E+00 1.236E+01
  3.549942E+00 1.631E+01
  3.550003E+00 2.451E+01
  3.550064E+00 4.463E+01
  3.550124E+00 1.110E+02
  3.550185E+00 4.041E+02
  3.550245E+00 2.924E+02
  3.550305E+00 8.788E+01
  3.550365E+00 3.952E+01
  3.550425E+00 2.269E+01
  3.550484E+00 1.494E+01
  3.550544E+00 1.059E+01
  3.550603E+00 7.972E+00
  3.550662E+00 1.005E+01
  3.550721E+00 7.487E+00
  3.550780E+00 6.139E+00
  3.550839E+00 5.298E+00
  3.550898E+00 4.702E+00
  3.550956E+00 4.251E+00
  3.551072E+00 3.616E+00
  3.551188E+00 3.198E+00
  3.551360E+00 2.807E+00
  3.551531E+00 2.597E+00
  3.551701E+00 2.521E+00
  3.551869E+00 2.571E+00
  3.552036E+00 2.767E+00
  3.552201E+00 3.170E+00
  3.552311E+00 3.612E+00
  3.552420E+00 4.272E+00
  3.552474E+00 4.719E+00
  3.552528E+00 5.271E+00
  3.552582E+00 5.960E+00
  3.552636E+00 6.829E+00
  3.552690E+00 7.938E+00
  3.552744E+00 9.377E+00
  3.552797E+00 1.129E+01
  3.552850E+00 1.391E+01
  3.552903E+00 1.777E+01
  3.552957E+00 2.435E+01
  3.553009E+00 4.016E+01
  3.553062E+00 1.156E+02
  3.553115E+00 5.044E+02
  3.553167E+00 1.809E+02
  3.553220E+00 9.759E+01
  3.553272E+00 6.901E+01
  3.553324E+00 5.253E+01
  3.553376E+00 4.095E+01
  3.553428E+00 3.242E+01
  3.553479E+00 2.608E+01
  3.553531E+00 2.135E+01
  3.553582E+00 1.778E+01
  3.553634E+00 1.506E+01
  3.553685E+00 1.295E+01
  3.553736E+00 1.129E+01
  3.553787E+00 9.980E+00
  3.553837E+00 8.923E+00
  3.553939E+00 7.362E+00
  3.554039E+00 6.305E+00
  3.554139E+00 5.590E+00
  3.554239E+00 5.140E+00
  3.554338E+00 4.964E+00
  3.554387E+00 5.025E+00
  3.554436E+00 5.266E+00
  3.554485E+00 5.827E+00
  3.554534E+00 6.057E+00
  3.554583E+00 1.568E+00
  3.554632E+00 1.247E+00
  3.554681E+00 1.714E+00
  3.554729E+00 2.003E+00
  3.554777E+00 2.182E+00
  3.554922E+00 2.531E+00
  3.554970E+00 2.684E+00
  3.555017E+00 2.936E+00
  3.555065E+00 3.491E+00
  3.555112E+00 5.625E+00
  3.555160E+00 1.959E+02
  3.555207E+00 4.484E+00
  3.555254E+00 2.635E+00
  3.555301E+00 2.564E+00
  3.555348E+00 2.707E+00
  3.555395E+00 2.947E+00
  3.555442E+00 3.290E+00
  3.555488E+00 3.783E+00
  3.555535E+00 4.524E+00
  3.555581E+00 5.719E+00
  3.555627E+00 7.884E+00
  3.555673E+00 1.272E+01
  3.555719E+00 3.010E+01
  3.555765E+00 2.862E+02
  3.555811E+00 6.593E+01
  3.555856E+00 9.927E+01
  3.555902E+00 6.183E+02
  3.555947E+00 5.348E+01
  3.555993E+00 1.741E+01
  3.556038E+00 1.076E+01
  3.556083E+00 8.810E+00
  3.556128E+00 7.974E+00
  3.556262E+00 6.500E+00
  3.556395E+00 5.524E+00
  3.556527E+00 4.986E+00
  3.556659E+00 4.763E+00
  3.556789E+00 4.785E+00
  3.556918E+00 5.053E+00
  3.557047E+00 5.666E+00
  3.557132E+00 6.407E+00
  3.557174E+00 6.948E+00
  3.557216E+00 7.668E+00
  3.557259E+00 8.652E+00
  3.557301E+00 1.005E+01
  3.557343E+00 1.214E+01
  3.557385E+00 1.547E+01
  3.557426E+00 2.133E+01
  3.557468E+00 3.316E+01
  3.557510E+00 6.329E+01
  3.557551E+00 1.847E+02
  3.557592E+00 1.908E+03
  3.557634E+00 4.738E+02
  3.557675E+00 9.842E+01
  3.557716E+00 4.252E+01
  3.557757E+00 2.488E+01
  3.557798E+00 1.725E+01
  3.557839E+00 1.334E+01
  3.557879E+00 1.112E+01
  3.557920E+00 9.779E+00
  3.557960E+00 8.948E+00
  3.558001E+00 8.434E+00
  3.558081E+00 7.987E+00
  3.558161E+00 8.092E+00
  3.558201E+00 8.390E+00
  3.558241E+00 9.001E+00
  3.558281E+00 1.033E+01
  3.558321E+00 1.379E+01
  3.558360E+00 2.603E+01
  3.558399E+00 6.134E+01
  3.558439E+00 3.245E+01
  3.558478E+00 1.861E+01
  3.558517E+00 1.962E+01
  3.558556E+00 3.547E+01
  3.558595E+00 9.586E+01
  3.558634E+00 2.377E+02
  3.558673E+00 2.313E+02
  3.558712E+00 1.489E+02
  3.558750E+00 1.031E+02
  3.558789E+00 7.918E+01
  3.558827E+00 6.413E+01
  3.558866E+00 5.358E+01
  3.558904E+00 4.572E+01
  3.558942E+00 3.945E+01
  3.558980E+00 3.427E+01
  3.559018E+00 2.991E+01
  3.559056E+00 2.620E+01
  3.559094E+00 2.306E+01
  3.559169E+00 1.820E+01
  3.559244E+00 1.493E+01
  3.559282E+00 1.382E+01
  3.559319E+00 1.304E+01
  3.559356E+00 1.262E+01
  3.559393E+00 1.261E+01
  3.559430E+00 1.313E+01
  3.559467E+00 1.440E+01
  3.559504E+00 1.688E+01
  3.559541E+00 2.156E+01
  3.559577E+00 3.087E+01
  3.559614E+00 5.205E+01
  3.559651E+00 1.137E+02
  3.559687E+00 3.745E+02
  3.559723E+00 5.746E+02
  3.559760E+00 1.572E+02
  3.559796E+00 6.040E+01
  3.559832E+00 3.094E+01
  3.559868E+00 1.864E+01
  3.559904E+00 1.317E+01
  3.559940E+00 1.951E+01
  3.559975E+00 1.752E+01
  3.560011E+00 1.036E+01
  3.560047E+00 7.527E+00
  3.560082E+00 5.964E+00
  3.560118E+00 4.941E+00
  3.560153E+00 4.208E+00
  3.560188E+00 3.655E+00
  3.560223E+00 3.223E+00
  3.560294E+00 2.592E+00
  3.560363E+00 2.159E+00
  3.560433E+00 1.849E+00
  3.560502E+00 1.622E+00
  3.560605E+00 1.390E+00
  3.560708E+00 1.255E+00
  3.560810E+00 1.200E+00
  3.560911E+00 1.230E+00
  3.560978E+00 1.310E+00
  3.561045E+00 1.461E+00
  3.561078E+00 1.575E+00
  3.561111E+00 1.726E+00
  3.561144E+00 1.927E+00
  3.561177E+00 2.201E+00
  3.561210E+00 2.586E+00
  3.561243E+00 3.153E+00
  3.561276E+00 4.059E+00
  3.561309E+00 5.723E+00
  3.561341E+00 9.638E+00
  3.561374E+00 2.469E+01
  3.561407E+00 1.316E+02
  3.561439E+00 3.789E+01
  3.561471E+00 1.414E+01
  3.561504E+00 8.974E+00
  3.561536E+00 6.659E+00
  3.561568E+00 5.112E+00
  3.561600E+00 3.945E+00
  3.561632E+00 3.059E+00
  3.561664E+00 2.395E+00
  3.561696E+00 1.900E+00
  3.561728E+00 1.530E+00
  3.561760E+00 1.250E+00
  3.561791E+00 1.037E+00
  3.561823E+00 8.709E-01
  3.561854E+00 7.410E-01
  3.561886E+00 6.380E-01
  3.561917E+00 5.555E-01
  3.561949E+00 4.890E-01
  3.561980E+00 4.352E-01
  3.562011E+00 3.918E-01
  3.562042E+00 3.572E-01
  3.562073E+00 3.307E-01
  3.562104E+00 3.122E-01
  3.562135E+00 3.030E-01
  3.562166E+00 3.072E-01
  3.562197E+00 3.357E-01
  3.562228E+00 4.139E-01
  3.562258E+00 4.096E-01
  3.562289E+00 8.621E-02
  3.562319E+00 4.050E-02
  3.562350E+00 4.391E-02
  3.562380E+00 4.828E-02
  3.562410E+00 5.053E-02
  3.562531E+00 5.273E-02
  3.562561E+00 5.658E-02
  3.562591E+00 7.156E-02
  3.562621E+00 2.449E-01
  3.562651E+00 9.456E-02
  3.562680E+00 3.278E-02
  3.562710E+00 3.037E-02
  3.562740E+00 3.064E-02
  3.562799E+00 3.296E-02
  3.562828E+00 3.506E-02
  3.562858E+00 3.809E-02
  3.562887E+00 4.237E-02
  3.562916E+00 4.834E-02
  3.562945E+00 5.660E-02
  3.562974E+00 6.790E-02
  3.563003E+00 8.314E-02
  3.563032E+00 1.031E-01
  3.563061E+00 1.280E-01
  3.563119E+00 1.838E-01
  3.563205E+00 2.430E-01
  3.563233E+00 2.134E-01
  3.563290E+00 1.778E-01
  3.563347E+00 1.518E-01
  3.563403E+00 1.348E-01
  3.563460E+00 1.249E-01
  3.563544E+00 1.193E-01
  3.563627E+00 1.217E-01
  3.563710E+00 1.307E-01
  3.563792E+00 1.464E-01
  3.563874E+00 1.707E-01
  3.563928E+00 1.939E-01
  3.563982E+00 2.258E-01
  3.564036E+00 2.722E-01
  3.564063E+00 3.041E-01
  3.564089E+00 3.451E-01
  3.564116E+00 3.998E-01
  3.564143E+00 4.760E-01
  3.564169E+00 5.880E-01
  3.564196E+00 7.658E-01
  3.564222E+00 1.078E+00
  3.564249E+00 1.716E+00
  3.564275E+00 3.386E+00
  3.564301E+00 1.060E+01
  3.564327E+00 1.341E+02
  3.564354E+00 2.047E+01
  3.564380E+00 4.810E+00
  3.564406E+00 2.235E+00
  3.564432E+00 1.397E+00
  3.564458E+00 1.035E+00
  3.564484E+00 8.566E-01
  3.564510E+00 7.651E-01
  3.564536E+00 7.217E-01
  3.564561E+00 7.093E-01
  3.564587E+00 7.205E-01
  3.564613E+00 7.540E-01
  3.564638E+00 8.140E-01
  3.564664E+00 9.136E-01
  3.564689E+00 1.085E+00
  3.564715E+00 1.416E+00
  3.564740E+00 2.179E+00
  3.564766E+00 4.532E+00
  3.564791E+00 1.124E+01
  3.564816E+00 1.182E+01
  3.564841E+00 3.032E+01
  3.564866E+00 3.208E+01
  3.564892E+00 1.479E+01
  3.564917E+00 8.923E+00
  3.564942E+00 6.545E+00
  3.564967E+00 5.331E+00
  3.564991E+00 4.586E+00
  3.565016E+00 4.066E+00
  3.565041E+00 3.811E+00
  3.565090E+00 3.103E+00
  3.565164E+00 2.328E+00
  3.565213E+00 1.925E+00
  3.565262E+00 1.616E+00
  3.565310E+00 1.403E+00
  3.565359E+00 1.293E+00
  3.565383E+00 1.283E+00
  3.565407E+00 1.313E+00
  3.565431E+00 1.395E+00
  3.565455E+00 1.553E+00
  3.565479E+00 1.833E+00
  3.565503E+00 2.325E+00
  3.565526E+00 3.235E+00
  3.565550E+00 5.099E+00
  3.565574E+00 9.665E+00
  3.565598E+00 2.492E+01
  3.565621E+00 8.954E+01
  3.565645E+00 5.468E+01
  3.565668E+00 1.637E+01
  3.565692E+00 7.235E+00
  3.565715E+00 4.085E+00
  3.565739E+00 2.963E+00
  3.565762E+00 4.497E+00
  3.565785E+00 5.400E+00
  3.565808E+00 2.756E+00
  3.565832E+00 1.803E+00
  3.565855E+00 1.354E+00
  3.565878E+00 1.089E+00
  3.565901E+00 9.113E-01
  3.565924E+00 7.839E-01
  3.565947E+00 6.876E-01
  3.565970E+00 6.125E-01
  3.565993E+00 5.524E-01
  3.566038E+00 4.629E-01
  3.566084E+00 4.006E-01
  3.566129E+00 3.562E-01
  3.566197E+00 3.127E-01
  3.566264E+00 2.901E-01
  3.566331E+00 2.863E-01
  3.566375E+00 2.956E-01
  3.566419E+00 3.175E-01
  3.566463E+00 3.581E-01
  3.566485E+00 3.889E-01
  3.566507E+00 4.301E-01
  3.566529E+00 4.858E-01
  3.566550E+00 5.631E-01
  3.566572E+00 6.745E-01
  3.566594E+00 8.446E-01
  3.566615E+00 1.127E+00
  3.566637E+00 1.668E+00
  3.566659E+00 2.984E+00
  3.566680E+00 8.071E+00
  3.566702E+00 4.330E+01
  3.566723E+00 1.174E+01
  3.566745E+00 3.924E+00
  3.566766E+00 2.398E+00
  3.566787E+00 1.828E+00
  3.566809E+00 1.473E+00
  3.566830E+00 1.187E+00
  3.566851E+00 9.496E-01
  3.566872E+00 7.600E-01
  3.566893E+00 6.128E-01
  3.566914E+00 5.001E-01
  3.566935E+00 4.138E-01
  3.566956E+00 3.473E-01
  3.566977E+00 2.957E-01
  3.566998E+00 2.552E-01
  3.567019E+00 2.231E-01
  3.567040E+00 1.975E-01
  3.567061E+00 1.770E-01
  3.567102E+00 1.474E-01
  3.567123E+00 1.374E-01
  3.567144E+00 1.302E-01
  3.567164E+00 1.261E-01
  3.567185E+00 1.261E-01
  3.567205E+00 1.325E-01
  3.567226E+00 1.515E-01
  3.567246E+00 1.952E-01
  3.567267E+00 1.553E-01
  3.567287E+00 3.332E-02
  3.567307E+00 2.124E-02
  3.567348E+00 2.605E-02
  3.567388E+00 2.907E-02
  3.567428E+00 3.169E-02
  3.567449E+00 3.434E-02
  3.567469E+00 4.118E-02
  3.567489E+00 8.006E-02
  3.567508E+00 2.781E-01
  3.567528E+00 2.707E-02
  3.567548E+00 2.462E-02
  3.567568E+00 2.566E-02
  3.567608E+00 2.945E-02
  3.567627E+00 3.220E-02
  3.567647E+00 3.576E-02
  3.567667E+00 4.044E-02
  3.567686E+00 4.662E-02
  3.567706E+00 5.479E-02
  3.567725E+00 6.553E-02
  3.567745E+00 7.937E-02
  3.567784E+00 1.161E-01
  3.567803E+00 1.355E-01
  3.567823E+00 1.507E-01
  3.567842E+00 1.580E-01
  3.567880E+00 1.537E-01
  3.567900E+00 1.646E-01
  3.567919E+00 1.864E-01
  3.567938E+00 1.124E-01
  3.567957E+00 9.425E-02
  3.567976E+00 8.452E-02
  3.567995E+00 7.753E-02
  3.568033E+00 6.804E-02
  3.568071E+00 6.237E-02
  3.568127E+00 5.840E-02
  3.568184E+00 5.815E-02
  3.568239E+00 6.076E-02
  3.568295E+00 6.613E-02
  3.568350E+00 7.471E-02
  3.568405E+00 8.776E-02
  3.568442E+00 1.002E-01
  3.568478E+00 1.176E-01
  3.568496E+00 1.290E-01
  3.568514E+00 1.431E-01
  3.568532E+00 1.610E-01
  3.568550E+00 1.844E-01
  3.568568E+00 2.161E-01
  3.568586E+00 2.613E-01
  3.568604E+00 3.302E-01
  3.568622E+00 4.450E-01
  3.568640E+00 6.626E-01
  3.568658E+00 1.167E+00
  3.568675E+00 2.857E+00
  3.568693E+00 1.713E+01
  3.568711E+00 2.549E+01
  3.568728E+00 3.323E+00
  3.568746E+00 1.287E+00
  3.568764E+00 7.454E-01
  3.568781E+00 5.367E-01
  3.568799E+00 4.439E-01
  3.568816E+00 4.039E-01
  3.568834E+00 3.940E-01
  3.568851E+00 4.061E-01
  3.568869E+00 4.399E-01
  3.568886E+00 5.017E-01
  3.568904E+00 6.094E-01
  3.568921E+00 8.084E-01
  3.568938E+00 1.225E+00
  3.568956E+00 2.304E+00
  3.568973E+00 6.220E+00
  3.568990E+00 2.321E+01
  3.569007E+00 1.496E+01
  3.569024E+00 5.750E+00
  3.569041E+00 3.256E+00
  3.569059E+00 2.321E+00
  3.569076E+00 1.876E+00
  3.569093E+00 1.625E+00
  3.569110E+00 1.462E+00
  3.569127E+00 1.337E+00
  3.569144E+00 4.176E+01
  3.569160E+00 1.219E+00
  3.569194E+00 1.027E+00
  3.569261E+00 7.335E-01
  3.569311E+00 5.798E-01
  3.569344E+00 5.173E-01
  3.569361E+00 4.996E-01
  3.569378E+00 4.927E-01
  3.569394E+00 4.985E-01
  3.569410E+00 5.208E-01
  3.569427E+00 5.658E-01
  3.569443E+00 6.444E-01
  3.569460E+00 7.768E-01
  3.569476E+00 1.004E+00
  3.569492E+00 1.415E+00
  3.569509E+00 2.240E+00
  3.569525E+00 4.209E+00
  3.569541E+00 1.051E+01
  3.569557E+00 3.807E+01
  3.569574E+00 3.078E+01
  3.569590E+00 8.932E+00
  3.569606E+00 3.846E+00
  3.569622E+00 2.199E+00
  3.569638E+00 1.793E+00
  3.569654E+00 3.248E+00
  3.569670E+00 3.257E+00
  3.569686E+00 1.632E+00
  3.569702E+00 1.039E+00
  3.569718E+00 7.638E-01
  3.569734E+00 6.052E-01
  3.569750E+00 5.016E-01
  3.569765E+00 4.285E-01
  3.569781E+00 3.741E-01
  3.569797E+00 3.321E-01
  3.569828E+00 2.721E-01
  3.569860E+00 2.319E-01
  3.569891E+00 2.040E-01
  3.569938E+00 1.771E-01
  3.569984E+00 1.631E-01
  3.570030E+00 1.601E-01
  3.570061E+00 1.648E-01
  3.570092E+00 1.768E-01
  3.570122E+00 1.996E-01
  3.570137E+00 2.171E-01
  3.570153E+00 2.407E-01
  3.570168E+00 2.732E-01
  3.570183E+00 3.188E-01
  3.570198E+00 3.858E-01
  3.570213E+00 4.903E-01
  3.570228E+00 6.687E-01
  3.570243E+00 1.021E+00
  3.570258E+00 1.910E+00
  3.570273E+00 5.519E+00
  3.570288E+00 2.858E+01
  3.570303E+00 6.664E+00
  3.570318E+00 2.219E+00
  3.570332E+00 1.332E+00
  3.570347E+00 1.025E+00
  3.570362E+00 8.509E-01
  3.570377E+00 7.079E-01
  3.570406E+00 4.720E-01
  3.570421E+00 3.843E-01
  3.570436E+00 3.157E-01
  3.570450E+00 2.625E-01
  3.570465E+00 2.214E-01
  3.570480E+00 1.894E-01
  3.570494E+00 1.643E-01
  3.570523E+00 1.286E-01
  3.570552E+00 1.058E-01
  3.570581E+00 9.183E-02
  3.570596E+00 8.759E-02
  3.570610E+00 8.533E-02
  3.570624E+00 8.562E-02
  3.570639E+00 8.994E-02
  3.570653E+00 1.021E-01
  3.570667E+00 1.295E-01
  3.570682E+00 1.140E-01
  3.570696E+00 2.650E-02
  3.570710E+00 1.649E-02
  3.570738E+00 2.063E-02
  3.570767E+00 2.369E-02
  3.570795E+00 2.691E-02
  3.570809E+00 3.033E-02
  3.570823E+00 4.055E-02
  3.570837E+00 1.869E-01
  3.570851E+00 4.272E-02
  3.570865E+00 2.246E-02
  3.570879E+00 2.268E-02
  3.570893E+00 2.422E-02
  3.570920E+00 2.879E-02
  3.570934E+00 3.203E-02
  3.570948E+00 3.621E-02
  3.570962E+00 4.166E-02
  3.570976E+00 4.879E-02
  3.570989E+00 5.807E-02
  3.571003E+00 6.993E-02
  3.571017E+00 8.442E-02
  3.571044E+00 1.164E-01
  3.571058E+00 1.279E-01
  3.571071E+00 1.324E-01
  3.571085E+00 1.299E-01
  3.571098E+00 1.239E-01
  3.571112E+00 1.201E-01
  3.571126E+00 1.319E-01
  3.571139E+00 2.293E-01
  3.571152E+00 1.635E-01
  3.571166E+00 8.501E-02
  3.571179E+00 6.550E-02
  3.571193E+00 5.711E-02
  3.571206E+00 5.209E-02
  3.571233E+00 4.610E-02
  3.571259E+00 4.282E-02
  3.571299E+00 4.071E-02
  3.571339E+00 4.085E-02
  3.571391E+00 4.383E-02
  3.571430E+00 4.819E-02
  3.571469E+00 5.488E-02
  3.571508E+00 6.497E-02
  3.571534E+00 7.465E-02
  3.571547E+00 8.083E-02
  3.571572E+00 9.727E-02
  3.571585E+00 1.085E-01
  3.571598E+00 1.229E-01
  3.571610E+00 1.420E-01
  3.571623E+00 1.682E-01
  3.571636E+00 2.066E-01
  3.571648E+00 2.670E-01
  3.571661E+00 3.724E-01
  3.571674E+00 5.875E-01
  3.571686E+00 1.157E+00
  3.571699E+00 3.729E+00
  3.571711E+00 4.936E+01
  3.571724E+00 5.262E+00
  3.571736E+00 1.346E+00
  3.571749E+00 6.600E-01
  3.571761E+00 4.394E-01
  3.571774E+00 3.524E-01
  3.571786E+00 3.208E-01
  3.571799E+00 3.207E-01
  3.571811E+00 3.463E-01
  3.571823E+00 4.029E-01
  3.571836E+00 5.108E-01
  3.571848E+00 7.279E-01
  3.571860E+00 1.246E+00
  3.571873E+00 2.940E+00
  3.571885E+00 1.114E+01
  3.571897E+00 1.024E+01
  3.571910E+00 6.297E+00
  3.571922E+00 4.056E+00
  3.571934E+00 1.941E+00
  3.571946E+00 1.279E+00
  3.571958E+00 1.006E+00
  3.571970E+00 8.655E-01
  3.571983E+00 7.803E-01
  3.571995E+00 7.188E-01
  3.572007E+00 6.731E-01
  3.572019E+00 7.223E-01
  3.572031E+00 6.237E-01
  3.572067E+00 4.922E-01
  3.572103E+00 3.864E-01
  3.572138E+00 3.128E-01
  3.572162E+00 2.863E-01
  3.572174E+00 2.813E-01
  3.572186E+00 2.829E-01
  3.572197E+00 2.929E-01
  3.572209E+00 3.141E-01
  3.572221E+00 3.512E-01
  3.572233E+00 4.126E-01
  3.572244E+00 5.140E-01
  3.572256E+00 6.876E-01
  3.572268E+00 1.006E+00
  3.572279E+00 1.664E+00
  3.572291E+00 3.318E+00
  3.572303E+00 9.086E+00
  3.572314E+00 3.139E+01
  3.572326E+00 1.524E+01
  3.572337E+00 4.843E+00
  3.572349E+00 2.272E+00
  3.572360E+00 1.452E+00
  3.572372E+00 1.573E+00
  3.572383E+00 3.191E+00
  3.572395E+00 2.029E+00
  3.572406E+00 1.072E+00
  3.572418E+00 7.056E-01
  3.572429E+00 5.250E-01
  3.572441E+00 4.181E-01
  3.572452E+00 3.474E-01
  3.572463E+00 2.973E-01
  3.572475E+00 2.600E-01
  3.572486E+00 2.312E-01
  3.572497E+00 2.084E-01
  3.572520E+00 1.750E-01
  3.572542E+00 1.523E-01
  3.572576E+00 1.307E-01
  3.572609E+00 1.194E-01
  3.572643E+00 1.165E-01
  3.572665E+00 1.196E-01
  3.572687E+00 1.280E-01
  3.572709E+00 1.445E-01
  3.572720E+00 1.573E-01
  3.572731E+00 1.747E-01
  3.572742E+00 1.989E-01
  3.572753E+00 2.332E-01
  3.572763E+00 2.843E-01
  3.572774E+00 3.652E-01
  3.572785E+00 5.060E-01
  3.572796E+00 7.910E-01
  3.572807E+00 1.535E+00
  3.572818E+00 4.726E+00
  3.572828E+00 2.250E+01
  3.572839E+00 4.613E+00
  3.572850E+00 1.578E+00
  3.572861E+00 9.442E-01
  3.572871E+00 7.300E-01
  3.572882E+00 6.175E-01
  3.572914E+00 3.621E-01
  3.572925E+00 2.972E-01
  3.572935E+00 2.452E-01
  3.572946E+00 2.045E-01
  3.572957E+00 1.729E-01
  3.572967E+00 1.482E-01
  3.572988E+00 1.136E-01
  3.573009E+00 9.171E-02
  3.573030E+00 7.788E-02
  3.573051E+00 6.998E-02
  3.573062E+00 6.820E-02
  3.573072E+00 6.829E-02
  3.573083E+00 7.122E-02
  3.573093E+00 7.951E-02
  3.573103E+00 9.832E-02
  3.573114E+00 9.831E-02
  3.573124E+00 2.564E-02
  3.573134E+00 1.434E-02
  3.573145E+00 1.602E-02
  3.573155E+00 1.814E-02
  3.573186E+00 2.277E-02
  3.573196E+00 2.487E-02
  3.573206E+00 2.901E-02
  3.573216E+00 4.389E-02
  3.573227E+00 2.092E+00
  3.573237E+00 2.727E-02
  3.573247E+00 2.074E-02
  3.573257E+00 2.161E-02
  3.573267E+00 2.332E-02
  3.573277E+00 2.550E-02
  3.573287E+00 2.824E-02
  3.573297E+00 3.172E-02
  3.573308E+00 3.622E-02
  3.573318E+00 4.208E-02
  3.573328E+00 4.969E-02
  3.573345E+00 6.810E-02
  3.583335E+00 3.820E-01
  3.583345E+00 4.730E-01
  3.608288E+00 1.674E-01
  3.633232E+00 1.014E-01
  3.658175E+00 7.734E-02
  3.683118E+00 6.552E-02
  3.708061E+00 5.863E-02
  3.733005E+00 5.436E-02
  3.782891E+00 4.934E-02
  3.882665E+00 4.295E-02
  4.007381E+00 3.937E-02
  4.456361E+00 3.078E-02
  5.055000E+00 2.238E-02
  5.578810E+00 1.717E-02
  6.002846E+00 1.397E-02
  6.027789E+00 1.381E-02
  6.149560E+00 1.301E-02
  6.273787E+00 1.225E-02
  6.400524E+00 1.154E-02
  6.529826E+00 1.086E-02
  6.661738E+00 1.023E-02
  6.796312E+00 9.635E-03
  6.933604E+00 9.074E-03
  7.073673E+00 8.545E-03
  7.216571E+00 8.048E-03
  7.362360E+00 7.579E-03
  7.511086E+00 7.138E-03
  7.662819E+00 6.722E-03
  7.817622E+00 6.331E-03
  7.975546E+00 5.962E-03
  8.136661E+00 5.615E-03
  8.301035E+00 5.288E-03
  8.468725E+00 4.980E-03
  8.639808E+00 4.690E-03
  8.814340E+00 4.417E-03
  8.992407E+00 4.159E-03
  9.174061E+00 3.917E-03
  9.359388E+00 3.689E-03
  9.548464E+00 3.474E-03
  9.741356E+00 3.272E-03
  9.938141E+00 3.081E-03
  1.013891E+01 2.902E-03
  1.034373E+01 2.733E-03
  1.055268E+01 2.574E-03
  1.076586E+01 2.424E-03
  1.098335E+01 2.283E-03
  1.120522E+01 2.150E-03
  1.143158E+01 2.025E-03
  1.166252E+01 1.907E-03
  1.189812E+01 1.796E-03
  1.213848E+01 1.691E-03
  1.238369E+01 1.593E-03
  1.263386E+01 1.500E-03
  1.288908E+01 1.413E-03
  1.314945E+01 1.330E-03
  1.341509E+01 1.253E-03
  1.368609E+01 1.180E-03
  1.396257E+01 1.111E-03
  1.424463E+01 1.046E-03
  1.453239E+01 9.855E-04
  1.482597E+01 9.281E-04
  1.512547E+01 8.741E-04
  1.543103E+01 8.232E-04
  1.574275E+01 7.752E-04
  1.606078E+01 7.301E-04
  1.638522E+01 6.876E-04
  1.671622E+01 6.475E-04
  1.705391E+01 6.098E-04
  1.739842E+01 5.743E-04
  1.774989E+01 5.409E-04
  1.810846E+01 5.094E-04
  1.847429E+01 4.797E-04
  1.884747E+01 4.518E-04
  1.922824E+01 4.255E-04
  1.961665E+01 4.007E-04
  2.001295E+01 3.773E-04
  2.041724E+01 3.554E-04
  2.082970E+01 3.347E-04
  2.125047E+01 3.152E-04
  2.167978E+01 2.968E-04
  2.211772E+01 2.795E-04
  2.256454E+01 2.633E-04
  2.302036E+01 2.479E-04
  2.348541E+01 2.335E-04
  2.395984E+01 2.199E-04