  5.679301E-02 2.792E+01
  6.679302E-02 2.136E+01
  1.180777E-01 7.828E+00
  1.680585E-01 4.035E+00
  2.167792E-01 2.483E+00
  2.642819E-01 1.705E+00
  3.106067E-01 1.254E+00
  3.557924E-01 9.617E-01
  3.998759E-01 7.576E-01
  4.428928E-01 6.097E-01
  4.848773E-01 5.008E-01
  5.258621E-01 4.201E-01
  5.658787E-01 3.599E-01
  6.049574E-01 3.143E-01
  6.431272E-01 2.787E-01
  7.168512E-01 2.261E-01
  8.212862E-01 1.702E-01
  9.189109E-01 1.299E-01
  1.010305E+00 1.022E-01
  1.095987E+00 8.458E-02
  1.202145E+00 7.030E-02
  1.513269E+00 4.101E-02
  1.623223E+00 3.274E-02
  1.721903E+00 2.742E-02
  1.838481E+00 2.336E-02
  2.119172E+00 1.635E-02
  2.413509E+00 7.480E-03
  2.527882E+00 4.197E-03
  2.568893E+00 2.789E-03
  2.592599E+00 1.822E-03
  2.620671E+00 5.335E-04
  2.623635E+00 4.044E-04
  2.626570E+00 2.848E-04
  2.629476E+00 1.784E-04
  2.632353E+00 9.050E-05
  2.635202E+00 2.798E-05
  2.638023E+00 3.875E-07
  2.640816E+00 2.088E-05
  2.643582E+00 1.079E-04
  2.646322E+00 2.876E-04
  2.649035E+00 5.980E-04
  2.651721E+00 1.095E-03
  2.654382E+00 1.862E-03
  2.657017E+00 3.032E-03
  2.659627E+00 4.814E-03
  2.662213E+00 7.562E-03
  2.664773E+00 1.189E-02
  2.667310E+00 1.896E-02
  2.669822E+00 3.111E-02
  2.672311E+00 5.359E-02
  2.674777E+00 9.999E-02
  2.677219E+00 2.139E-01
  2.679639E+00 5.906E-01
  2.682036E+00 2.627E+00
  2.684411E+00 3.722E+00
  2.686765E+00 9.745E-01
  2.689096E+00 4.139E-01
  2.691406E+00 2.344E-01
  2.693695E+00 1.551E-01
  2.695963E+00 1.127E-01
  2.698211E+00 8.720E-02
  2.700438E+00 7.052E-02
  2.702645E+00 5.891E-02
  2.704832E+00 5.045E-02
  2.707000E+00 4.406E-02
  2.709148E+00 3.909E-02
  2.711277E+00 3.513E-02
  2.715478E+00 2.924E-02
  2.719605E+00 2.509E-02
  2.725660E+00 2.077E-02
  2.731559E+00 1.780E-02
  2.739189E+00 1.502E-02
  2.750154E+00 1.226E-02
  2.763938E+00 9.897E-03
  2.779939E+00 7.959E-03
  2.800292E+00 6.132E-03
  2.823427E+00 4.524E-03
  2.840481E+00 3.604E-03
  2.849866E+00 3.287E-03
  2.855802E+00 3.285E-03
  2.858679E+00 3.421E-03
  2.861498E+00 3.749E-03
  2.863346E+00 4.173E-03
  2.864260E+00 4.494E-03
  2.865168E+00 4.932E-03
  2.866070E+00 5.544E-03
  2.866966E+00 6.435E-03
  2.867856E+00 7.802E-03
  2.868741E+00 1.007E-02
  2.869619E+00 1.431E-02
  2.870491E+00 2.395E-02
  2.871358E+00 5.606E-02
  2.872219E+00 3.972E-01
  2.873074E+00 4.362E-01
  2.873924E+00 3.767E-02
  2.874768E+00 1.130E-02
  2.875607E+00 4.843E-03
  2.876440E+00 2.471E-03
  2.877267E+00 1.400E-03
  2.878090E+00 8.521E-04
  2.878907E+00 5.479E-04
  2.879718E+00 3.687E-04
  2.880524E+00 2.585E-04
  2.881326E+00 1.884E-04
  2.882122E+00 1.428E-04
  2.882913E+00 1.127E-04
  2.883698E+00 9.255E-05
  2.884479E+00 7.922E-05
  2.885255E+00 7.062E-05
  2.886026E+00 6.548E-05
  2.886792E+00 6.297E-05
  2.887553E+00 6.259E-05
  2.888309E+00 6.401E-05
  2.889061E+00 6.706E-05
  2.889808E+00 7.165E-05
  2.890550E+00 7.777E-05
  2.892020E+00 9.464E-05
  2.893472E+00 1.182E-04
  2.894906E+00 1.491E-04
  2.896322E+00 1.885E-04
  2.897721E+00 2.373E-04
  2.899102E+00 2.968E-04
  2.900467E+00 3.684E-04
  2.902483E+00 5.018E-04
  2.904463E+00 6.717E-04
  2.906407E+00 8.852E-04
  2.908316E+00 1.151E-03
  2.910192E+00 1.479E-03
  2.912034E+00 1.884E-03
  2.913844E+00 2.383E-03
  2.915623E+00 2.999E-03
  2.917370E+00 3.762E-03
  2.919088E+00 4.713E-03
  2.920776E+00 5.910E-03
  2.922435E+00 7.436E-03
  2.924066E+00 9.414E-03
  2.925670E+00 1.203E-02
  2.927247E+00 1.558E-02
  2.928283E+00 1.871E-02
  2.929308E+00 2.271E-02
  2.930322E+00 2.794E-02
  2.931325E+00 3.498E-02
  2.931822E+00 3.945E-02
  2.932316E+00 4.477E-02
  2.932808E+00 5.119E-02
  2.933297E+00 5.903E-02
  2.933783E+00 6.876E-02
  2.934267E+00 8.103E-02
  2.934748E+00 9.684E-02
  2.935226E+00 1.177E-01
  2.935702E+00 1.461E-01
  2.936176E+00 1.863E-01
  2.936646E+00 2.457E-01
  2.937114E+00 3.391E-01
  2.937580E+00 4.987E-01
  2.938043E+00 8.054E-01
  2.938504E+00 1.510E+00
  2.938962E+00 3.677E+00
  2.939418E+00 1.280E+01
  2.939871E+00 1.119E+01
  2.940322E+00 3.160E+00
  2.940770E+00 1.294E+00
  2.941217E+00 6.785E-01
  2.941660E+00 4.100E-01
  2.942102E+00 2.710E-01
  2.942541E+00 1.903E-01
  2.942977E+00 1.396E-01
  2.943412E+00 1.058E-01
  2.943844E+00 8.215E-02
  2.944274E+00 6.507E-02
  2.944702E+00 5.234E-02
  2.945127E+00 4.262E-02
  2.945550E+00 3.506E-02
  2.945971E+00 2.907E-02
  2.946390E+00 2.426E-02
  2.946807E+00 2.035E-02
  2.947221E+00 1.713E-02
  2.947633E+00 1.447E-02
  2.948044E+00 1.223E-02
  2.948452E+00 1.036E-02
  2.948858E+00 8.766E-03
  2.949262E+00 7.412E-03
  2.949663E+00 6.256E-03
  2.950063E+00 5.265E-03
  2.950461E+00 4.413E-03
  2.950857E+00 3.681E-03
  2.951250E+00 3.051E-03
  2.951642E+00 2.508E-03
  2.952032E+00 2.042E-03
  2.952419E+00 1.643E-03
  2.952805E+00 1.302E-03
  2.953189E+00 1.013E-03
  2.953571E+00 7.697E-04
  2.953951E+00 5.673E-04
  2.954329E+00 4.015E-04
  2.954705E+00 2.687E-04
  2.955079E+00 1.656E-04
  2.955452E+00 8.942E-05
  2.955822E+00 3.783E-05
  2.956191E+00 8.663E-06
  2.956558E+00 2.993E-08
  2.956923E+00 1.026E-05
  2.957286E+00 3.786E-05
  2.957647E+00 8.148E-05
  2.958007E+00 1.399E-04
  2.958365E+00 2.120E-04
  2.958721E+00 2.967E-04
  2.959075E+00 3.931E-04
  2.959428E+00 5.002E-04
  2.960128E+00 7.431E-04
  2.961165E+00 1.167E-03
  2.962860E+00 1.971E-03
  2.965166E+00 3.068E-03
  2.966131E+00 3.402E-03
  2.967082E+00 3.553E-03
  2.967709E+00 3.503E-03
  2.968330E+00 3.288E-03
  2.968945E+00 2.870E-03
  2.969250E+00 2.574E-03
  2.969554E+00 2.218E-03
  2.969856E+00 1.804E-03
  2.970755E+00 4.044E-04
  2.971052E+00 7.094E-05
  2.971348E+00 4.283E-05
  2.971642E+00 6.773E-04
  2.971935E+00 2.705E-03
  2.972226E+00 7.758E-03
  2.972516E+00 2.017E-02
  2.972805E+00 5.817E-02
  2.973092E+00 3.736E+02
  2.973378E+00 9.448E-02
  2.973663E+00 4.115E-01
  2.973947E+00 2.219E+00
  2.974229E+00 4.142E+02
  2.974510E+00 5.656E+00
  2.974789E+00 1.619E+00
  2.975068E+00 8.638E-01
  2.975345E+00 5.840E-01
  2.975621E+00 4.466E-01
  2.975895E+00 3.679E-01
  2.976169E+00 3.183E-01
  2.976441E+00 2.851E-01
  2.976712E+00 2.620E-01
  2.977250E+00 2.334E-01
  2.977783E+00 2.183E-01
  2.978575E+00 2.093E-01
  2.979613E+00 2.115E-01
  2.980886E+00 2.282E-01
  2.982377E+00 2.641E-01
  2.983829E+00 3.178E-01
  2.985244E+00 3.939E-01
  2.986396E+00 4.807E-01
  2.987524E+00 5.975E-01
  2.988628E+00 7.575E-01
  2.989494E+00 9.308E-01
  2.990347E+00 1.163E+00
  2.990977E+00 1.392E+00
  2.991599E+00 1.688E+00
  2.992214E+00 2.078E+00
  2.992821E+00 2.605E+00
  2.993222E+00 3.065E+00
  2.993619E+00 3.647E+00
  2.994013E+00 4.397E+00
  2.994404E+00 5.384E+00
  2.994792E+00 6.718E+00
  2.994985E+00 7.567E+00
  2.995177E+00 8.577E+00
  2.995368E+00 9.793E+00
  2.995559E+00 1.127E+01
  2.995748E+00 1.310E+01
  2.995937E+00 1.538E+01
  2.996125E+00 1.828E+01
  2.996313E+00 2.205E+01
  2.996500E+00 2.707E+01
  2.996686E+00 3.395E+01
  2.996871E+00 4.370E+01
  2.997055E+00 5.817E+01
  2.997239E+00 8.092E+01
  2.997422E+00 1.195E+02
  2.997604E+00 1.926E+02
  2.997786E+00 3.551E+02
  2.997967E+00 8.209E+02
  2.998147E+00 2.637E+03
  2.998327E+00 3.577E+03
  2.998505E+00 1.110E+03
  2.998683E+00 4.497E+02
  2.998861E+00 2.363E+02
  2.999037E+00 1.448E+02
  2.999213E+00 9.776E+01
  2.999389E+00 7.049E+01
  2.999563E+00 5.331E+01
  2.999737E+00 4.179E+01
  2.999911E+00 3.369E+01
  3.000083E+00 2.777E+01
  3.000255E+00 2.332E+01
  3.000426E+00 1.988E+01
  3.000597E+00 1.717E+01
  3.000767E+00 1.499E+01
  3.000936E+00 1.322E+01
  3.001273E+00 1.053E+01
  3.001607E+00 8.614E+00
  3.001938E+00 7.197E+00
  3.002267E+00 6.119E+00
  3.002756E+00 4.926E+00
  3.003240E+00 4.071E+00
  3.003876E+00 3.258E+00
  3.004502E+00 2.684E+00
  3.005272E+00 2.174E+00
  3.006177E+00 1.752E+00
  3.007208E+00 1.417E+00
  3.008355E+00 1.162E+00
  3.009331E+00 1.024E+00
  3.009742E+00 1.011E+00
  3.009878E+00 1.034E+00
  3.010014E+00 1.118E+00
  3.010149E+00 1.784E+00
  3.010283E+00 3.944E-01
  3.010417E+00 6.474E-01
  3.010551E+00 7.027E-01
  3.010817E+00 7.254E-01
  3.011732E+00 6.837E-01
  3.013250E+00 6.039E-01
  3.013742E+00 6.022E-01
  3.013864E+00 6.130E-01
  3.013986E+00 6.422E-01
  3.014107E+00 7.543E-01
  3.014228E+00 1.036E+00
  3.014348E+00 3.664E-01
  3.014468E+00 4.338E-01
  3.014587E+00 4.555E-01
  3.014943E+00 4.689E-01
  3.018630E+00 3.913E-01
  3.020277E+00 3.801E-01
  3.021361E+00 3.961E-01
  3.022031E+00 4.306E-01
  3.022408E+00 4.708E-01
  3.022687E+00 5.222E-01
  3.022871E+00 5.757E-01
  3.023055E+00 6.579E-01
  3.023146E+00 7.172E-01
  3.023237E+00 7.964E-01
  3.023328E+00 9.064E-01
  3.023418E+00 1.068E+00
  3.023509E+00 1.322E+00
  3.023598E+00 1.767E+00
  3.023688E+00 2.679E+00
  3.023777E+00 5.055E+00
  3.023866E+00 1.195E+01
  3.023955E+00 7.376E+00
  3.024044E+00 1.614E+00
  3.024132E+00 4.347E-01
  3.024220E+00 1.270E-01
  3.024308E+00 3.219E-02
  3.024395E+00 4.139E-03
  3.024482E+00 2.599E-04
  3.024569E+00 5.679E-03
  3.024656E+00 1.456E-02
  3.024828E+00 3.430E-02
  3.024999E+00 5.229E-02
  3.025170E+00 6.747E-02
  3.025423E+00 8.547E-02
  3.025758E+00 1.028E-01
  3.026252E+00 1.197E-01
  3.026977E+00 1.340E-01
  3.028218E+00 1.453E-01
  3.029329E+00 1.530E-01
  3.029474E+00 1.571E-01
  3.029546E+00 1.623E-01
  3.029618E+00 1.802E-01
  3.029689E+00 2.693E-02
  3.029761E+00 1.269E-01
  3.029832E+00 1.369E-01
  3.030044E+00 1.441E-01
  3.031480E+00 1.558E-01
  3.031744E+00 1.642E-01
  3.031874E+00 1.754E-01
  3.031940E+00 1.878E-01
  3.032005E+00 2.170E-01
  3.032069E+00 3.616E-01
  3.032134E+00 6.241E-05
  3.032198E+00 7.832E-02
  3.032263E+00 1.040E-01
  3.032327E+00 1.155E-01
  3.032454E+00 1.263E-01
  3.032707E+00 1.345E-01
  3.033632E+00 1.431E-01
  3.035091E+00 1.552E-01
  3.035758E+00 1.693E-01
  3.036190E+00 1.888E-01
  3.036456E+00 2.117E-01
  3.036614E+00 2.344E-01
  3.036771E+00 2.714E-01
  3.036875E+00 3.119E-01
  3.036926E+00 3.408E-01
  3.036978E+00 3.793E-01
  3.037029E+00 4.326E-01
  3.037080E+00 5.104E-01
  3.037132E+00 6.326E-01
  3.037183E+00 8.461E-01
  3.037234E+00 1.282E+00
  3.037284E+00 2.408E+00
  3.037335E+00 5.485E+00
  3.037385E+00 3.221E+00
  3.037436E+00 7.128E-01
  3.037486E+00 1.894E-01
  3.037536E+00 5.300E-02
  3.037586E+00 1.203E-02
  3.037636E+00 9.518E-04
  3.037686E+00 6.019E-04
  3.037735E+00 4.292E-03
  3.037785E+00 9.415E-03
  3.037883E+00 2.024E-02
  3.037981E+00 2.997E-02
  3.038127E+00 4.183E-02
  3.038320E+00 5.350E-02
  3.038559E+00 6.370E-02
  3.038935E+00 7.423E-02
  3.039529E+00 8.401E-02
  3.040408E+00 9.141E-02
  3.040536E+00 9.016E-02
  3.040578E+00 8.412E-02
  3.040621E+00 1.049E-01
  3.040663E+00 9.792E-02
  3.040873E+00 9.679E-02
  3.041608E+00 1.038E-01
  3.041846E+00 1.100E-01
  3.041964E+00 1.174E-01
  3.042042E+00 1.287E-01
  3.042081E+00 1.407E-01
  3.042119E+00 1.672E-01
  3.042158E+00 2.737E-01
  3.042197E+00 5.276E-01
  3.042235E+00 2.747E-02
  3.042274E+00 5.515E-02
  3.042312E+00 6.785E-02
  3.042350E+00 7.506E-02
  3.042427E+00 8.302E-02
  3.042578E+00 9.031E-02
  3.043024E+00 9.876E-02
  3.043949E+00 1.127E-01
  3.044357E+00 1.252E-01
  3.044591E+00 1.387E-01
  3.044755E+00 1.554E-01
  3.044885E+00 1.783E-01
  3.044950E+00 1.964E-01
  3.045014E+00 2.227E-01
  3.045047E+00 2.409E-01
  3.045079E+00 2.644E-01
  3.045111E+00 2.958E-01
  3.045142E+00 3.395E-01
  3.045174E+00 4.038E-01
  3.045206E+00 5.062E-01
  3.045238E+00 6.878E-01
  3.045269E+00 1.068E+00
  3.045301E+00 2.082E+00
  3.045332E+00 4.529E+00
  3.045364E+00 2.090E+00
  3.045395E+00 4.787E-01
  3.045426E+00 1.323E-01
  3.045457E+00 3.798E-02
  3.045489E+00 8.792E-03
  3.045520E+00 7.206E-04
  3.045551E+00 4.241E-04
  3.045582E+00 3.129E-03
  3.045612E+00 6.933E-03
  3.045674E+00 1.507E-02
  3.045735E+00 2.247E-02
  3.045826E+00 3.160E-02
  3.045947E+00 4.073E-02
  3.046097E+00 4.885E-02
  3.046333E+00 5.746E-02
  3.046708E+00 6.573E-02
  3.047128E+00 7.047E-02
  3.047238E+00 6.959E-02
  3.047266E+00 6.848E-02
  3.047293E+00 6.606E-02
  3.047320E+00 5.902E-02
  3.047347E+00 8.924E-06
  3.047374E+00 9.953E-02
  3.047401E+00 8.681E-02
  3.047428E+00 8.335E-02
  3.047509E+00 8.077E-02
  3.047852E+00 8.315E-02
  3.048110E+00 8.888E-02
  3.048237E+00 9.596E-02
  3.048288E+00 1.020E-01
  3.048313E+00 1.070E-01
  3.048338E+00 1.147E-01
  3.048363E+00 1.285E-01
  3.048388E+00 1.609E-01
  3.048413E+00 3.144E-01
  3.048438E+00 1.796E-01
  3.048463E+00 1.752E-02
  3.048487E+00 4.026E-02
  3.048512E+00 5.175E-02
  3.048537E+00 5.854E-02
  3.048561E+00 6.304E-02
  3.048635E+00 7.064E-02
  3.048781E+00 7.739E-02
  3.049575E+00 9.619E-02
  3.049821E+00 1.070E-01
  3.049975E+00 1.193E-01
  3.050083E+00 1.343E-01
  3.050148E+00 1.486E-01
  3.050212E+00 1.712E-01
  3.050255E+00 1.949E-01
  3.050276E+00 2.114E-01
  3.050297E+00 2.327E-01
  3.050318E+00 2.612E-01
  3.050340E+00 3.010E-01
  3.050361E+00 3.600E-01
  3.050382E+00 4.544E-01
  3.050403E+00 6.239E-01
  3.050424E+00 9.845E-01
  3.050445E+00 1.962E+00
  3.050465E+00 4.104E+00
  3.050486E+00 1.685E+00
  3.050507E+00 3.961E-01
  3.050528E+00 1.126E-01
  3.050549E+00 3.318E-02
  3.050569E+00 7.995E-03
  3.050590E+00 7.648E-04
  3.050610E+00 2.667E-04
  3.050631E+00 2.422E-03
  3.050652E+00 5.584E-03
  3.050692E+00 1.248E-02
  3.050733E+00 1.883E-02
  3.050794E+00 2.674E-02
  3.050875E+00 3.471E-02
  3.050975E+00 4.188E-02
  3.051133E+00 4.955E-02
  3.051384E+00 5.699E-02
  3.051630E+00 6.056E-02
  3.051704E+00 5.978E-02
  3.051741E+00 5.748E-02
  3.051760E+00 5.449E-02
  3.051778E+00 4.690E-02
  3.051797E+00 7.715E-03
  3.051815E+00 1.127E-01
  3.051833E+00 8.437E-02
  3.051851E+00 7.803E-02
  3.051888E+00 7.404E-02
  3.051996E+00 7.260E-02
  3.052245E+00 7.686E-02
  3.052385E+00 8.333E-02
  3.052436E+00 8.881E-02
  3.052471E+00 9.576E-02
  3.052488E+00 1.017E-01
  3.052505E+00 1.114E-01
  3.052522E+00 1.301E-01
  3.052539E+00 1.822E-01
  3.052556E+00 7.219E-01
  3.052573E+00 4.246E-03
  3.052590E+00 2.010E-02
  3.052607E+00 3.676E-02
  3.052624E+00 4.596E-02
  3.052640E+00 5.172E-02
  3.052674E+00 5.859E-02
  3.052741E+00 6.539E-02
  3.052890E+00 7.229E-02
  3.053337E+00 8.705E-02
  3.053507E+00 9.732E-02
  3.053614E+00 1.088E-01
  3.053689E+00 1.229E-01
  3.053734E+00 1.363E-01
  3.053779E+00 1.574E-01
  3.053808E+00 1.796E-01
  3.053823E+00 1.951E-01
  3.053838E+00 2.151E-01
  3.053853E+00 2.419E-01
  3.053867E+00 2.794E-01
  3.053882E+00 3.351E-01
  3.053897E+00 4.247E-01
  3.053911E+00 5.860E-01
  3.053926E+00 9.317E-01
  3.053941E+00 1.876E+00
  3.053955E+00 3.850E+00
  3.053970E+00 1.518E+00
  3.053984E+00 3.624E-01
  3.053999E+00 1.048E-01
  3.054013E+00 3.149E-02
  3.054028E+00 7.875E-03
  3.054042E+00 8.701E-04
  3.054056E+00 1.632E-04
  3.054071E+00 1.974E-03
  3.054085E+00 4.761E-03
  3.054099E+00 7.857E-03
  3.054142E+00 1.673E-02
  3.054171E+00 2.174E-02
  3.054213E+00 2.792E-02
  3.054269E+00 3.423E-02
  3.054353E+00 4.099E-02
  3.054477E+00 4.765E-02
  3.054666E+00 5.367E-02
  3.054785E+00 5.476E-02
  3.054825E+00 5.327E-02
  3.054838E+00 5.194E-02
  3.054851E+00 4.947E-02
  3.054864E+00 4.419E-02
  3.054877E+00 2.770E-02
  3.054890E+00 3.637E-01
  3.054903E+00 9.231E-02
  3.054916E+00 7.787E-02
  3.054929E+00 7.302E-02
  3.054954E+00 6.944E-02
  3.055031E+00 6.785E-02
  3.055208E+00 7.182E-02
  3.055307E+00 7.795E-02
  3.055344E+00 8.296E-02
  3.055368E+00 8.906E-02
  3.055380E+00 9.402E-02
  3.055393E+00 1.017E-01
  3.055405E+00 1.153E-01
  3.055417E+00 1.462E-01
  3.055429E+00 2.756E-01
  3.055441E+00 1.431E+00
  3.055453E+00 4.844E-03
  3.055465E+00 2.552E-02
  3.055477E+00 3.722E-02
  3.055489E+00 4.424E-02
  3.055501E+00 4.890E-02
  3.055525E+00 5.475E-02
  3.055573E+00 6.091E-02
  3.055679E+00 6.750E-02
  3.055989E+00 8.149E-02
  3.056111E+00 9.137E-02
  3.056188E+00 1.024E-01
  3.056243E+00 1.158E-01
  3.056286E+00 1.343E-01
  3.056318E+00 1.583E-01
  3.056329E+00 1.700E-01
  3.056350E+00 2.039E-01
  3.056361E+00 2.295E-01
  3.056371E+00 2.654E-01
  3.056382E+00 3.187E-01
  3.056393E+00 4.044E-01
  3.056403E+00 5.591E-01
  3.056414E+00 8.910E-01
  3.056424E+00 1.798E+00
  3.056435E+00 3.683E+00
  3.056445E+00 1.452E+00
  3.056456E+00 3.491E-01
  3.056466E+00 1.019E-01
  3.056477E+00 3.108E-02
  3.056487E+00 8.014E-03
  3.056498E+00 9.953E-04
  3.056508E+00 9.669E-05
  3.056519E+00 1.667E-03
  3.056529E+00 4.212E-03
  3.056539E+00 7.079E-03
  3.056560E+00 1.276E-02
  3.056591E+00 2.011E-02
  3.056622E+00 2.594E-02
  3.056673E+00 3.317E-02
  3.056744E+00 4.003E-02
  3.056793E+00 4.345E-02
  3.060153E+00 2.439E+00
  3.063483E+00 1.972E+00
  3.066783E+00 1.905E+00
  3.066793E+00 1.055E+00
  3.070911E+00 9.429E-01
  3.079010E+00 7.762E-01
  3.086932E+00 6.598E-01
  3.098494E+00 5.411E-01
  3.109686E+00 4.615E-01
  3.124059E+00 3.884E-01
  3.144510E+00 3.153E-01
  3.169877E+00 2.507E-01
  3.196074E+00 2.018E-01
  3.225114E+00 1.626E-01
  3.257973E+00 1.317E-01
  3.294556E+00 1.079E-01
  3.325893E+00 9.429E-02
  3.344353E+00 9.161E-02
  3.355717E+00 9.560E-02
  3.362470E+00 1.031E-01
  3.367689E+00 1.146E-01
  3.371501E+00 1.287E-01
  3.375228E+00 1.508E-01
  3.377667E+00 1.725E-01
  3.380069E+00 2.026E-01
  3.382437E+00 2.453E-01
  3.383608E+00 2.731E-01
  3.384770E+00 3.065E-01
  3.385924E+00 3.466E-01
  3.387069E+00 3.947E-01
  3.388206E+00 4.518E-01
  3.389335E+00 5.189E-01
  3.391568E+00 6.809E-01
  3.393769E+00 8.524E-01
  3.394858E+00 9.197E-01
  3.395939E+00 9.600E-01
  3.397013E+00 9.665E-01
  3.398079E+00 9.397E-01
  3.400188E+00 8.183E-01
  3.403296E+00 6.016E-01
  3.405332E+00 4.864E-01
  3.407340E+00 3.993E-01
  3.409320E+00 3.347E-01
  3.411273E+00 2.863E-01
  3.414152E+00 2.346E-01
  3.416973E+00 1.990E-01
  3.420646E+00 1.666E-01
  3.425100E+00 1.402E-01
  3.430253E+00 1.197E-01
  3.437612E+00 1.006E-01
  3.446783E+00 8.540E-02
  3.459967E+00 7.118E-02
  3.475730E+00 5.976E-02
  3.484316E+00 5.672E-02
  3.488329E+00 5.851E-02
  3.490270E+00 6.217E-02
  3.491698E+00 6.847E-02
  3.492169E+00 7.208E-02
  3.492638E+00 7.714E-02
  3.493104E+00 8.464E-02
  3.493567E+00 9.667E-02
  3.494028E+00 1.186E-01
  3.494486E+00 1.690E-01
  3.494942E+00 3.644E-01
  3.495396E+00 1.793E+01
  3.495847E+00 1.035E-01
  3.496296E+00 1.313E-02
  3.496742E+00 1.155E-02
  3.497628E+00 1.941E-02
  3.498067E+00 2.266E-02
  3.498939E+00 2.763E-02
  3.500655E+00 3.441E-02
  3.503981E+00 4.611E-02
  3.505991E+00 5.631E-02
  3.507562E+00 6.815E-02
  3.508720E+00 8.035E-02
  3.510237E+00 1.024E-01
  3.512091E+00 1.323E-01
  3.513540E+00 1.496E-01
  3.514255E+00 1.645E-01
  3.514962E+00 1.869E-01
  3.515662E+00 2.177E-01
  3.516356E+00 2.575E-01
  3.517043E+00 3.080E-01
  3.517723E+00 3.716E-01
  3.518396E+00 4.520E-01
  3.519063E+00 5.541E-01
  3.519724E+00 6.848E-01
  3.520378E+00 8.539E-01
  3.521027E+00 1.075E+00
  3.521668E+00 1.365E+00
  3.522304E+00 1.751E+00
  3.522934E+00 2.265E+00
  3.523558E+00 2.948E+00
  3.524176E+00 3.838E+00
  3.524789E+00 4.950E+00
  3.525996E+00 7.453E+00
  3.526591E+00 8.329E+00
  3.527181E+00 8.582E+00
  3.527766E+00 8.204E+00
  3.528632E+00 6.959E+00
  3.529769E+00 5.182E+00
  3.530609E+00 4.123E+00
  3.531710E+00 3.045E+00
  3.532523E+00 2.358E+00
  3.532792E+00 2.437E+00
  3.533059E+00 2.574E+01
  3.533325E+00 8.092E+00
  3.533590E+00 4.117E+00
  3.533854E+00 3.253E+00
  3.534117E+00 2.857E+00
  3.534378E+00 2.613E+00
  3.534898E+00 2.303E+00
  3.535669E+00 2.015E+00
  3.536931E+00 1.719E+00
  3.538409E+00 1.502E+00
  3.540321E+00 1.332E+00
  3.542845E+00 1.220E+00
  3.545469E+00 1.201E+00
  3.547964E+00 1.270E+00
  3.549952E+00 1.410E+00
  3.551486E+00 1.603E+00
  3.552604E+00 1.829E+00
  3.553516E+00 2.114E+00
  3.554232E+00 2.458E+00
  3.554763E+00 2.851E+00
  3.555113E+00 3.235E+00
  3.555460E+00 3.809E+00
  3.555633E+00 4.224E+00
  3.555805E+00 4.786E+00
  3.555976E+00 5.592E+00
  3.556147E+00 6.841E+00
  3.556317E+00 8.995E+00
  3.556486E+00 1.337E+01
  3.556655E+00 2.504E+01
  3.556823E+00 8.160E+01
  3.556990E+00 2.572E+03
  3.557157E+00 8.368E+01
  3.557323E+00 2.179E+01
  3.557489E+00 1.109E+01
  3.557653E+00 7.664E+00
  3.557818E+00 6.287E+00
  3.557981E+00 5.707E+00
  3.558144E+00 5.511E+00
  3.558307E+00 5.533E+00
  3.558630E+00 5.976E+00
  3.558950E+00 6.820E+00
  3.559268E+00 8.082E+00
  3.559584E+00 9.901E+00
  3.559741E+00 1.110E+01
  3.559897E+00 1.257E+01
  3.560053E+00 1.438E+01
  3.560208E+00 1.664E+01
  3.560363E+00 1.952E+01
  3.560517E+00 2.322E+01
  3.560670E+00 2.809E+01
  3.560823E+00 3.458E+01
  3.560975E+00 4.335E+01
  3.561127E+00 5.527E+01
  3.561278E+00 7.111E+01
  3.561579E+00 1.102E+02
  3.561728E+00 1.213E+02
  3.561877E+00 1.160E+02
  3.562026E+00 9.721E+01
  3.562174E+00 7.512E+01
  3.562321E+00 5.624E+01
  3.562468E+00 4.205E+01
  3.562614E+00 3.185E+01
  3.562760E+00 2.456E+01
  3.562905E+00 1.930E+01
  3.563050E+00 1.543E+01
  3.563194E+00 1.253E+01
  3.563337E+00 1.033E+01
  3.563481E+00 8.628E+00
  3.563623E+00 7.289E+00
  3.563765E+00 6.223E+00
  3.563907E+00 5.364E+00
  3.564048E+00 4.665E+00
  3.564188E+00 4.091E+00
  3.564328E+00 3.615E+00
  3.564607E+00 2.886E+00
  3.564883E+00 2.370E+00
  3.565158E+00 1.999E+00
  3.565430E+00 1.734E+00
  3.565835E+00 1.478E+00
  3.566236E+00 1.347E+00
  3.566633E+00 1.314E+00
  3.567025E+00 1.367E+00
  3.567414E+00 1.505E+00
  3.567798E+00 1.735E+00
  3.568304E+00 2.181E+00
  3.568679E+00 2.536E+00
  3.568803E+00 2.609E+00
  3.568927E+00 2.619E+00
  3.569050E+00 2.519E+00
  3.569173E+00 2.237E+00
  3.569295E+00 1.683E+00
  3.569417E+00 8.401E-01
  3.569539E+00 2.739E-01
  3.569660E+00 1.960E+00
  3.569781E+00 5.883E+00
  3.569901E+00 8.435E+00
  3.570021E+00 9.212E+00
  3.570140E+00 9.146E+00
  3.570378E+00 8.149E+00
  3.570965E+00 4.985E+00
  3.571198E+00 3.976E+00
  3.571428E+00 3.160E+00
  3.571657E+00 2.508E+00
  3.571885E+00 1.989E+00
  3.572111E+00 1.576E+00
  3.572335E+00 1.257E+00
  3.572447E+00 1.139E+00
  3.572558E+00 1.063E+00
  3.572669E+00 1.066E+00
  3.572780E+00 1.244E+00
  3.572890E+00 1.920E+00
  3.572999E+00 4.550E+00
  3.573109E+00 2.081E+01
  3.573218E+00 7.742E+01
  3.573327E+00 1.786E+01
  3.573435E+00 7.532E+00
  3.573543E+00 4.519E+00
  3.573651E+00 3.200E+00
  3.573758E+00 2.481E+00
  3.573865E+00 2.032E+00
  3.573972E+00 1.725E+00
  3.574078E+00 1.500E+00
  3.574184E+00 1.329E+00
  3.574289E+00 1.192E+00
  3.574499E+00 9.878E-01
  3.574708E+00 8.401E-01
  3.575018E+00 6.803E-01
  3.575326E+00 5.648E-01
  3.575731E+00 4.520E-01
  3.576131E+00 3.688E-01
  3.576624E+00 2.909E-01
  3.577205E+00 2.221E-01
  3.577775E+00 1.707E-01
  3.578334E+00 1.309E-01
  3.578973E+00 9.474E-02
  3.579510E+00 7.026E-02
  3.580037E+00 5.088E-02
  3.580383E+00 4.101E-02
  3.580640E+00 3.569E-02
  3.580810E+00 3.353E-02
  3.580979E+00 3.295E-02
  3.581063E+00 3.347E-02
  3.581146E+00 3.470E-02
  3.581230E+00 3.684E-02
  3.581313E+00 4.019E-02
  3.581396E+00 4.516E-02
  3.581479E+00 5.246E-02
  3.581561E+00 6.322E-02
  3.581644E+00 7.953E-02
  3.581726E+00 1.055E-01
  3.581807E+00 1.505E-01
  3.581889E+00 2.398E-01
  3.581970E+00 4.639E-01
  3.582051E+00 1.365E+00
  3.582132E+00 1.585E+01
  3.582212E+00 4.043E+00
  3.582293E+00 9.036E-01
  3.582373E+00 4.727E-01
  3.582453E+00 3.619E-01
  3.582532E+00 3.434E-01
  3.582612E+00 3.695E-01
  3.582691E+00 4.288E-01
  3.582769E+00 5.213E-01
  3.582848E+00 6.533E-01
  3.582926E+00 8.353E-01
  3.583005E+00 1.081E+00
  3.583083E+00 1.401E+00
  3.583315E+00 2.620E+00
  3.583392E+00 2.850E+00
  3.583469E+00 2.850E+00
  3.583545E+00 2.651E+00
  3.583774E+00 1.724E+00
  3.583849E+00 1.471E+00
  3.583925E+00 1.263E+00
  3.584000E+00 1.093E+00
  3.584075E+00 9.542E-01
  3.584150E+00 8.410E-01
  3.584224E+00 7.476E-01
  3.584298E+00 6.700E-01
  3.584446E+00 5.498E-01
  3.584594E+00 4.623E-01
  3.584740E+00 3.967E-01
  3.584958E+00 3.253E-01
  3.585174E+00 2.750E-01
  3.585459E+00 2.287E-01
  3.585741E+00 1.983E-01
  3.586019E+00 1.794E-01
  3.586294E+00 1.706E-01
  3.586567E+00 1.718E-01
  3.587102E+00 1.941E-01
  3.587168E+00 1.927E-01
  3.587234E+00 1.868E-01
  3.587300E+00 1.740E-01
  3.587365E+00 1.515E-01
  3.587496E+00 8.541E-02
  3.587561E+00 1.045E-01
  3.587626E+00 3.393E-01
  3.587690E+00 9.102E-01
  3.587755E+00 1.370E+00
  3.587819E+00 1.458E+00
  3.587883E+00 1.381E+00
  3.588074E+00 1.054E+00
  3.588264E+00 7.972E-01
  3.588389E+00 6.651E-01
  3.588576E+00 5.153E-01
  3.588762E+00 4.098E-01
  3.588945E+00 3.372E-01
  3.589067E+00 3.050E-01
  3.589188E+00 2.897E-01
  3.589249E+00 2.930E-01
  3.589309E+00 3.103E-01
  3.589369E+00 3.549E-01
  3.589429E+00 4.621E-01
  3.589488E+00 7.464E-01
  3.589548E+00 1.741E+00
  3.589666E+00 1.441E+01
  3.589725E+00 3.151E+00
  3.589784E+00 1.382E+00
  3.589843E+00 8.450E-01
  3.589901E+00 6.088E-01
  3.589960E+00 4.813E-01
  3.590018E+00 4.029E-01
  3.590076E+00 3.501E-01
  3.590134E+00 3.122E-01
  3.590191E+00 2.835E-01
  3.590306E+00 2.428E-01
  3.590478E+00 2.037E-01
  3.590704E+00 1.708E-01
  3.590984E+00 1.437E-01
  3.591369E+00 1.180E-01
  3.591854E+00 9.489E-02
  3.592535E+00 7.053E-02
  3.593489E+00 4.242E-02
  3.593829E+00 3.443E-02
  3.593973E+00 3.261E-02
  3.594069E+00 3.268E-02
  3.594163E+00 3.460E-02
  3.594211E+00 3.667E-02
  3.594258E+00 3.982E-02
  3.594305E+00 4.448E-02
  3.594352E+00 5.125E-02
  3.594399E+00 6.111E-02
  3.594445E+00 7.562E-02
  3.594492E+00 9.751E-02
  3.594538E+00 1.320E-01
  3.594585E+00 1.905E-01
  3.594631E+00 3.025E-01
  3.594677E+00 5.726E-01
  3.594723E+00 1.643E+00
  3.594769E+00 1.844E+01
  3.594814E+00 2.675E+00
  3.594860E+00 7.817E-01
  3.594906E+00 5.702E-01
  3.594951E+00 5.861E-01
  3.595041E+00 7.081E-01
  3.595086E+00 7.255E-01
  3.595131E+00 7.032E-01
  3.595221E+00 5.958E-01
  3.595310E+00 4.819E-01
  3.595399E+00 3.929E-01
  3.595487E+00 3.278E-01
  3.595575E+00 2.801E-01
  3.595706E+00 2.300E-01
  3.595836E+00 1.958E-01
  3.596008E+00 1.646E-01
  3.596220E+00 1.388E-01
  3.596472E+00 1.185E-01
  3.596761E+00 1.033E-01
  3.597165E+00 9.120E-02
  3.597324E+00 8.518E-02
  3.597403E+00 7.854E-02
  3.597482E+00 6.856E-02
  3.597521E+00 6.841E-02
  3.597560E+00 9.803E-02
  3.597599E+00 2.768E-01
  3.597638E+00 8.717E-01
  3.597677E+00 1.064E+00
  3.597715E+00 8.164E-01
  3.597754E+00 6.486E-01
  3.597793E+00 5.520E-01
  3.597831E+00 4.909E-01
  3.597869E+00 4.474E-01
  3.597984E+00 3.577E-01
  3.598097E+00 2.917E-01
  3.598210E+00 2.411E-01
  3.598323E+00 2.039E-01
  3.598434E+00 1.781E-01
  3.598544E+00 1.632E-01
  3.598618E+00 1.613E-01
  3.598654E+00 1.645E-01
  3.598691E+00 1.723E-01
  3.598727E+00 1.877E-01
  3.598763E+00 2.173E-01
  3.598799E+00 2.758E-01
  3.598835E+00 4.037E-01
  3.598872E+00 7.417E-01
  3.598907E+00 2.008E+00
  3.598943E+00 8.676E+00
  3.598979E+00 4.568E+00
  3.599015E+00 1.454E+00
  3.599050E+00 7.347E-01
  3.599086E+00 4.737E-01
  3.599121E+00 3.497E-01
  3.599157E+00 2.803E-01
  3.599192E+00 2.370E-01
  3.599227E+00 2.078E-01
  3.599262E+00 1.868E-01
  3.599297E+00 1.711E-01
  3.599367E+00 1.492E-01
  3.599471E+00 1.287E-01
  3.599609E+00 1.120E-01
  3.599813E+00 9.655E-02
  3.600148E+00 8.064E-02
  3.600763E+00 6.065E-02
  3.601384E+00 4.099E-02
  3.601625E+00 3.294E-02
  3.601714E+00 3.130E-02
  3.601773E+00 3.174E-02
  3.601802E+00 3.285E-02
  3.601832E+00 3.488E-02
  3.601861E+00 3.823E-02
  3.601890E+00 4.348E-02
  3.601920E+00 5.146E-02
  3.601949E+00 6.345E-02
  3.601978E+00 8.133E-02
  3.602007E+00 1.080E-01
  3.602036E+00 1.483E-01
  3.602065E+00 2.118E-01
  3.602094E+00 3.272E-01
  3.602123E+00 6.432E-01
  3.602151E+00 3.071E+00
  3.602180E+00 1.010E+01
  3.602209E+00 1.461E+00
  3.602237E+00 7.563E-01
  3.602266E+00 5.407E-01
  3.602294E+00 4.333E-01
  3.602322E+00 3.659E-01
  3.602351E+00 3.183E-01
  3.602379E+00 2.825E-01
  3.602407E+00 2.546E-01
  3.602463E+00 2.138E-01
  3.602519E+00 1.858E-01
  3.602603E+00 1.572E-01
  3.602686E+00 1.379E-01
  3.602823E+00 1.169E-01
  3.603013E+00 9.898E-02
  3.603252E+00 8.474E-02
  3.603642E+00 6.737E-02
  3.603719E+00 6.264E-02
  3.603744E+00 6.259E-02
  3.603769E+00 6.799E-02
  3.603795E+00 9.548E-02
  3.603820E+00 2.326E-01
  3.603845E+00 9.743E-01
  3.603870E+00 1.273E+00
  3.603895E+00 6.763E-01
  3.603920E+00 4.515E-01
  3.603945E+00 3.567E-01
  3.603970E+00 3.079E-01
  3.603995E+00 2.786E-01
  3.604045E+00 2.437E-01
  3.604143E+00 1.995E-01
  3.604266E+00 1.578E-01
  3.604362E+00 1.356E-01
  3.604459E+00 1.236E-01
  3.604530E+00 1.232E-01
  3.604578E+00 1.310E-01
  3.604601E+00 1.399E-01
  3.604625E+00 1.549E-01
  3.604648E+00 1.810E-01
  3.604672E+00 2.289E-01
  3.604695E+00 3.264E-01
  3.604719E+00 5.611E-01
  3.604742E+00 1.311E+00
  3.604766E+00 4.595E+00
  3.604789E+00 4.449E+00
  3.604812E+00 1.416E+00
  3.604835E+00 6.676E-01
  3.604858E+00 4.105E-01
  3.604882E+00 2.939E-01
  3.604905E+00 2.311E-01
  3.604928E+00 1.931E-01
  3.604951E+00 1.681E-01
  3.604974E+00 1.506E-01
  3.604996E+00 1.378E-01
  3.605042E+00 1.204E-01
  3.605110E+00 1.048E-01
  3.605200E+00 9.277E-02
  3.605356E+00 8.079E-02
  3.605619E+00 6.910E-02
  3.606270E+00 4.741E-02
  3.606492E+00 3.717E-02
  3.606611E+00 3.117E-02
  3.606651E+00 3.011E-02
  3.606670E+00 3.016E-02
  3.606690E+00 3.085E-02
  3.606710E+00 3.251E-02
  3.606729E+00 3.555E-02
  3.606749E+00 4.046E-02
  3.606768E+00 4.777E-02
  3.606788E+00 5.778E-02
  3.606807E+00 7.057E-02
  3.606826E+00 8.707E-02
  3.606846E+00 1.143E-01
  3.606865E+00 1.849E-01
  3.606884E+00 4.730E-01
  3.606903E+00 3.052E+00
  3.606923E+00 1.160E+01
  3.606942E+00 1.664E+00
  3.606961E+00 7.363E-01
  3.606980E+00 4.649E-01
  3.606999E+00 3.436E-01
  3.607018E+00 2.764E-01
  3.607037E+00 2.342E-01
  3.607056E+00 2.052E-01
  3.607075E+00 1.842E-01
  3.607112E+00 1.557E-01
  3.607150E+00 1.372E-01
  3.607206E+00 1.192E-01
  3.607280E+00 1.041E-01
  3.607391E+00 9.027E-02
  3.607554E+00 7.787E-02
  3.607890E+00 6.015E-02
  3.607907E+00 6.066E-02
  3.607925E+00 6.404E-02
  3.607942E+00 7.631E-02
  3.607959E+00 1.216E-01
  3.607976E+00 3.377E-01
  3.607994E+00 1.523E+00
  3.608011E+00 1.098E+00
  3.608028E+00 5.106E-01
  3.608045E+00 3.351E-01
  3.608062E+00 2.634E-01
  3.608079E+00 2.271E-01
  3.608096E+00 2.059E-01
  3.608113E+00 1.922E-01
  3.608164E+00 1.681E-01
  3.608265E+00 1.348E-01
  3.608348E+00 1.152E-01
  3.608414E+00 1.068E-01
  3.608463E+00 1.057E-01
  3.608496E+00 1.092E-01
  3.608529E+00 1.193E-01
  3.608545E+00 1.292E-01
  3.608561E+00 1.451E-01
  3.608577E+00 1.719E-01
  3.608593E+00 2.202E-01
  3.608609E+00 3.173E-01
  3.608626E+00 5.497E-01
  3.608642E+00 1.280E+00
  3.608658E+00 4.020E+00
  3.608674E+00 3.237E+00
  3.608690E+00 1.125E+00
  3.608706E+00 5.502E-01
  3.608721E+00 3.434E-01
  3.608737E+00 2.478E-01
  3.608753E+00 1.959E-01
  3.608769E+00 1.644E-01
  3.608785E+00 1.437E-01
  3.608801E+00 1.294E-01
  3.608816E+00 1.189E-01
  3.608848E+00 1.047E-01
  3.608895E+00 9.223E-02
  3.608957E+00 8.278E-02
  3.609065E+00 7.364E-02
  3.609262E+00 6.436E-02
  3.609699E+00 4.842E-02
  3.609841E+00 4.071E-02
  3.609979E+00 3.028E-02
  3.610007E+00 2.948E-02
  3.610020E+00 2.996E-02
  3.610034E+00 3.132E-02
  3.610048E+00 3.379E-02
  3.610061E+00 3.758E-02
  3.610075E+00 4.355E-02
  3.610089E+00 5.460E-02
  3.610102E+00 7.939E-02
  3.610116E+00 1.455E-01
  3.610129E+00 3.710E-01
  3.610143E+00 1.694E+00
  3.610156E+00 2.054E+01
  3.610170E+00 2.609E+00
  3.610183E+00 8.932E-01
  3.610196E+00 5.000E-01
  3.610210E+00 3.449E-01
  3.610223E+00 2.659E-01
  3.610237E+00 2.191E-01
  3.610250E+00 1.885E-01
  3.610263E+00 1.672E-01
  3.610276E+00 1.515E-01
  3.610303E+00 1.301E-01
  3.610342E+00 1.109E-01
  3.610395E+00 9.611E-02
  3.610460E+00 8.514E-02
  3.610576E+00 7.358E-02
  3.610802E+00 5.907E-02
  3.610815E+00 5.914E-02
  3.610827E+00 6.040E-02
  3.610840E+00 6.457E-02
  3.610852E+00 7.683E-02
  3.610864E+00 1.161E-01
  3.610876E+00 2.804E-01
  3.610889E+00 1.269E+00
  3.610901E+00 1.343E+00
  3.610913E+00 5.308E-01
  3.610925E+00 3.173E-01
  3.610938E+00 2.375E-01
  3.610950E+00 1.991E-01
  3.610962E+00 1.777E-01
  3.610974E+00 1.644E-01
  3.610998E+00 1.491E-01
  3.611094E+00 1.165E-01
  3.611154E+00 1.027E-01
  3.611201E+00 9.713E-02
  3.611236E+00 9.709E-02
  3.611260E+00 1.003E-01
  3.611283E+00 1.085E-01
  3.611295E+00 1.160E-01
  3.611306E+00 1.275E-01
  3.611318E+00 1.460E-01
  3.611330E+00 1.770E-01
  3.611341E+00 2.340E-01
  3.611353E+00 3.523E-01
  3.611364E+00 6.516E-01
  3.611376E+00 1.653E+00
  3.611387E+00 4.092E+00
  3.611399E+00 1.976E+00
  3.611410E+00 7.787E-01
  3.611421E+00 4.191E-01
  3.611433E+00 2.762E-01
  3.611444E+00 2.061E-01
  3.611456E+00 1.666E-01
  3.611467E+00 1.421E-01
  3.611478E+00 1.258E-01
  3.611501E+00 1.058E-01
  3.611524E+00 9.438E-02
  3.611557E+00 8.427E-02
  3.611613E+00 7.524E-02
  3.611702E+00 6.781E-02
  3.611907E+00 5.856E-02
  3.612159E+00 4.819E-02
  3.612271E+00 4.066E-02
  3.612349E+00 3.280E-02
  3.622339E+00 2.191E-01
  3.622349E+00 2.268E-01
  3.672235E+00 2.086E-01
  3.697179E+00 1.922E-01
  3.747065E+00 1.485E-01
  3.772008E+00 1.336E-01
  3.796952E+00 1.242E-01
  3.846838E+00 1.131E-01
  3.921668E+00 1.047E-01
  4.196045E+00 1.045E-01
  4.345705E+00 1.011E-01
  5.143891E+00 7.263E-02
  5.842303E+00 5.283E-02
  6.066793E+00 4.833E-02
  6.189352E+00 4.552E-02
  6.314383E+00 4.286E-02
  6.441940E+00 4.037E-02
  6.572080E+00 3.802E-02
  6.704844E+00 3.580E-02
  6.840289E+00 3.372E-02
  6.978470E+00 3.176E-02
  7.119446E+00 2.991E-02
  7.263268E+00 2.816E-02
  7.410000E+00 2.652E-02
  7.559689E+00 2.498E-02
  7.712403E+00 2.352E-02
  7.868208E+00 2.215E-02
  8.027154E+00 2.086E-02
  8.189311E+00 1.965E-02
  8.354749E+00 1.851E-02
  8.523524E+00 1.743E-02
  8.695714E+00 1.641E-02
  8.871375E+00 1.546E-02
  9.050594E+00 1.456E-02
  9.233424E+00 1.371E-02
  9.419950E+00 1.291E-02
  9.610250E+00 1.216E-02
  9.804390E+00 1.145E-02
  1.000245E+01 1.078E-02
  1.020451E+01 1.016E-02
  1.041066E+01 9.564E-03
  1.062097E+01 9.007E-03
  1.083553E+01 8.483E-03
  1.105442E+01 7.989E-03
  1.127773E+01 7.524E-03
  1.150556E+01 7.086E-03
  1.173799E+01 6.673E-03
  1.197511E+01 6.284E-03
  1.221702E+01 5.918E-03
  1.246382E+01 5.574E-03
  1.271561E+01 5.249E-03
  1.297248E+01 4.943E-03
  1.323454E+01 4.656E-03
  1.350190E+01 4.384E-03
  1.377465E+01 4.129E-03
  1.405292E+01 3.889E-03
  1.433680E+01 3.662E-03
  1.462643E+01 3.449E-03
  1.492190E+01 3.248E-03
  1.522335E+01 3.059E-03
  1.553088E+01 2.881E-03
  1.584462E+01 2.713E-03
  1.616470E+01 2.555E-03
  1.649124E+01 2.406E-03
  1.682439E+01 2.266E-03
  1.716426E+01 2.134E-03
  1.751100E+01 2.010E-03
  1.786475E+01 1.893E-03
  1.822563E+01 1.783E-03
  1.859383E+01 1.679E-03
  1.896944E+01 1.581E-03
  1.935266E+01 1.489E-03
  1.974359E+01 1.402E-03
  2.014246E+01 1.321E-03
  2.054935E+01 1.244E-03
  2.096448E+01 1.171E-03
  2.138799E+01 1.103E-03
  2.182005E+01 1.039E-03
  2.226083E+01 9.783E-04
  2.271056E+01 9.213E-04
  2.316933E+01 8.677E-04
  2.363737E+01 8.171E-04
  2.411488E+01 7.696E-04
  2.460205E+01 7.247E-04