  1.562262E-02 1.099E+02
  1.563260E-02 1.147E+02
  6.691730E-02 3.245E+00
  1.168981E-01 6.623E-01
  1.656188E-01 2.265E-01
  2.131215E-01 9.974E-02
  2.594463E-01 5.105E-02
  3.046319E-01 2.893E-02
  3.487155E-01 1.772E-02
  3.917324E-01 1.155E-02
  4.337169E-01 7.925E-03
  4.747017E-01 5.669E-03
  5.147183E-01 4.188E-03
  5.537970E-01 3.169E-03
  5.919668E-01 2.442E-03
  6.292558E-01 1.909E-03
  6.656908E-01 1.511E-03
  7.012976E-01 1.210E-03
  7.361013E-01 9.817E-04
  7.701258E-01 8.070E-04
  8.033941E-01 6.728E-04
  8.359285E-01 5.689E-04
  8.677505E-01 4.877E-04
  8.988807E-01 4.233E-04
  9.293389E-01 3.713E-04
  9.883159E-01 2.926E-04
  1.044827E+00 2.347E-04
  1.125264E+00 1.702E-04
  1.200875E+00 1.235E-04
  1.248790E+00 1.000E-04
  1.294832E+00 8.181E-05
  1.339097E+00 6.784E-05
  1.381676E+00 5.728E-05
  1.442567E+00 4.618E-05
  1.500116E+00 3.896E-05
  1.572063E+00 3.277E-05
  1.877327E+00 1.346E-05
  1.946828E+00 9.907E-06
  1.999996E+00 7.766E-06
  2.058721E+00 5.934E-06
  2.121017E+00 4.462E-06
  2.177422E+00 3.441E-06
  2.235590E+00 2.632E-06
  2.294073E+00 2.019E-06
  2.392908E+00 1.143E-06
  2.430428E+00 7.623E-07
  2.439279E+00 7.010E-07
  2.443629E+00 6.899E-07
  2.447929E+00 7.017E-07
  2.452182E+00 7.491E-07
  2.456387E+00 8.531E-07
  2.460545E+00 1.049E-06
  2.464657E+00 1.398E-06
  2.468723E+00 2.016E-06
  2.472745E+00 3.132E-06
  2.476722E+00 5.253E-06
  2.480656E+00 9.642E-06
  2.484547E+00 2.015E-05
  2.488395E+00 5.293E-05
  2.492202E+00 2.414E-04
  2.495968E+00 2.915E-02
  2.499693E+00 3.516E-04
  2.503379E+00 9.953E-05
  2.507025E+00 5.013E-05
  2.510632E+00 3.183E-05
  2.514201E+00 2.288E-05
  2.517732E+00 1.776E-05
  2.521226E+00 1.451E-05
  2.524684E+00 1.230E-05
  2.528105E+00 1.071E-05
  2.531491E+00 9.530E-06
  2.534841E+00 8.619E-06
  2.541439E+00 7.318E-06
  2.547902E+00 6.447E-06
  2.557351E+00 5.589E-06
  2.569511E+00 4.907E-06
  2.584042E+00 4.443E-06
  2.603222E+00 4.181E-06
  2.623616E+00 4.204E-06
  2.644803E+00 4.506E-06
  2.666390E+00 5.117E-06
  2.688028E+00 6.089E-06
  2.709417E+00 7.503E-06
  2.728778E+00 9.301E-06
  2.747751E+00 1.173E-05
  2.764902E+00 1.475E-05
  2.780457E+00 1.850E-05
  2.794608E+00 2.320E-05
  2.806566E+00 2.869E-05
  2.817580E+00 3.578E-05
  2.826107E+00 4.362E-05
  2.832538E+00 5.213E-05
  2.837149E+00 6.120E-05
  2.840127E+00 7.034E-05
  2.841588E+00 7.720E-05
  2.843031E+00 8.787E-05
  2.843745E+00 9.638E-05
  2.844456E+00 1.098E-04
  2.845162E+00 1.352E-04
  2.845863E+00 2.023E-04
  2.846560E+00 6.415E-04
  2.847253E+00 9.762E-04
  2.847942E+00 8.511E-05
  2.848626E+00 5.970E-05
  2.849307E+00 6.064E-05
  2.851323E+00 7.473E-05
  2.852646E+00 8.597E-05
  2.853954E+00 1.015E-04
  2.854602E+00 1.133E-04
  2.855246E+00 1.318E-04
  2.855887E+00 1.668E-04
  2.856523E+00 2.588E-04
  2.857156E+00 7.801E-04
  2.857785E+00 1.668E-02
  2.858410E+00 3.140E-04
  2.859031E+00 1.378E-04
  2.859649E+00 1.087E-04
  2.860263E+00 1.023E-04
  2.860874E+00 1.023E-04
  2.862684E+00 1.122E-04
  2.865631E+00 1.381E-04
  2.867927E+00 1.659E-04
  2.870172E+00 2.038E-04
  2.871822E+00 2.429E-04
  2.873444E+00 2.971E-04
  2.874510E+00 3.465E-04
  2.875564E+00 4.125E-04
  2.876606E+00 5.045E-04
  2.877123E+00 5.651E-04
  2.877637E+00 6.396E-04
  2.878148E+00 7.330E-04
  2.878656E+00 8.526E-04
  2.879162E+00 1.010E-03
  2.879664E+00 1.224E-03
  2.880164E+00 1.526E-03
  2.880661E+00 1.976E-03
  2.881156E+00 2.693E-03
  2.881648E+00 3.954E-03
  2.882137E+00 6.515E-03
  2.882623E+00 1.317E-02
  2.883107E+00 4.226E-02
  2.883588E+00 1.388E+00
  2.884066E+00 8.444E-02
  2.884542E+00 1.597E-02
  2.885015E+00 6.265E-03
  2.885486E+00 3.220E-03
  2.885954E+00 1.906E-03
  2.886420E+00 1.231E-03
  2.886883E+00 8.431E-04
  2.887343E+00 6.022E-04
  2.887802E+00 4.440E-04
  2.888257E+00 3.355E-04
  2.888711E+00 2.586E-04
  2.889162E+00 2.026E-04
  2.889610E+00 1.609E-04
  2.890056E+00 1.294E-04
  2.890500E+00 1.052E-04
  2.890941E+00 8.645E-05
  2.891380E+00 7.175E-05
  2.891817E+00 6.017E-05
  2.892252E+00 5.101E-05
  2.892684E+00 4.375E-05
  2.893114E+00 3.799E-05
  2.893541E+00 3.344E-05
  2.893967E+00 2.987E-05
  2.894390E+00 2.709E-05
  2.894811E+00 2.498E-05
  2.895646E+00 2.229E-05
  2.896473E+00 2.114E-05
  2.897291E+00 2.109E-05
  2.898503E+00 2.247E-05
  2.900090E+00 2.612E-05
  2.902028E+00 3.250E-05
  2.904662E+00 4.359E-05
  2.907915E+00 6.058E-05
  2.911364E+00 8.315E-05
  2.914651E+00 1.109E-04
  2.917169E+00 1.388E-04
  2.918393E+00 1.563E-04
  2.918696E+00 1.659E-04
  2.918997E+00 1.619E-04
  2.921356E+00 2.087E-04
  2.923068E+00 2.558E-04
  2.924460E+00 3.114E-04
  2.925551E+00 3.757E-04
  2.926357E+00 4.454E-04
  2.926888E+00 5.096E-04
  2.927414E+00 5.974E-04
  2.927676E+00 6.549E-04
  2.927936E+00 7.255E-04
  2.928195E+00 8.142E-04
  2.928453E+00 9.288E-04
  2.928710E+00 1.082E-03
  2.928965E+00 1.295E-03
  2.929220E+00 1.607E-03
  2.929473E+00 2.098E-03
  2.929726E+00 2.950E-03
  2.929977E+00 4.663E-03
  2.930227E+00 9.079E-03
  2.930476E+00 2.829E-02
  2.930724E+00 6.397E-01
  2.930971E+00 4.606E-02
  2.931216E+00 9.235E-03
  2.931461E+00 3.704E-03
  2.931705E+00 1.971E-03
  2.931947E+00 1.236E-03
  2.932189E+00 8.686E-04
  2.932429E+00 6.658E-04
  2.932669E+00 5.470E-04
  2.932907E+00 4.752E-04
  2.933144E+00 4.319E-04
  2.933381E+00 4.068E-04
  2.933616E+00 3.944E-04
  2.934084E+00 3.953E-04
  2.934548E+00 4.240E-04
  2.934778E+00 4.502E-04
  2.935007E+00 4.880E-04
  2.935236E+00 5.446E-04
  2.935463E+00 6.356E-04
  2.935690E+00 8.004E-04
  2.935915E+00 1.160E-03
  2.936140E+00 2.240E-03
  2.936363E+00 8.991E-03
  2.936586E+00 6.555E-01
  2.936808E+00 6.950E-03
  2.937028E+00 2.463E-03
  2.937248E+00 1.531E-03
  2.937467E+00 1.200E-03
  2.937685E+00 1.057E-03
  2.937902E+00 9.927E-04
  2.938119E+00 9.687E-04
  2.938548E+00 9.842E-04
  2.939186E+00 1.096E-03
  2.939816E+00 1.290E-03
  2.940439E+00 1.585E-03
  2.940849E+00 1.862E-03
  2.941257E+00 2.237E-03
  2.941661E+00 2.764E-03
  2.941861E+00 3.113E-03
  2.942061E+00 3.541E-03
  2.942260E+00 4.077E-03
  2.942459E+00 4.762E-03
  2.942656E+00 5.658E-03
  2.942853E+00 6.865E-03
  2.943049E+00 8.551E-03
  2.943244E+00 1.102E-02
  2.943438E+00 1.486E-02
  2.943632E+00 2.134E-02
  2.943824E+00 3.371E-02
  2.944016E+00 6.231E-02
  2.944208E+00 1.573E-01
  2.944398E+00 1.019E+00
  2.944588E+00 2.667E+00
  2.944777E+00 1.980E-01
  2.944965E+00 6.412E-02
  2.945152E+00 3.060E-02
  2.945339E+00 1.752E-02
  2.945525E+00 1.115E-02
  2.945710E+00 7.605E-03
  2.945895E+00 5.444E-03
  2.946079E+00 4.038E-03
  2.946262E+00 3.077E-03
  2.946444E+00 2.396E-03
  2.946626E+00 1.897E-03
  2.946806E+00 1.523E-03
  2.946987E+00 1.236E-03
  2.947166E+00 1.013E-03
  2.947345E+00 8.362E-04
  2.947523E+00 6.948E-04
  2.947700E+00 5.803E-04
  2.947877E+00 4.867E-04
  2.948053E+00 4.097E-04
  2.948228E+00 3.459E-04
  2.948403E+00 2.927E-04
  2.948577E+00 2.481E-04
  2.948750E+00 2.106E-04
  2.948923E+00 1.789E-04
  2.949095E+00 1.522E-04
  2.949266E+00 1.296E-04
  2.949437E+00 1.104E-04
  2.949607E+00 9.417E-05
  2.949776E+00 8.046E-05
  2.949944E+00 6.891E-05
  2.950112E+00 5.922E-05
  2.950280E+00 5.115E-05
  2.950447E+00 4.448E-05
  2.950613E+00 3.903E-05
  2.950778E+00 3.467E-05
  2.950943E+00 3.125E-05
  2.951107E+00 2.867E-05
  2.951271E+00 2.683E-05
  2.951434E+00 2.566E-05
  2.951596E+00 2.507E-05
  2.951919E+00 2.540E-05
  2.952398E+00 2.851E-05
  2.952557E+00 4.567E-02
  2.952715E+00 3.484E-05
  2.953030E+00 3.933E-05
  2.953497E+00 4.882E-05
  2.954264E+00 6.849E-05
  2.955462E+00 1.064E-04
  2.956193E+00 1.301E-04
  2.956482E+00 1.351E-04
  2.956625E+00 1.327E-04
  2.956768E+00 1.182E-04
  2.956911E+00 8.919E-03
  2.957053E+00 2.749E-04
  2.957194E+00 2.311E-04
  2.957335E+00 2.240E-04
  2.957616E+00 2.286E-04
  2.958308E+00 2.622E-04
  2.959390E+00 3.353E-04
  2.960572E+00 4.402E-04
  2.961591E+00 5.606E-04
  2.962459E+00 6.985E-04
  2.963187E+00 8.564E-04
  2.963783E+00 1.036E-03
  2.964252E+00 1.236E-03
  2.964599E+00 1.448E-03
  2.964829E+00 1.641E-03
  2.965057E+00 1.910E-03
  2.965171E+00 2.093E-03
  2.965284E+00 2.328E-03
  2.965397E+00 2.647E-03
  2.965509E+00 3.112E-03
  2.965621E+00 3.863E-03
  2.965733E+00 5.290E-03
  2.965844E+00 8.945E-03
  2.965955E+00 2.829E-02
  2.966065E+00 2.773E-01
  2.966175E+00 5.909E-03
  2.966285E+00 1.567E-03
  2.966395E+00 1.094E-03
  2.966504E+00 1.146E-03
  2.966612E+00 1.325E-03
  2.966721E+00 1.553E-03
  2.966829E+00 1.818E-03
  2.966936E+00 2.122E-03
  2.967044E+00 2.481E-03
  2.967150E+00 2.919E-03
  2.967257E+00 3.473E-03
  2.967363E+00 4.205E-03
  2.967469E+00 5.219E-03
  2.967575E+00 6.707E-03
  2.967680E+00 9.058E-03
  2.967785E+00 1.315E-02
  2.967889E+00 2.137E-02
  2.967993E+00 4.217E-02
  2.968097E+00 1.258E-01
  2.968200E+00 1.956E+00
  2.968304E+00 4.968E-01
  2.968406E+00 8.100E-02
  2.968509E+00 3.280E-02
  2.968611E+00 1.835E-02
  2.968713E+00 1.222E-02
  2.968814E+00 9.106E-03
  2.968915E+00 7.353E-03
  2.969016E+00 6.304E-03
  2.969116E+00 5.660E-03
  2.969217E+00 5.270E-03
  2.969316E+00 5.049E-03
  2.969515E+00 4.947E-03
  2.969713E+00 5.163E-03
  2.969909E+00 5.643E-03
  2.970104E+00 6.402E-03
  2.970297E+00 7.515E-03
  2.970394E+00 8.250E-03
  2.970490E+00 9.142E-03
  2.970585E+00 1.023E-02
  2.970681E+00 1.159E-02
  2.970776E+00 1.329E-02
  2.970871E+00 1.548E-02
  2.970965E+00 1.836E-02
  2.971060E+00 2.225E-02
  2.971153E+00 2.772E-02
  2.971247E+00 3.578E-02
  2.971340E+00 4.840E-02
  2.971433E+00 6.999E-02
  2.971526E+00 1.119E-01
  2.971619E+00 2.121E-01
  2.971711E+00 5.695E-01
  2.971803E+00 4.962E+00
  2.971894E+00 4.509E+00
  2.971986E+00 4.968E-01
  2.972077E+00 1.723E-01
  2.972167E+00 8.425E-02
  2.972258E+00 4.872E-02
  2.972348E+00 3.109E-02
  2.972438E+00 2.117E-02
  2.972528E+00 1.508E-02
  2.972617E+00 1.110E-02
  2.972706E+00 8.373E-03
  2.972795E+00 6.436E-03
  2.972883E+00 5.017E-03
  2.972972E+00 3.952E-03
  2.973059E+00 3.136E-03
  2.973147E+00 2.500E-03
  2.973235E+00 1.996E-03
  2.973322E+00 1.592E-03
  2.973409E+00 1.264E-03
  2.973495E+00 9.948E-04
  2.973582E+00 7.706E-04
  2.973668E+00 5.817E-04
  2.973754E+00 4.203E-04
  2.973839E+00 2.802E-04
  2.973924E+00 1.576E-04
  2.974009E+00 5.420E-05
  2.974094E+00 4.320E-06
  2.974179E+00 3.770E-04
  2.974263E+00 4.988E-02
  2.974347E+00 4.272E-03
  2.974431E+00 1.259E-03
  2.974514E+00 6.684E-04
  2.974597E+00 4.260E-04
  2.974680E+00 2.941E-04
  2.974763E+00 2.112E-04
  2.974846E+00 1.550E-04
  2.974928E+00 1.150E-04
  2.975010E+00 8.612E-05
  2.975092E+00 6.513E-05
  2.975173E+00 5.012E-05
  2.975254E+00 3.979E-05
  2.975335E+00 3.324E-05
  2.975416E+00 2.982E-05
  2.975497E+00 2.904E-05
  2.975577E+00 3.050E-05
  2.975657E+00 3.392E-05
  2.975737E+00 3.906E-05
  2.975816E+00 4.574E-05
  2.975896E+00 5.378E-05
  2.975975E+00 6.309E-05
  2.976132E+00 8.507E-05
  2.976289E+00 1.112E-04
  2.976522E+00 1.579E-04
  2.976676E+00 1.953E-04
  2.976753E+00 2.172E-04
  2.976829E+00 2.432E-04
  2.976905E+00 2.779E-04
  2.976982E+00 3.392E-04
  2.977057E+00 5.554E-04
  2.977133E+00 1.867E+00
  2.977208E+00 5.982E-04
  2.977284E+00 3.749E-04
  2.977359E+00 3.632E-04
  2.977508E+00 3.944E-04
  2.977951E+00 5.372E-04
  2.978529E+00 7.650E-04
  2.979094E+00 1.040E-03
  2.979646E+00 1.378E-03
  2.980119E+00 1.750E-03
  2.980583E+00 2.228E-03
  2.980973E+00 2.773E-03
  2.981294E+00 3.386E-03
  2.981547E+00 4.060E-03
  2.981735E+00 4.756E-03
  2.981921E+00 5.766E-03
  2.982045E+00 6.787E-03
  2.982106E+00 7.495E-03
  2.982167E+00 8.433E-03
  2.982229E+00 9.760E-03
  2.982290E+00 1.183E-02
  2.982350E+00 1.556E-02
  2.982411E+00 2.443E-02
  2.982471E+00 6.353E-02
  2.982532E+00 1.910E+00
  2.982592E+00 1.932E-02
  2.982652E+00 4.896E-03
  2.982712E+00 3.893E-03
  2.982771E+00 4.383E-03
  2.982831E+00 5.196E-03
  2.982949E+00 7.197E-03
  2.983008E+00 8.405E-03
  2.983067E+00 9.827E-03
  2.983126E+00 1.156E-02
  2.983184E+00 1.375E-02
  2.983243E+00 1.663E-02
  2.983301E+00 2.060E-02
  2.983359E+00 2.637E-02
  2.983417E+00 3.534E-02
  2.983474E+00 5.059E-02
  2.983532E+00 7.999E-02
  2.983589E+00 1.492E-01
  2.983647E+00 3.861E-01
  2.983704E+00 2.707E+00
  2.983761E+00 6.030E+00
  2.983818E+00 5.063E-01
  2.983874E+00 1.779E-01
  2.983931E+00 9.307E-02
  2.983987E+00 5.937E-02
  2.984043E+00 4.284E-02
  2.984099E+00 3.369E-02
  2.984155E+00 2.825E-02
  2.984211E+00 2.489E-02
  2.984267E+00 2.280E-02
  2.984322E+00 2.156E-02
  2.984378E+00 2.091E-02
  2.984488E+00 2.089E-02
  2.984597E+00 2.218E-02
  2.984706E+00 2.468E-02
  2.984815E+00 2.859E-02
  2.984923E+00 3.445E-02
  2.984976E+00 3.842E-02
  2.985030E+00 4.335E-02
  2.985084E+00 4.956E-02
  2.985137E+00 5.752E-02
  2.985190E+00 6.793E-02
  2.985243E+00 8.195E-02
  2.985296E+00 1.015E-01
  2.985349E+00 1.299E-01
  2.985401E+00 1.737E-01
  2.985454E+00 2.469E-01
  2.985506E+00 3.837E-01
  2.985558E+00 6.901E-01
  2.985610E+00 1.643E+00
  2.985662E+00 8.501E+00
  2.985714E+00 7.588E+01
  2.985766E+00 2.964E+00
  2.985817E+00 8.781E-01
  2.985869E+00 4.043E-01
  2.985920E+00 2.269E-01
  2.985971E+00 1.426E-01
  2.986022E+00 9.627E-02
  2.986073E+00 6.835E-02
  2.986124E+00 5.032E-02
  2.986174E+00 3.808E-02
  2.986225E+00 2.942E-02
  2.986275E+00 2.311E-02
  2.986326E+00 1.838E-02
  2.986376E+00 1.477E-02
  2.986426E+00 1.196E-02
  2.986475E+00 9.733E-03
  2.986525E+00 7.950E-03
  2.986575E+00 6.504E-03
  2.986624E+00 5.318E-03
  2.986674E+00 4.337E-03
  2.986723E+00 3.517E-03
  2.986772E+00 2.825E-03
  2.986821E+00 2.235E-03
  2.986870E+00 1.725E-03
  2.986918E+00 1.278E-03
  2.986967E+00 8.757E-04
  2.987015E+00 5.051E-04
  2.987064E+00 1.658E-04
  2.987112E+00 2.243E-05
  2.987160E+00 6.339E-03
  2.987208E+00 1.730E-02
  2.987256E+00 3.358E-03
  2.987304E+00 1.692E-03
  2.987351E+00 1.062E-03
  2.987399E+00 7.224E-04
  2.987446E+00 5.071E-04
  2.987493E+00 3.589E-04
  2.987540E+00 2.525E-04
  2.987587E+00 1.748E-04
  2.987634E+00 1.183E-04
  2.987681E+00 7.821E-05
  2.987728E+00 5.138E-05
  2.987774E+00 3.549E-05
  2.987821E+00 2.887E-05
  2.987867E+00 3.022E-05
  2.987913E+00 3.851E-05
  2.987959E+00 5.294E-05
  2.988005E+00 7.281E-05
  2.988051E+00 9.756E-05
  2.988097E+00 1.267E-04
  2.988143E+00 1.598E-04
  2.988234E+00 2.365E-04
  2.988324E+00 3.257E-04
  2.988369E+00 3.762E-04
  2.988414E+00 4.389E-04
  2.988459E+00 5.659E-04
  2.988504E+00 1.560E-03
  2.988548E+00 3.645E-02
  2.988593E+00 3.170E-03
  2.988637E+00 4.025E-03
  2.988726E+00 6.973E-04
  2.988770E+00 8.577E-04
  2.988857E+00 1.081E-03
  2.989247E+00 1.942E-03
  2.989545E+00 2.732E-03
  2.989837E+00 3.680E-03
  2.990125E+00 4.837E-03
  2.990407E+00 6.278E-03
  2.990686E+00 8.130E-03
  2.990920E+00 1.021E-02
  2.991113E+00 1.251E-02
  2.991266E+00 1.492E-02
  2.991418E+00 1.823E-02
  2.991530E+00 2.177E-02
  2.991605E+00 2.506E-02
  2.991679E+00 2.982E-02
  2.991716E+00 3.320E-02
  2.991753E+00 3.779E-02
  2.991790E+00 4.456E-02
  2.991827E+00 5.585E-02
  2.991863E+00 7.908E-02
  2.991900E+00 1.520E-01
  2.991937E+00 1.111E+00
  2.991973E+00 2.180E-01
  2.992009E+00 2.749E-02
  2.992046E+00 1.779E-02
  2.992082E+00 1.943E-02
  2.992118E+00 2.299E-02
  2.992190E+00 3.179E-02
  2.992226E+00 3.702E-02
  2.992261E+00 4.311E-02
  2.992297E+00 5.041E-02
  2.992333E+00 5.950E-02
  2.992368E+00 7.122E-02
  2.992404E+00 8.698E-02
  2.992439E+00 1.092E-01
  2.992474E+00 1.424E-01
  2.992509E+00 1.957E-01
  2.992545E+00 2.906E-01
  2.992580E+00 4.865E-01
  2.992615E+00 1.004E+00
  2.992649E+00 3.294E+00
  2.992684E+00 1.010E+02
  2.992719E+00 7.934E+00
  2.992754E+00 1.580E+00
  2.992788E+00 6.775E-01
  2.992823E+00 3.894E-01
  2.992857E+00 2.631E-01
  2.992891E+00 1.977E-01
  2.992926E+00 1.603E-01
  2.992960E+00 1.376E-01
  2.992994E+00 1.236E-01
  2.993028E+00 1.151E-01
  2.993062E+00 1.104E-01
  2.993129E+00 1.085E-01
  2.993197E+00 1.142E-01
  2.993264E+00 1.266E-01
  2.993331E+00 1.465E-01
  2.993397E+00 1.766E-01
  2.993430E+00 1.971E-01
  2.993463E+00 2.225E-01
  2.993496E+00 2.545E-01
  2.993529E+00 2.955E-01
  2.993562E+00 3.490E-01
  2.993595E+00 4.208E-01
  2.993627E+00 5.203E-01
  2.993660E+00 6.642E-01
  2.993692E+00 8.839E-01
  2.993725E+00 1.245E+00
  2.993757E+00 1.906E+00
  2.993790E+00 3.328E+00
  2.993822E+00 7.411E+00
  2.993854E+00 3.030E+01
  2.993886E+00 3.944E+03
  2.993918E+00 2.331E+01
  2.993950E+00 5.954E+00
  2.993982E+00 2.608E+00
  2.994014E+00 1.432E+00
  2.994046E+00 8.900E-01
  2.994077E+00 5.984E-01
  2.994109E+00 4.246E-01
  2.994140E+00 3.133E-01
  2.994172E+00 2.380E-01
  2.994203E+00 1.850E-01
  2.994235E+00 1.464E-01
  2.994266E+00 1.175E-01
  2.994297E+00 9.534E-02
  2.994328E+00 7.810E-02
  2.994359E+00 6.444E-02
  2.994390E+00 5.347E-02
  2.994421E+00 4.456E-02
  2.994452E+00 3.724E-02
  2.994483E+00 3.116E-02
  2.994513E+00 2.609E-02
  2.994544E+00 2.180E-02
  2.994575E+00 1.816E-02
  2.994605E+00 1.504E-02
  2.994666E+00 9.945E-03
  2.994727E+00 5.690E-03
  2.994757E+00 3.408E-03
  2.994787E+00 3.372E-04
  2.994817E+00 5.988E-02
  2.994847E+00 9.371E-03
  2.994877E+00 5.589E-03
  2.994907E+00 3.921E-03
  2.994937E+00 2.870E-03
  2.994966E+00 2.114E-03
  2.994996E+00 1.541E-03
  2.995026E+00 1.097E-03
  2.995055E+00 7.519E-04
  2.995085E+00 4.879E-04
  2.995114E+00 2.921E-04
  2.995143E+00 1.551E-04
  2.995173E+00 6.980E-05
  2.995202E+00 3.041E-05
  2.995231E+00 3.233E-05
  2.995260E+00 7.168E-05
  2.995289E+00 1.452E-04
  2.995318E+00 2.501E-04
  2.995347E+00 3.842E-04
  2.995376E+00 5.455E-04
  2.995405E+00 7.334E-04
  2.995434E+00 9.494E-04
  2.995462E+00 1.202E-03
  2.995491E+00 1.526E-03
  2.995519E+00 2.075E-03
  2.995548E+00 3.868E-03
  2.995576E+00 3.032E-02
  2.995605E+00 6.121E-02
  2.995633E+00 1.382E-02
  2.995661E+00 1.088E-02
  2.995689E+00 1.479E-02
  2.995718E+00 4.694E-02
  2.995746E+00 3.585E-03
  2.995774E+00 4.885E-03
  2.995802E+00 5.750E-03
  2.996023E+00 1.117E-02
  2.996187E+00 1.605E-02
  2.996348E+00 2.210E-02
  2.996508E+00 2.968E-02
  2.996666E+00 3.925E-02
  2.996821E+00 5.155E-02
  2.996950E+00 6.464E-02
  2.997077E+00 8.133E-02
  2.997202E+00 1.032E-01
  2.997302E+00 1.260E-01
  2.997401E+00 1.562E-01
  2.997475E+00 1.860E-01
  2.997548E+00 2.260E-01
  2.997596E+00 2.617E-01
  2.997645E+00 3.100E-01
  2.997669E+00 3.417E-01
  2.997693E+00 3.815E-01
  2.997717E+00 4.342E-01
  2.997741E+00 5.087E-01
  2.997765E+00 6.265E-01
  2.997788E+00 8.491E-01
  2.997812E+00 1.444E+00
  2.997836E+00 5.552E+00
  2.997860E+00 7.317E+00
  2.997883E+00 4.494E-01
  2.997907E+00 2.530E-01
  2.997931E+00 2.752E-01
  2.997954E+00 3.291E-01
  2.997978E+00 3.928E-01
  2.998001E+00 4.641E-01
  2.998048E+00 6.401E-01
  2.998071E+00 7.544E-01
  2.998094E+00 8.965E-01
  2.998118E+00 1.079E+00
  2.998141E+00 1.322E+00
  2.998164E+00 1.661E+00
  2.998187E+00 2.158E+00
  2.998210E+00 2.936E+00
  2.998233E+00 4.265E+00
  2.998256E+00 6.836E+00
  2.998279E+00 1.287E+01
  2.998301E+00 3.318E+01
  2.998324E+00 2.140E+02
  2.998347E+00 7.689E+02
  2.998370E+00 5.381E+01
  2.998392E+00 1.873E+01
  2.998415E+00 9.902E+00
  2.998438E+00 6.424E+00
  2.998460E+00 4.728E+00
  2.998483E+00 3.799E+00
  2.998505E+00 3.257E+00
  2.998527E+00 2.937E+00
  2.998550E+00 2.756E+00
  2.998572E+00 2.671E+00
  2.998594E+00 2.658E+00
  2.998639E+00 2.801E+00
  2.998683E+00 3.148E+00
  2.998727E+00 3.723E+00
  2.998749E+00 4.117E+00
  2.998771E+00 4.604E+00
  2.998793E+00 5.205E+00
  2.998814E+00 5.953E+00
  2.998836E+00 6.893E+00
  2.998858E+00 8.091E+00
  2.998880E+00 9.644E+00
  2.998901E+00 1.170E+01
  2.998923E+00 1.449E+01
  2.998945E+00 1.840E+01
  2.998966E+00 2.412E+01
  2.998988E+00 3.294E+01
  2.999009E+00 4.752E+01
  2.999030E+00 7.421E+01
  2.999052E+00 1.311E+02
  2.999073E+00 2.887E+02
  2.999094E+00 1.066E+03
  2.999116E+00 9.943E+04
  2.999137E+00 1.581E+03
  2.999158E+00 3.624E+02
  2.999179E+00 1.577E+02
  2.999200E+00 8.822E+01
  2.999221E+00 5.653E+01
  2.999242E+00 3.944E+01
  2.999263E+00 2.916E+01
  2.999284E+00 2.250E+01
  2.999305E+00 1.793E+01
  2.999326E+00 1.466E+01
  2.999347E+00 1.223E+01
  2.999367E+00 1.039E+01
  2.999388E+00 8.943E+00
  2.999409E+00 7.795E+00
  2.999429E+00 6.867E+00
  2.999450E+00 6.106E+00
  2.999491E+00 4.943E+00
  2.999532E+00 4.111E+00
  2.999573E+00 3.501E+00
  2.999613E+00 3.053E+00
  2.999654E+00 2.749E+00
  2.999674E+00 2.672E+00
  2.999694E+00 2.721E+00
  2.999714E+00 3.502E+00
  2.999734E+00 5.292E-01
  2.999754E+00 1.378E+00
  2.999774E+00 1.481E+00
  2.999794E+00 1.478E+00
  2.999992E+00 1.045E+00
  3.000089E+00 8.984E-01
  3.000128E+00 8.758E-01
  3.000147E+00 8.930E-01
  3.000166E+00 9.699E-01
  3.000186E+00 1.252E+00
  3.000205E+00 2.753E+00
  3.000224E+00 6.794E+01
  3.000243E+00 9.403E+00
  3.000262E+00 2.803E+00
  3.000281E+00 1.859E+00
  3.000300E+00 1.681E+00
  3.000319E+00 2.675E+00
  3.000338E+00 3.568E-01
  3.000357E+00 5.619E-01
  3.000376E+00 6.232E-01
  3.000395E+00 6.365E-01
  3.000469E+00 6.073E-01
  3.000654E+00 5.173E-01
  3.000872E+00 4.531E-01
  3.001102E+00 4.208E-01
  3.001310E+00 4.219E-01
  3.001446E+00 4.462E-01
  3.001547E+00 4.892E-01
  3.001614E+00 5.448E-01
  3.001647E+00 5.907E-01
  3.001680E+00 6.629E-01
  3.001696E+00 7.179E-01
  3.001713E+00 7.974E-01
  3.001729E+00 9.237E-01
  3.001746E+00 1.158E+00
  3.001762E+00 1.741E+00
  3.001778E+00 4.720E+00
  3.001795E+00 3.021E+01
  3.001811E+00 7.007E-01
  3.001827E+00 3.291E-01
  3.001843E+00 3.404E-01
  3.001876E+00 4.462E-01
  3.001908E+00 5.664E-01
  3.001940E+00 7.149E-01
  3.001956E+00 8.105E-01
  3.001972E+00 9.297E-01
  3.001988E+00 1.084E+00
  3.002004E+00 1.294E+00
  3.002020E+00 1.591E+00
  3.002035E+00 2.039E+00
  3.002051E+00 2.771E+00
  3.002067E+00 4.099E+00
  3.002083E+00 6.942E+00
  3.002099E+00 1.502E+01
  3.002114E+00 5.880E+01
  3.002130E+00 2.368E+04
  3.002146E+00 5.386E+01
  3.002161E+00 1.378E+01
  3.002177E+00 6.309E+00
  3.002193E+00 3.712E+00
  3.002208E+00 2.527E+00
  3.002224E+00 1.897E+00
  3.002239E+00 1.529E+00
  3.002255E+00 1.302E+00
  3.002270E+00 1.157E+00
  3.002286E+00 1.063E+00
  3.002301E+00 1.005E+00
  3.002316E+00 9.721E-01
  3.002347E+00 9.604E-01
  3.002378E+00 1.005E+00
  3.002408E+00 1.102E+00
  3.002438E+00 1.261E+00
  3.002454E+00 1.372E+00
  3.002469E+00 1.510E+00
  3.002484E+00 1.684E+00
  3.002499E+00 1.905E+00
  3.002514E+00 2.192E+00
  3.002529E+00 2.572E+00
  3.002544E+00 3.092E+00
  3.002559E+00 3.831E+00
  3.002574E+00 4.934E+00
  3.002589E+00 6.697E+00
  3.002604E+00 9.797E+00
  3.002618E+00 1.609E+01
  3.002633E+00 3.240E+01
  3.002648E+00 1.030E+02
  3.002663E+00 3.006E+03
  3.002678E+00 2.175E+02
  3.002692E+00 4.061E+01
  3.002707E+00 1.592E+01
  3.002722E+00 8.204E+00
  3.002736E+00 4.878E+00
  3.002751E+00 3.167E+00
  3.002766E+00 2.182E+00
  3.002780E+00 1.569E+00
  3.002795E+00 1.165E+00
  3.002809E+00 8.867E-01
  3.002824E+00 6.882E-01
  3.002838E+00 5.427E-01
  3.002853E+00 4.335E-01
  3.002867E+00 3.501E-01
  3.002882E+00 2.852E-01
  3.002896E+00 2.342E-01
  3.002910E+00 1.935E-01
  3.002925E+00 1.608E-01
  3.002939E+00 1.343E-01
  3.002953E+00 1.126E-01
  3.002968E+00 9.492E-02
  3.002982E+00 8.036E-02
  3.002996E+00 6.843E-02
  3.003010E+00 5.874E-02
  3.003024E+00 5.107E-02
  3.003038E+00 4.547E-02
  3.003053E+00 4.261E-02
  3.003067E+00 4.625E-02
  3.003081E+00 1.139E-01
  3.003095E+00 1.071E-03
  3.003109E+00 3.795E-03
  3.003123E+00 4.939E-03
  3.003137E+00 4.656E-03
  3.003151E+00 3.954E-03
  3.003179E+00 2.427E-03
  3.003192E+00 1.777E-03
  3.003206E+00 1.234E-03
  3.003220E+00 8.007E-04
  3.003234E+00 4.716E-04
  3.003248E+00 2.391E-04
  3.003262E+00 9.447E-05
  3.003275E+00 2.914E-05
  3.003289E+00 3.493E-05
  3.003303E+00 1.047E-04
  3.003316E+00 2.325E-04
  3.003330E+00 4.147E-04
  3.003344E+00 6.516E-04
  3.003357E+00 9.523E-04
  3.003371E+00 1.350E-03
  3.003384E+00 1.951E-03
  3.003398E+00 3.182E-03
  3.003411E+00 7.659E-03
  3.003425E+00 7.795E-02
  3.003438E+00 8.326E-02
  3.003452E+00 1.678E-02
  3.003465E+00 1.068E-02
  3.003479E+00 9.423E-03
  3.003492E+00 9.994E-03
  3.003506E+00 1.840E-02
  3.003519E+00 3.871E-03
  3.003532E+00 6.154E-03
  3.003545E+00 7.107E-03
  3.003598E+00 9.457E-03
  3.003858E+00 2.027E-02
  3.004035E+00 2.871E-02
  3.004171E+00 3.689E-02
  3.004269E+00 4.483E-02
  3.004341E+00 5.314E-02
  3.004401E+00 6.341E-02
  3.004436E+00 7.278E-02
  3.004460E+00 8.193E-02
  3.004472E+00 8.813E-02
  3.004484E+00 9.617E-02
  3.004495E+00 1.073E-01
  3.004507E+00 1.241E-01
  3.004519E+00 1.537E-01
  3.004530E+00 2.214E-01
  3.004542E+00 5.065E-01
  3.004554E+00 1.332E+01
  3.004565E+00 1.268E-01
  3.004577E+00 5.222E-02
  3.004589E+00 5.424E-02
  3.004612E+00 7.270E-02
  3.004647E+00 1.062E-01
  3.004670E+00 1.374E-01
  3.004681E+00 1.585E-01
  3.004692E+00 1.857E-01
  3.004704E+00 2.223E-01
  3.004715E+00 2.736E-01
  3.004727E+00 3.499E-01
  3.004738E+00 4.719E-01
  3.004749E+00 6.873E-01
  3.004761E+00 1.127E+00
  3.004772E+00 2.272E+00
  3.004783E+00 7.190E+00
  3.004795E+00 1.778E+02
  3.004806E+00 1.907E+01
  3.004817E+00 3.594E+00
  3.004828E+00 1.505E+00
  3.004840E+00 8.508E-01
  3.004851E+00 5.670E-01
  3.004862E+00 4.208E-01
  3.004873E+00 3.372E-01
  3.004884E+00 2.864E-01
  3.004895E+00 2.545E-01
  3.004907E+00 2.345E-01
  3.004918E+00 2.225E-01
  3.004929E+00 2.161E-01
  3.004951E+00 2.159E-01
  3.004973E+00 2.288E-01
  3.004995E+00 2.544E-01
  3.005017E+00 2.953E-01
  3.005028E+00 3.234E-01
  3.005039E+00 3.583E-01
  3.005050E+00 4.022E-01
  3.005060E+00 4.580E-01
  3.005071E+00 5.302E-01
  3.005082E+00 6.258E-01
  3.005093E+00 7.564E-01
  3.005104E+00 9.414E-01
  3.005115E+00 1.217E+00
  3.005125E+00 1.655E+00
  3.005136E+00 2.419E+00
  3.005147E+00 3.949E+00
  3.005158E+00 7.809E+00
  3.005168E+00 2.340E+01
  3.005179E+00 3.970E+02
  3.005190E+00 7.514E+01
  3.005200E+00 1.224E+01
  3.005211E+00 4.647E+00
  3.005222E+00 2.369E+00
  3.005232E+00 1.404E+00
  3.005243E+00 9.124E-01
  3.005253E+00 6.304E-01
  3.005264E+00 4.552E-01
  3.005274E+00 3.397E-01
  3.005285E+00 2.600E-01
  3.005296E+00 2.031E-01
  3.005306E+00 1.612E-01
  3.005317E+00 1.297E-01
  3.005327E+00 1.055E-01
  3.005337E+00 8.667E-02
  3.005348E+00 7.176E-02
  3.005358E+00 5.983E-02
  3.005379E+00 4.236E-02
  3.005389E+00 3.594E-02
  3.005410E+00 2.636E-02
  3.005420E+00 2.284E-02
  3.005431E+00 2.003E-02
  3.012322E+00 1.989E+00
  3.015623E+00 1.205E+00
  3.015633E+00 1.445E+00
  3.019750E+00 9.037E-01
  3.023822E+00 6.208E-01
  3.027850E+00 4.543E-01
  3.031832E+00 3.480E-01
  3.035772E+00 2.759E-01
  3.039668E+00 2.246E-01
  3.043522E+00 1.868E-01
  3.047334E+00 1.581E-01
  3.051105E+00 1.357E-01
  3.054835E+00 1.179E-01
  3.058525E+00 1.035E-01
  3.065788E+00 8.192E-02
  3.072898E+00 6.662E-02
  3.079859E+00 5.538E-02
  3.090030E+00 4.337E-02
  3.099888E+00 3.503E-02
  3.109447E+00 2.902E-02
  3.121745E+00 2.328E-02
  3.136440E+00 1.838E-02
  3.150425E+00 1.501E-02
  3.166335E+00 1.218E-02
  3.183781E+00 9.907E-03
  3.204603E+00 7.958E-03
  3.225829E+00 6.564E-03
  3.248953E+00 5.527E-03
  3.271478E+00 4.900E-03
  3.288742E+00 4.728E-03
  3.297538E+00 4.889E-03
  3.301782E+00 5.155E-03
  3.304557E+00 5.501E-03
  3.307289E+00 6.139E-03
  3.308640E+00 6.669E-03
  3.309980E+00 7.445E-03
  3.311310E+00 8.594E-03
  3.313939E+00 1.193E-02
  3.315239E+00 1.231E-02
  3.316529E+00 1.045E-02
  3.317809E+00 8.037E-03
  3.319080E+00 6.339E-03
  3.320341E+00 5.343E-03
  3.321592E+00 4.775E-03
  3.322834E+00 4.446E-03
  3.325291E+00 4.136E-03
  3.328909E+00 4.019E-03
  3.334763E+00 4.130E-03
  3.340408E+00 4.480E-03
  3.343698E+00 4.899E-03
  3.345853E+00 5.394E-03
  3.346918E+00 5.780E-03
  3.347977E+00 6.343E-03
  3.349027E+00 7.239E-03
  3.350071E+00 8.864E-03
  3.351107E+00 1.251E-02
  3.352136E+00 2.502E-02
  3.353157E+00 2.002E-01
  3.354172E+00 8.111E-02
  3.355179E+00 1.181E-02
  3.356180E+00 6.008E-03
  3.357173E+00 4.667E-03
  3.358160E+00 4.269E-03
  3.359140E+00 4.171E-03
  3.361079E+00 4.274E-03
  3.364879E+00 4.838E-03
  3.368577E+00 5.692E-03
  3.371285E+00 6.615E-03
  3.373940E+00 7.970E-03
  3.375680E+00 9.279E-03
  3.377397E+00 1.113E-02
  3.378248E+00 1.237E-02
  3.379092E+00 1.391E-02
  3.379932E+00 1.584E-02
  3.380765E+00 1.834E-02
  3.381593E+00 2.161E-02
  3.382416E+00 2.602E-02
  3.383234E+00 3.210E-02
  3.384046E+00 4.065E-02
  3.384853E+00 5.278E-02
  3.385655E+00 6.957E-02
  3.386451E+00 9.027E-02
  3.387243E+00 1.081E-01
  3.388029E+00 1.104E-01
  3.388810E+00 9.421E-02
  3.389587E+00 7.155E-02
  3.390358E+00 5.240E-02
  3.391124E+00 3.882E-02
  3.391886E+00 2.971E-02
  3.392643E+00 2.364E-02
  3.393395E+00 1.957E-02
  3.394142E+00 1.685E-02
  3.394885E+00 1.507E-02
  3.395623E+00 1.399E-02
  3.396356E+00 1.346E-02
  3.397085E+00 1.343E-02
  3.397809E+00 1.388E-02
  3.398529E+00 1.490E-02
  3.399244E+00 1.663E-02
  3.399955E+00 1.935E-02
  3.400661E+00 2.359E-02
  3.401363E+00 3.026E-02
  3.402061E+00 4.091E-02
  3.402754E+00 5.758E-02
  3.403443E+00 7.948E-02
  3.404128E+00 9.283E-02
  3.404809E+00 7.974E-02
  3.405485E+00 5.447E-02
  3.406158E+00 3.503E-02
  3.406826E+00 2.312E-02
  3.407490E+00 1.602E-02
  3.408151E+00 1.165E-02
  3.408807E+00 8.838E-03
  3.409459E+00 6.958E-03
  3.410108E+00 5.654E-03
  3.410752E+00 4.719E-03
  3.411393E+00 4.032E-03
  3.412030E+00 3.516E-03
  3.412663E+00 3.120E-03
  3.413292E+00 2.812E-03
  3.414539E+00 2.375E-03
  3.415772E+00 2.092E-03
  3.417594E+00 1.834E-03
  3.419974E+00 1.659E-03
  3.422871E+00 1.575E-03
  3.427337E+00 1.585E-03
  3.432642E+00 1.722E-03
  3.437658E+00 1.968E-03
  3.441477E+00 2.272E-03
  3.444687E+00 2.672E-03
  3.446907E+00 3.096E-03
  3.448641E+00 3.579E-03
  3.450339E+00 4.279E-03
  3.451589E+00 5.046E-03
  3.452820E+00 6.170E-03
  3.453631E+00 7.244E-03
  3.454433E+00 8.737E-03
  3.454831E+00 9.712E-03
  3.455226E+00 1.090E-02
  3.455620E+00 1.235E-02
  3.456012E+00 1.416E-02
  3.456402E+00 1.642E-02
  3.456790E+00 1.928E-02
  3.457176E+00 2.290E-02
  3.457560E+00 2.742E-02
  3.457942E+00 3.298E-02
  3.458322E+00 4.072E-02
  3.458700E+00 1.462E-01
  3.459077E+00 1.224E-01
  3.459451E+00 7.746E-02
  3.459824E+00 6.421E-02
  3.460563E+00 4.185E-02
  3.460930E+00 3.303E-02
  3.461295E+00 2.623E-02
  3.461659E+00 2.114E-02
  3.462020E+00 1.738E-02
  3.462380E+00 1.459E-02
  3.462738E+00 1.253E-02
  3.463094E+00 1.102E-02
  3.463449E+00 9.921E-03
  3.463802E+00 9.182E-03
  3.464153E+00 8.781E-03
  3.464502E+00 8.779E-03
  3.464850E+00 9.402E-03
  3.465195E+00 1.144E-02
  3.465540E+00 1.874E-02
  3.465882E+00 8.813E-02
  3.466223E+00 1.039E-01
  3.466562E+00 9.998E-03
  3.466900E+00 4.760E-03
  3.467236E+00 3.599E-03
  3.467570E+00 3.203E-03
  3.467903E+00 3.036E-03
  3.468564E+00 2.927E-03
  3.469866E+00 2.986E-03
  3.471144E+00 3.229E-03
  3.472086E+00 3.547E-03
  3.473016E+00 4.052E-03
  3.473628E+00 4.572E-03
  3.474235E+00 5.363E-03
  3.474536E+00 5.932E-03
  3.474836E+00 6.690E-03
  3.475134E+00 7.740E-03
  3.475431E+00 9.272E-03
  3.475727E+00 1.166E-02
  3.476021E+00 1.576E-02
  3.476314E+00 2.382E-02
  3.476605E+00 4.373E-02
  3.476896E+00 1.216E-01
  3.477184E+00 1.723E+00
  3.477472E+00 4.312E-01
  3.477758E+00 6.785E-02
  3.478043E+00 2.690E-02
  3.478327E+00 1.496E-02
  3.478609E+00 1.004E-02
  3.478890E+00 7.605E-03
  3.479170E+00 6.270E-03
  3.479448E+00 5.489E-03
  3.479726E+00 5.020E-03
  3.480002E+00 4.738E-03
  3.480550E+00 4.506E-03
  3.481093E+00 4.554E-03
  3.481363E+00 4.687E-03
  3.481631E+00 4.997E-03
  3.481899E+00 6.384E-03
  3.482165E+00 3.278E-02
  3.482430E+00 4.975E-03
  3.482694E+00 4.866E-03
  3.483738E+00 5.572E-03
  3.484763E+00 6.594E-03
  3.485770E+00 8.015E-03
  3.486514E+00 9.481E-03
  3.487249E+00 1.148E-02
  3.487973E+00 1.434E-02
  3.488451E+00 1.700E-02
  3.488925E+00 2.061E-02
  3.489161E+00 2.292E-02
  3.489395E+00 2.569E-02
  3.489629E+00 2.905E-02
  3.489861E+00 3.319E-02
  3.490092E+00 3.837E-02
  3.490323E+00 4.494E-02
  3.490552E+00 5.345E-02
  3.490781E+00 6.468E-02
  3.491008E+00 7.983E-02
  3.491235E+00 1.006E-01
  3.491460E+00 1.296E-01
  3.491685E+00 1.695E-01
  3.491909E+00 2.216E-01
  3.492131E+00 2.788E-01
  3.492353E+00 3.170E-01
  3.492574E+00 3.084E-01
  3.492794E+00 2.583E-01
  3.493013E+00 1.978E-01
  3.493231E+00 1.472E-01
  3.493448E+00 1.103E-01
  3.493665E+00 8.449E-02
  3.493880E+00 6.658E-02
  3.494095E+00 5.405E-02
  3.494308E+00 4.521E-02
  3.494521E+00 3.896E-02
  3.494733E+00 3.462E-02
  3.494944E+00 3.177E-02
  3.495154E+00 3.017E-02
  3.495363E+00 2.975E-02
  3.495571E+00 3.070E-02
  3.495779E+00 3.365E-02
  3.495986E+00 4.121E-02
  3.496191E+00 6.959E-02
  3.496396E+00 5.991E-02
  3.496600E+00 6.153E-02
  3.496804E+00 8.508E-02
  3.497006E+00 1.318E-01
  3.497208E+00 2.123E-01
  3.497409E+00 2.721E-01
  3.497609E+00 2.016E-01
  3.497808E+00 1.108E-01
  3.498006E+00 6.121E-02
  3.498204E+00 3.644E-02
  3.498400E+00 2.325E-02
  3.498596E+00 1.563E-02
  3.498792E+00 1.088E-02
  3.498986E+00 7.711E-03
  3.499180E+00 5.458E-03
  3.499372E+00 3.740E-03
  3.499565E+00 2.420E-03
  3.499756E+00 3.610E-03
  3.499946E+00 1.042E-01
  3.500136E+00 1.199E-02
  3.500325E+00 6.311E-03
  3.500513E+00 4.469E-03
  3.500701E+00 3.529E-03
  3.500888E+00 2.947E-03
  3.501074E+00 2.549E-03
  3.501259E+00 2.260E-03
  3.501444E+00 2.045E-03
  3.501627E+00 1.882E-03
  3.501993E+00 1.662E-03
  3.502355E+00 1.538E-03
  3.502894E+00 1.468E-03
  3.503426E+00 1.493E-03
  3.504126E+00 1.631E-03
  3.504816E+00 1.868E-03
  3.505662E+00 2.301E-03
  3.506328E+00 2.771E-03
  3.506984E+00 3.385E-03
  3.507630E+00 4.195E-03
  3.508266E+00 5.288E-03
  3.508737E+00 6.379E-03
  3.509202E+00 7.806E-03
  3.509663E+00 9.740E-03
  3.509815E+00 1.061E-02
  3.509967E+00 1.305E-02
  3.510118E+00 1.354E-02
  3.510268E+00 1.342E-02
  3.510865E+00 1.770E-02
  3.511013E+00 1.850E-02
  3.511161E+00 1.870E-02
  3.511307E+00 1.781E-02
  3.511454E+00 1.598E-02
  3.511599E+00 2.095E-02
  3.511745E+00 8.038E-02
  3.511889E+00 1.902E-01
  3.512033E+00 2.238E-01
  3.512320E+00 2.380E-01
  3.512463E+00 2.395E-01
  3.512605E+00 2.311E-01
  3.512746E+00 2.117E-01
  3.513168E+00 1.297E-01
  3.513307E+00 1.080E-01
  3.513446E+00 9.192E-02
  3.513585E+00 8.323E-02
  3.513723E+00 9.661E-02
  3.513860E+00 2.297E+00
  3.513997E+00 6.929E-02
  3.514134E+00 3.838E-02
  3.514270E+00 3.082E-02
  3.514405E+00 2.647E-02
  3.514540E+00 2.331E-02
  3.514675E+00 2.083E-02
  3.514809E+00 1.885E-02
  3.514943E+00 1.727E-02
  3.515076E+00 1.620E-02
  3.515209E+00 1.155E+00
  3.515341E+00 1.303E-02
  3.515735E+00 1.115E-02
  3.516124E+00 9.886E-03
  3.516510E+00 9.153E-03
  3.517018E+00 8.777E-03
  3.517519E+00 8.978E-03
  3.517890E+00 9.620E-03
  3.518012E+00 1.004E-02
  3.518135E+00 1.074E-02
  3.518257E+00 1.247E-02
  3.518378E+00 2.446E-02
  3.518500E+00 6.985E-02
  3.518620E+00 1.530E-02
  3.518741E+00 1.387E-02
  3.518860E+00 1.464E-02
  3.518980E+00 1.651E-02
  3.519099E+00 2.007E-02
  3.519218E+00 2.771E-02
  3.519336E+00 4.971E-02
  3.519454E+00 1.753E-01
  3.519571E+00 3.861E+01
  3.519688E+00 1.510E-01
  3.519805E+00 5.113E-02
  3.519921E+00 3.189E-02
  3.520037E+00 2.545E-02
  3.520153E+00 2.287E-02
  3.520268E+00 2.192E-02
  3.520382E+00 2.181E-02
  3.520611E+00 2.306E-02
  3.520837E+00 2.580E-02
  3.521063E+00 3.028E-02
  3.521175E+00 3.352E-02
  3.521286E+00 3.783E-02
  3.521398E+00 4.379E-02
  3.521509E+00 5.261E-02
  3.521619E+00 6.689E-02
  3.521729E+00 9.341E-02
  3.521839E+00 1.548E-01
  3.521949E+00 3.722E-01
  3.522058E+00 3.159E+00
  3.522166E+00 2.063E+00
  3.522275E+00 2.891E-01
  3.522383E+00 1.284E-01
  3.522490E+00 8.699E-02
  3.522598E+00 7.325E-02
  3.522705E+00 6.957E-02
  3.522811E+00 7.083E-02
  3.522917E+00 7.529E-02
  3.523023E+00 8.236E-02
  3.523129E+00 9.203E-02
  3.523234E+00 1.047E-01
  3.523339E+00 1.210E-01
  3.523443E+00 1.420E-01
  3.523547E+00 1.695E-01
  3.523651E+00 2.057E-01
  3.523755E+00 2.541E-01
  3.523858E+00 3.194E-01
  3.523961E+00 4.073E-01
  3.524063E+00 5.222E-01
  3.524267E+00 7.894E-01
  3.524368E+00 8.561E-01
  3.524470E+00 8.202E-01
  3.524671E+00 6.065E-01
  3.524771E+00 5.666E-01
  3.524871E+00 7.132E-01
  3.524970E+00 1.008E+00
  3.525070E+00 5.009E-01
  3.525168E+00 2.519E-01
  3.525267E+00 1.620E-01
  3.525365E+00 1.178E-01
  3.525463E+00 9.144E-02
  3.525561E+00 7.450E-02
  3.525658E+00 6.678E-02
  3.525755E+00 5.723E-02
  3.525852E+00 4.313E-02
  3.525948E+00 3.635E-02
  3.526044E+00 3.139E-02
  3.526140E+00 2.748E-02
  3.526235E+00 2.435E-02
  3.526331E+00 2.183E-02
  3.526425E+00 1.983E-02
  3.526520E+00 1.827E-02
  3.526614E+00 1.714E-02
  3.526708E+00 1.640E-02
  3.526802E+00 1.609E-02
  3.526895E+00 1.627E-02
  3.526988E+00 1.705E-02
  3.527081E+00 1.865E-02
  3.527174E+00 2.145E-02
  3.527266E+00 2.617E-02
  3.527358E+00 3.426E-02
  3.527449E+00 4.889E-02
  3.527541E+00 7.780E-02
  3.527632E+00 1.418E-01
  3.527722E+00 2.861E-01
  3.527813E+00 4.136E-01
  3.527903E+00 2.555E-01
  3.527993E+00 1.253E-01
  3.528083E+00 6.885E-02
  3.528172E+00 4.306E-02
  3.528261E+00 3.083E-02
  3.528350E+00 3.109E-02
  3.528438E+00 1.311E-01
  3.528527E+00 2.487E-02
  3.528615E+00 1.292E-02
  3.528702E+00 9.136E-03
  3.528790E+00 7.061E-03
  3.528877E+00 5.678E-03
  3.528964E+00 4.673E-03
  3.529050E+00 3.907E-03
  3.529137E+00 3.307E-03
  3.529223E+00 2.829E-03
  3.529309E+00 2.444E-03
  3.529394E+00 2.132E-03
  3.529480E+00 1.879E-03
  3.529565E+00 1.674E-03
  3.529649E+00 1.510E-03
  3.529734E+00 1.382E-03
  3.529818E+00 1.284E-03
  3.529902E+00 1.213E-03
  3.530070E+00 1.143E-03
  3.530236E+00 1.156E-03
  3.530401E+00 1.245E-03
  3.530565E+00 1.408E-03
  3.530729E+00 1.646E-03
  3.530891E+00 1.964E-03
  3.531052E+00 2.373E-03
  3.531212E+00 2.889E-03
  3.531372E+00 3.534E-03
  3.531530E+00 4.341E-03
  3.531688E+00 5.362E-03
  3.531844E+00 6.670E-03
  3.532000E+00 8.390E-03
  3.532155E+00 1.074E-02
  3.532232E+00 1.228E-02
  3.532308E+00 1.419E-02
  3.532385E+00 1.665E-02
  3.532461E+00 2.007E-02
  3.532537E+00 2.541E-02
  3.532613E+00 3.595E-02
  3.532689E+00 7.016E-02
  3.532764E+00 6.904E-01
  3.532839E+00 1.634E-01
  3.532914E+00 4.073E-02
  3.532989E+00 2.611E-02
  3.533064E+00 1.829E-02
  3.533138E+00 1.431E-02
  3.533212E+00 1.254E+00
  3.533286E+00 2.158E-02
  3.533360E+00 2.496E-02
  3.533433E+00 4.024E-02
  3.533506E+00 6.466E-02
  3.533579E+00 1.022E-01
  3.533652E+00 1.619E-01
  3.533725E+00 2.609E-01
  3.533797E+00 4.272E-01
  3.533870E+00 6.754E-01
  3.533942E+00 8.916E-01
  3.534013E+00 8.474E-01
  3.534085E+00 6.256E-01
  3.534156E+00 4.286E-01
  3.534227E+00 2.986E-01
  3.534298E+00 2.167E-01
  3.534369E+00 1.638E-01
  3.534440E+00 1.284E-01
  3.534510E+00 1.036E-01
  3.534580E+00 8.579E-02
  3.534650E+00 7.251E-02
  3.534720E+00 6.235E-02
  3.534789E+00 5.439E-02
  3.534928E+00 4.255E-02
  3.534997E+00 3.767E-02
  3.535066E+00 3.506E-02
  3.535134E+00 5.962E-02
  3.535202E+00 3.816E-02
  3.535271E+00 3.383E-02
  3.535339E+00 3.139E-02
  3.535474E+00 2.838E-02
  3.535676E+00 2.617E-02
  3.535809E+00 2.613E-02
  3.535875E+00 2.723E-02
  3.535942E+00 3.191E-02
  3.536008E+00 8.196E-02
  3.536074E+00 1.685E-01
  3.536139E+00 3.824E-02
  3.536205E+00 3.049E-02
  3.536270E+00 2.880E-02
  3.536335E+00 2.855E-02
  3.536465E+00 2.980E-02
  3.536594E+00 3.299E-02
  3.536658E+00 3.576E-02
  3.536723E+00 4.003E-02
  3.536786E+00 4.723E-02
  3.536850E+00 6.116E-02
  3.536914E+00 9.470E-02
  3.536977E+00 2.163E-01
  3.537040E+00 1.682E+00
  3.537103E+00 2.127E+00
  3.537166E+00 2.714E-01
  3.537229E+00 1.276E-01
  3.537291E+00 8.871E-02
  3.537354E+00 7.359E-02
  3.537416E+00 6.695E-02
  3.537478E+00 6.419E-02
  3.537540E+00 6.358E-02
  3.537663E+00 6.609E-02
  3.537785E+00 7.204E-02
  3.537907E+00 8.118E-02
  3.538028E+00 9.430E-02
  3.538148E+00 1.135E-01
  3.538208E+00 1.267E-01
  3.538268E+00 1.438E-01
  3.538328E+00 1.667E-01
  3.538387E+00 1.993E-01
  3.538447E+00 2.499E-01
  3.538506E+00 3.388E-01
  3.538565E+00 5.304E-01
  3.538624E+00 1.128E+00
  3.538682E+00 5.948E+00
  3.538741E+00 1.504E+01
  3.538799E+00 1.429E+00
  3.538857E+00 6.228E-01
  3.538915E+00 4.492E-01
  3.538973E+00 4.111E-01
  3.539031E+00 4.254E-01
  3.539089E+00 4.715E-01
  3.539146E+00 5.459E-01
  3.539203E+00 6.520E-01
  3.539260E+00 7.984E-01
  3.539317E+00 9.979E-01
  3.539374E+00 1.265E+00
  3.539431E+00 1.606E+00
  3.539487E+00 1.997E+00
  3.539544E+00 2.340E+00
  3.539600E+00 2.482E+00
  3.539656E+00 2.350E+00
  3.539768E+00 1.792E+00
  3.539823E+00 1.777E+00
  3.539879E+00 2.479E+00
  3.539934E+00 2.877E+00
  3.539989E+00 1.338E+00
  3.540044E+00 7.379E-01
  3.540099E+00 4.982E-01
  3.540154E+00 3.720E-01
  3.540209E+00 2.936E-01
  3.540263E+00 2.412E-01
  3.540317E+00 2.078E-01
  3.540372E+00 2.020E-01
  3.540426E+00 3.419E-01
  3.540479E+00 3.022E-01
  3.540533E+00 1.503E-01
  3.540587E+00 1.119E-01
  3.540640E+00 9.284E-02
  3.540694E+00 8.021E-02
  3.540747E+00 7.083E-02
  3.540800E+00 6.355E-02
  3.540853E+00 5.785E-02
  3.540905E+00 5.346E-02
  3.540958E+00 5.026E-02
  3.541011E+00 4.828E-02
  3.541063E+00 4.762E-02
  3.541115E+00 4.861E-02
  3.541167E+00 5.184E-02
  3.541219E+00 5.846E-02
  3.541271E+00 7.074E-02
  3.541323E+00 9.354E-02
  3.541374E+00 1.382E-01
  3.541426E+00 2.337E-01
  3.541477E+00 4.443E-01
  3.541528E+00 7.105E-01
  3.541579E+00 5.844E-01
  3.541630E+00 5.313E-01
  3.541681E+00 2.167E+00
  3.541731E+00 2.495E-01
  3.541782E+00 1.085E-01
  3.541832E+00 6.700E-02
  3.541882E+00 4.702E-02
  3.541933E+00 3.525E-02
  3.541982E+00 2.753E-02
  3.542032E+00 2.208E-02
  3.542082E+00 1.805E-02
  3.542132E+00 1.497E-02
  3.542181E+00 1.253E-02
  3.542230E+00 1.057E-02
  3.542280E+00 8.958E-03
  3.542329E+00 7.621E-03
  3.542378E+00 6.499E-03
  3.542427E+00 5.551E-03
  3.542475E+00 4.746E-03
  3.542524E+00 4.063E-03
  3.542572E+00 3.485E-03
  3.542621E+00 3.003E-03
  3.542669E+00 2.613E-03
  3.542717E+00 2.324E-03
  3.542765E+00 2.177E-03
  3.542813E+00 2.353E-03
  3.542861E+00 4.247E-03
  3.542908E+00 3.593E-01
  3.542956E+00 3.155E-03
  3.543003E+00 1.345E-03
  3.543050E+00 1.035E-03
  3.543097E+00 9.642E-04
  3.543144E+00 9.878E-04
  3.543191E+00 1.074E-03
  3.543238E+00 1.213E-03
  3.543285E+00 1.403E-03
  3.543331E+00 1.645E-03
  3.543378E+00 1.944E-03
  3.543424E+00 2.305E-03
  3.543470E+00 2.734E-03
  3.543516E+00 3.242E-03
  3.543562E+00 3.842E-03
  3.543608E+00 4.552E-03
  3.543654E+00 5.399E-03
  3.543700E+00 6.419E-03
  3.543745E+00 7.667E-03
  3.543791E+00 9.231E-03
  3.543836E+00 1.126E-02
  3.543881E+00 1.401E-02
  3.543926E+00 1.800E-02
  3.543971E+00 2.443E-02
  3.544016E+00 3.648E-02
  3.544061E+00 6.597E-02
  3.544105E+00 1.911E-01
  3.544150E+00 5.834E+00
  3.544194E+00 2.900E-01
  3.544238E+00 6.663E-02
  3.544283E+00 3.576E-02
  3.544327E+00 2.788E-02
  3.544371E+00 2.610E-02
  3.544415E+00 2.656E-02
  3.544502E+00 2.894E-02
  3.544545E+00 2.872E-02
  3.544589E+00 2.576E-02
  3.544675E+00 1.339E-02
  3.544719E+00 1.305E-02
  3.544762E+00 2.133E-02
  3.544804E+00 3.699E-02
  3.544847E+00 5.877E-02
  3.544890E+00 8.739E-02
  3.544933E+00 1.273E-01
  3.544975E+00 5.049E+00
  3.545017E+00 2.696E-01
  3.545060E+00 3.782E-01
  3.545102E+00 5.649E-01
  3.545144E+00 8.867E-01
  3.545186E+00 1.459E+00
  3.545270E+00 3.411E+00
  3.545311E+00 3.306E+00
  3.545353E+00 2.340E+00
  3.545394E+00 1.528E+00
  3.545436E+00 1.030E+00
  3.545477E+00 7.314E-01
  3.545518E+00 5.460E-01
  3.545559E+00 4.247E-01
  3.545600E+00 3.416E-01
  3.545641E+00 2.824E-01
  3.545682E+00 2.387E-01
  3.545723E+00 2.056E-01
  3.545763E+00 1.802E-01
  3.545804E+00 1.624E-01
  3.545844E+00 1.696E-01
  3.545884E+00 1.585E+01
  3.545925E+00 6.442E-01
  3.545965E+00 5.081E-01
  3.546005E+00 1.824E-01
  3.546045E+00 1.448E-01
  3.546084E+00 1.293E-01
  3.546124E+00 1.203E-01
  3.546203E+00 1.101E-01
  3.546321E+00 1.037E-01
  3.546439E+00 1.036E-01
  3.546555E+00 1.092E-01
  3.546632E+00 1.176E-01
  3.546671E+00 1.242E-01
  3.546709E+00 1.339E-01
  3.546747E+00 1.491E-01
  3.546785E+00 1.756E-01
  3.546823E+00 2.300E-01
  3.546861E+00 3.768E-01
  3.546899E+00 1.067E+00
  3.546937E+00 4.408E+01
  3.546975E+00 2.392E+00
  3.547012E+00 6.523E-01
  3.547050E+00 3.855E-01
  3.547087E+00 3.005E-01
  3.547125E+00 2.662E-01
  3.547162E+00 2.522E-01
  3.547199E+00 2.484E-01
  3.547273E+00 2.570E-01
  3.547347E+00 2.794E-01
  3.547421E+00 3.138E-01
  3.547494E+00 3.618E-01
  3.547567E+00 4.287E-01
  3.547639E+00 5.255E-01
  3.547675E+00 5.917E-01
  3.547711E+00 6.763E-01
  3.547747E+00 7.887E-01
  3.547783E+00 9.462E-01
  3.547819E+00 1.184E+00
  3.547854E+00 1.584E+00
  3.547890E+00 2.386E+00
  3.547925E+00 4.560E+00
  3.547961E+00 1.601E+01
  3.547996E+00 2.703E+02
  3.548032E+00 1.232E+01
  3.548067E+00 4.253E+00
  3.548102E+00 2.825E+00
  3.548137E+00 2.529E+00
  3.548172E+00 2.636E+00
  3.548207E+00 2.986E+00
  3.548242E+00 3.559E+00
  3.548276E+00 4.386E+00
  3.548311E+00 5.518E+00
  3.548345E+00 6.974E+00
  3.548414E+00 1.008E+01
  3.548449E+00 1.067E+01
  3.548483E+00 1.011E+01
  3.548517E+00 8.898E+00
  3.548551E+00 7.870E+00
  3.548585E+00 8.140E+00
  3.548619E+00 1.208E+01
  3.548653E+00 1.036E+01
  3.548687E+00 4.862E+00
  3.548720E+00 2.952E+00
  3.548754E+00 2.104E+00
  3.548788E+00 1.619E+00
  3.548821E+00 1.302E+00
  3.548855E+00 1.081E+00
  3.548888E+00 9.278E-01
  3.548921E+00 8.476E-01
  3.548954E+00 9.546E-01
  3.548988E+00 2.425E+00
  3.549021E+00 1.976E+00
  3.549054E+00 8.571E-01
  3.549086E+00 5.951E-01
  3.549119E+00 4.802E-01
  3.549152E+00 4.117E-01
  3.549185E+00 3.648E-01
  3.549217E+00 3.307E-01
  3.549250E+00 3.058E-01
  3.549282E+00 2.885E-01
  3.549315E+00 2.786E-01
  3.549347E+00 2.767E-01
  3.549379E+00 2.849E-01
  3.549411E+00 3.075E-01
  3.549443E+00 3.530E-01
  3.549475E+00 4.398E-01
  3.549507E+00 6.096E-01
  3.549539E+00 9.654E-01
  3.549571E+00 1.729E+00
  3.549603E+00 2.780E+00
  3.549635E+00 3.130E+00
  3.549666E+00 1.075E+01
  3.549698E+00 5.181E+00
  3.549729E+00 1.132E+00
  3.549761E+00 5.438E-01
  3.549792E+00 3.379E-01
  3.549823E+00 2.368E-01
  3.549854E+00 1.779E-01
  3.549885E+00 1.395E-01
  3.549917E+00 1.128E-01
  3.549948E+00 9.305E-02
  3.549978E+00 7.794E-02
  3.550009E+00 6.601E-02
  3.550040E+00 5.634E-02
  3.550071E+00 4.838E-02
  3.550101E+00 4.173E-02
  3.550132E+00 3.614E-02
  3.550163E+00 3.145E-02
  3.550193E+00 2.762E-02
  3.550223E+00 2.471E-02
  3.550254E+00 2.314E-02
  3.550284E+00 2.447E-02
  3.550314E+00 3.656E-02
  3.550344E+00 1.667E-01
  3.550374E+00 5.304E-01
  3.550404E+00 4.696E-02
  3.550434E+00 1.938E-02
  3.550464E+00 1.131E-02
  3.550494E+00 7.432E-03
  3.550524E+00 5.083E-03
  3.550553E+00 3.496E-03
  3.550583E+00 2.380E-03
  3.550613E+00 1.609E-03
  3.550642E+00 1.119E-03
  3.550671E+00 8.837E-04
  3.550701E+00 8.899E-04
  3.550730E+00 1.139E-03
  3.550759E+00 1.641E-03
  3.550788E+00 2.417E-03
  3.550818E+00 3.498E-03
  3.550847E+00 4.929E-03
  3.550876E+00 6.775E-03
  3.550905E+00 9.130E-03
  3.550933E+00 1.213E-02
  3.550962E+00 1.599E-02
  3.550991E+00 2.104E-02
  3.551020E+00 2.786E-02
  3.551048E+00 3.749E-02
  3.551077E+00 5.202E-02
  3.551105E+00 7.618E-02
  3.551134E+00 1.229E-01
  3.551162E+00 2.395E-01
  3.551190E+00 7.327E-01
  3.551219E+00 1.828E+01
  3.551247E+00 1.344E+00
  3.551275E+00 2.740E-01
  3.551303E+00 1.249E-01
  3.551331E+00 8.230E-02
  3.551359E+00 6.769E-02
  3.551387E+00 6.355E-02
  3.551415E+00 6.415E-02
  3.551498E+00 7.302E-02
  3.551525E+00 7.289E-02
  3.551553E+00 6.805E-02
  3.551580E+00 5.846E-02
  3.551608E+00 5.207E-02
  3.551635E+00 6.896E-02
  3.551663E+00 1.254E-01
  3.551690E+00 2.155E-01
  3.551717E+00 3.263E-01
  3.551744E+00 4.552E-01
  3.551771E+00 6.099E-01
  3.551798E+00 8.051E-01
  3.551825E+00 1.064E+00
  3.551852E+00 1.424E+00
  3.551879E+00 1.956E+00
  3.551906E+00 1.377E+01
  3.551933E+00 4.130E+00
  3.551959E+00 6.229E+00
  3.551986E+00 1.007E+01
  3.552012E+00 1.684E+01
  3.552039E+00 2.587E+01
  3.552065E+00 2.863E+01
  3.552092E+00 2.176E+01
  3.552118E+00 1.441E+01
  3.552145E+00 9.766E+00
  3.552171E+00 7.125E+00
  3.552197E+00 5.863E+00
  3.552223E+00 8.403E+00
  3.552249E+00 4.136E+00
  3.552275E+00 2.167E+00
  3.552301E+00 1.825E+00
  3.552327E+00 1.582E+00
  3.552353E+00 1.397E+00
  3.552379E+00 1.336E+00
  3.552405E+00 3.083E+00
  3.552430E+00 1.074E+01
  3.552456E+00 2.334E+00
  3.552482E+00 1.633E+00
  3.552507E+00 1.384E+00
  3.552533E+00 1.252E+00
  3.552558E+00 1.170E+00
  3.552609E+00 1.077E+00
  3.552685E+00 1.027E+00
  3.552760E+00 1.044E+00
  3.552835E+00 1.124E+00
  3.552884E+00 1.231E+00
  3.552909E+00 1.316E+00
  3.552934E+00 1.442E+00
  3.552958E+00 1.650E+00
  3.552983E+00 2.054E+00
  3.553008E+00 3.071E+00
  3.553032E+00 7.245E+00
  3.553056E+00 9.876E+01
  3.553081E+00 3.257E+01
  3.553105E+00 7.113E+00
  3.553129E+00 4.134E+00
  3.553154E+00 3.271E+00
  3.553178E+00 2.956E+00
  3.553202E+00 2.855E+00
  3.553226E+00 2.861E+00
  3.553274E+00 3.057E+00
  3.553322E+00 3.423E+00
  3.553370E+00 3.951E+00
  3.553417E+00 4.680E+00
  3.553441E+00 5.143E+00
  3.553488E+00 6.347E+00
  3.553512E+00 7.142E+00
  3.553535E+00 8.122E+00
  3.553558E+00 9.356E+00
  3.553582E+00 1.096E+01
  3.553605E+00 1.312E+01
  3.553628E+00 1.621E+01
  3.553652E+00 2.099E+01
  3.553675E+00 2.931E+01
  3.553698E+00 4.683E+01
  3.553721E+00 9.885E+01
  3.553744E+00 4.463E+02
  3.553767E+00 2.173E+03
  3.553790E+00 1.801E+02
  3.553813E+00 7.622E+01
  3.553836E+00 5.604E+01
  3.553859E+00 5.363E+01
  3.553882E+00 5.889E+01
  3.553904E+00 6.983E+01
  3.553927E+00 8.664E+01
  3.553950E+00 1.102E+02
  3.553995E+00 1.745E+02
  3.554017E+00 2.022E+02
  3.554040E+00 2.114E+02
  3.554062E+00 1.995E+02
  3.554085E+00 1.784E+02
  3.554107E+00 1.675E+02
  3.554129E+00 2.034E+02
  3.554152E+00 2.823E+02
  3.554174E+00 1.482E+02
  3.554196E+00 8.386E+01
  3.554218E+00 5.883E+01
  3.554240E+00 4.555E+01
  3.554262E+00 3.710E+01
  3.554284E+00 3.122E+01
  3.554306E+00 2.701E+01
  3.554328E+00 2.420E+01
  3.554350E+00 2.345E+01
  3.554372E+00 2.984E+01
  3.554394E+00 9.602E+01
  3.554415E+00 7.770E+01
  3.554437E+00 3.255E+01
  3.554459E+00 2.237E+01
  3.554480E+00 1.826E+01
  3.554502E+00 1.603E+01
  3.554523E+00 1.467E+01
  3.554545E+00 1.381E+01
  3.554566E+00 1.332E+01
  3.554588E+00 1.318E+01
  3.554609E+00 1.340E+01
  3.554631E+00 1.411E+01
  3.554652E+00 1.550E+01
  3.554673E+00 1.802E+01
  3.554694E+00 2.258E+01
  3.554715E+00 3.124E+01
  3.554737E+00 4.911E+01
  3.554758E+00 8.780E+01
  3.554779E+00 1.514E+02
  3.554800E+00 2.377E+02
  3.554821E+00 1.557E+03
  3.554842E+00 2.984E+02
  3.554862E+00 8.084E+01
  3.554883E+00 4.115E+01
  3.554904E+00 2.667E+01
  3.554925E+00 1.955E+01
  3.554946E+00 1.544E+01
  3.554966E+00 1.280E+01
  3.554987E+00 1.099E+01
  3.555007E+00 9.684E+00
  3.555028E+00 8.696E+00
  3.555069E+00 7.319E+00
  3.555110E+00 6.437E+00
  3.555151E+00 5.929E+00
  3.555171E+00 5.865E+00
  3.555191E+00 6.073E+00
  3.555211E+00 6.973E+00
  3.555231E+00 1.037E+01
  3.555252E+00 3.090E+01
  3.555272E+00 2.696E+03
  3.555292E+00 5.893E+01
  3.555312E+00 2.009E+01
  3.555332E+00 1.262E+01
  3.555352E+00 9.817E+00
  3.555372E+00 8.422E+00
  3.555392E+00 7.613E+00
  3.555411E+00 7.101E+00
  3.555451E+00 6.530E+00
  3.555510E+00 6.234E+00
  3.555569E+00 6.343E+00
  3.555627E+00 6.865E+00
  3.555666E+00 7.577E+00
  3.555685E+00 8.117E+00
  3.555704E+00 8.854E+00
  3.555724E+00 9.889E+00
  3.555743E+00 1.141E+01
  3.555762E+00 1.381E+01
  3.555781E+00 1.797E+01
  3.555800E+00 2.642E+01
  3.555819E+00 4.911E+01
  3.555838E+00 1.661E+02
  3.555857E+00 5.744E+03
  3.555876E+00 8.896E+01
  3.555895E+00 2.061E+01
  3.555914E+00 8.719E+00
  3.555933E+00 5.052E+00
  3.555952E+00 3.609E+00
  3.555971E+00 2.964E+00
  3.555989E+00 2.650E+00
  3.556008E+00 2.481E+00
  3.556064E+00 2.116E+00
  3.556101E+00 1.766E+00
  3.556120E+00 1.757E+00
  3.556138E+00 2.325E+00
  3.556157E+00 4.008E+00
  3.556175E+00 6.788E+00
  3.556193E+00 9.854E+00
  3.556267E+00 2.059E+01
  3.556285E+00 2.423E+01
  3.556303E+00 2.901E+01
  3.556321E+00 3.556E+01
  3.556339E+00 4.495E+01
  3.556357E+00 5.957E+01
  3.556375E+00 1.166E+02
  3.556393E+00 1.197E+02
  3.556411E+00 1.841E+02
  3.556429E+00 2.995E+02
  3.556465E+00 6.333E+02
  3.556483E+00 1.296E+02
  3.556501E+00 1.212E+02
  3.556519E+00 8.746E+01
  3.556536E+00 6.117E+01
  3.556554E+00 4.401E+01
  3.556572E+00 3.276E+01
  3.556589E+00 2.514E+01
  3.556607E+00 1.980E+01
  3.556625E+00 1.593E+01
  3.556642E+00 1.310E+01
  3.556660E+00 1.131E+01
  3.556677E+00 1.311E+01
  3.556695E+00 4.472E+02
  3.556712E+00 3.169E+01
  3.556729E+00 1.409E+01
  3.556747E+00 1.023E+01
  3.556764E+00 8.430E+00
  3.556782E+00 7.331E+00
  3.556799E+00 6.563E+00
  3.556816E+00 5.988E+00
  3.556850E+00 5.178E+00
  3.556902E+00 4.452E+00
  3.556953E+00 4.074E+00
  3.557004E+00 3.992E+00
  3.557021E+00 4.063E+00
  3.557037E+00 4.235E+00
  3.557054E+00 4.604E+00
  3.557071E+00 5.452E+00
  3.557088E+00 7.876E+00
  3.557105E+00 1.957E+01
  3.557121E+00 7.826E+02
  3.557138E+00 4.127E+01
  3.557155E+00 1.221E+01
  3.557171E+00 7.677E+00
  3.557188E+00 6.187E+00
  3.557204E+00 5.548E+00
  3.557221E+00 5.249E+00
  3.557237E+00 5.119E+00
  3.557270E+00 5.123E+00
  3.557319E+00 5.513E+00
  3.557368E+00 6.293E+00
  3.557401E+00 7.097E+00
  3.557433E+00 8.256E+00
  3.557449E+00 9.039E+00
  3.557465E+00 1.002E+01
  3.557481E+00 1.130E+01
  3.557497E+00 1.302E+01
  3.557513E+00 1.546E+01
  3.557529E+00 1.920E+01
  3.557545E+00 2.561E+01
  3.557561E+00 3.873E+01
  3.557577E+00 7.533E+01
  3.557593E+00 2.805E+02
  3.557609E+00 2.677E+03
  3.557624E+00 1.654E+02
  3.557640E+00 6.049E+01
  3.557656E+00 4.079E+01
  3.557672E+00 3.674E+01
  3.557687E+00 3.846E+01
  3.557703E+00 4.373E+01
  3.557719E+00 5.205E+01
  3.557766E+00 8.776E+01
  3.557781E+00 9.268E+01
  3.557797E+00 8.794E+01
  3.557812E+00 7.680E+01
  3.557828E+00 6.653E+01
  3.557843E+00 6.699E+01
  3.557858E+00 9.334E+01
  3.557889E+00 3.120E+01
  3.557904E+00 2.025E+01
  3.557920E+00 1.478E+01
  3.557935E+00 1.141E+01
  3.557950E+00 9.110E+00
  3.557965E+00 7.461E+00
  3.557981E+00 6.287E+00
  3.557996E+00 5.581E+00
  3.558011E+00 5.779E+00
  3.558026E+00 1.062E+01
  3.558041E+00 3.551E+01
  3.558056E+00 1.077E+01
  3.558071E+00 5.596E+00
  3.558086E+00 3.979E+00
  3.558101E+00 3.190E+00
  3.558116E+00 2.713E+00
  3.558131E+00 2.393E+00
  3.558146E+00 2.171E+00
  3.558161E+00 2.022E+00
  3.558176E+00 1.935E+00
  3.558191E+00 1.913E+00
  3.558205E+00 1.969E+00
  3.558220E+00 2.132E+00
  3.558235E+00 2.472E+00
  3.558250E+00 3.139E+00
  3.558264E+00 4.493E+00
  3.558279E+00 7.347E+00
  3.558294E+00 1.245E+01
  3.558308E+00 2.299E+01
  3.558323E+00 1.573E+02
  3.558338E+00 1.817E+01
  3.558352E+00 5.072E+00
  3.558367E+00 2.437E+00
  3.558381E+00 1.466E+00
  3.558396E+00 9.932E-01
  3.558410E+00 7.242E-01
  3.558424E+00 5.544E-01
  3.558439E+00 4.391E-01
  3.558453E+00 3.563E-01
  3.558468E+00 2.944E-01
  3.558482E+00 2.465E-01
  3.558496E+00 2.086E-01
  3.558511E+00 1.780E-01
  3.558525E+00 1.530E-01
  3.558539E+00 1.327E-01
  3.558553E+00 1.163E-01
  3.558567E+00 1.040E-01
  3.558582E+00 9.696E-02
  3.558596E+00 9.952E-02
  3.558610E+00 1.294E-01
  3.558624E+00 3.085E-01
  3.558638E+00 8.158E+00
  3.558652E+00 7.444E-01
  3.558666E+00 1.823E-01
  3.558680E+00 9.239E-02
  3.558694E+00 5.925E-02
  3.558708E+00 4.196E-02
  3.558722E+00 3.110E-02
  3.558736E+00 2.349E-02
  3.558750E+00 1.781E-02
  3.558764E+00 1.339E-02
  3.558777E+00 9.908E-03
  3.558791E+00 7.139E-03
  3.558805E+00 4.957E-03
  3.558819E+00 3.281E-03
  3.558833E+00 2.055E-03
  3.558846E+00 1.247E-03
  3.558860E+00 8.415E-04
  3.558874E+00 8.412E-04
  3.558887E+00 1.266E-03
  3.558901E+00 2.160E-03
  3.558915E+00 3.603E-03
  3.558928E+00 5.734E-03
  3.558942E+00 8.786E-03
  3.558955E+00 1.318E-02
  3.558969E+00 1.972E-02
  3.558982E+00 3.007E-02
  3.558996E+00 4.827E-02
  3.559009E+00 8.617E-02
  3.559023E+00 1.933E-01
  3.559036E+00 8.136E-01
  3.559049E+00 1.783E+01
  3.559063E+00 4.352E-01
  3.559076E+00 1.171E-01
  3.559089E+00 5.458E-02
  3.559103E+00 3.410E-02
  3.559116E+00 2.613E-02
  3.559129E+00 2.308E-02
  3.559142E+00 2.232E-02
  3.559156E+00 2.268E-02
  3.559208E+00 2.704E-02
  3.559221E+00 2.937E-02
  3.559234E+00 3.564E-02
  3.559248E+00 5.314E-02
  3.559261E+00 9.551E-02
  3.559274E+00 1.745E-01
  3.559300E+00 3.800E-01
  3.559338E+00 6.432E-01
  3.559351E+00 7.566E-01
  3.559364E+00 9.050E-01
  3.559377E+00 1.107E+00
  3.559390E+00 1.394E+00
  3.559403E+00 1.819E+00
  3.559415E+00 2.491E+00
  3.559428E+00 3.799E+00
  3.559441E+00 6.422E+00
  3.559454E+00 2.366E+01
  3.559466E+00 5.947E+00
  3.559479E+00 1.249E+01
  3.559492E+00 1.665E+01
  3.559504E+00 1.409E+01
  3.559517E+00 9.415E+00
  3.559530E+00 6.128E+00
  3.559542E+00 4.163E+00
  3.559555E+00 2.977E+00
  3.559567E+00 2.227E+00
  3.559580E+00 1.727E+00
  3.559592E+00 1.380E+00
  3.559605E+00 1.130E+00
  3.559617E+00 9.492E-01
  3.559630E+00 8.456E-01
  3.559642E+00 1.047E+00
  3.559654E+00 3.258E+01
  3.559667E+00 2.820E+00
  3.559679E+00 1.206E+00
  3.559691E+00 8.737E-01
  3.559704E+00 7.276E-01
  3.559716E+00 6.420E-01
  3.559728E+00 5.843E-01
  3.559753E+00 5.110E-01
  3.559777E+00 4.677E-01
  3.559814E+00 4.339E-01
  3.559850E+00 4.270E-01
  3.559874E+00 4.398E-01
  3.559886E+00 4.556E-01
  3.559898E+00 4.842E-01
  3.559910E+00 5.404E-01
  3.559922E+00 6.721E-01
  3.559934E+00 1.104E+00
  3.559946E+00 4.452E+00
  3.559958E+00 4.355E+01
  3.559970E+00 2.354E+00
  3.559982E+00 1.132E+00
  3.559994E+00 8.464E-01
  3.560005E+00 7.436E-01
  3.560017E+00 7.024E-01
  3.560029E+00 6.890E-01
  3.560053E+00 7.034E-01
  3.560088E+00 7.831E-01
  3.560123E+00 9.237E-01
  3.560146E+00 1.062E+00
  3.560158E+00 1.151E+00
  3.560181E+00 1.385E+00
  3.560204E+00 1.743E+00
  3.560215E+00 2.004E+00
  3.560227E+00 2.360E+00
  3.560238E+00 2.873E+00
  3.560250E+00 3.678E+00
  3.560261E+00 5.111E+00
  3.560272E+00 8.232E+00
  3.560284E+00 1.805E+01
  3.560295E+00 9.539E+01
  3.560307E+00 1.938E+02
  3.560318E+00 2.312E+01
  3.560329E+00 1.050E+01
  3.560341E+00 7.849E+00
  3.560352E+00 7.502E+00
  3.560363E+00 8.163E+00
  3.560374E+00 9.535E+00
  3.560386E+00 1.155E+01
  3.560408E+00 1.666E+01
  3.560419E+00 1.836E+01
  3.560430E+00 1.826E+01
  3.560442E+00 1.650E+01
  3.560453E+00 1.432E+01
  3.560464E+00 1.353E+01
  3.560475E+00 1.753E+01
  3.560486E+00 1.505E+01
  3.560497E+00 7.478E+00
  3.560508E+00 4.770E+00
  3.560519E+00 3.478E+00
  3.560530E+00 2.695E+00
  3.560541E+00 2.161E+00
  3.560552E+00 1.777E+00
  3.560563E+00 1.500E+00
  3.560574E+00 1.320E+00
  3.560585E+00 1.301E+00
  3.560596E+00 1.922E+00
  3.560607E+00 8.070E+00
  3.560618E+00 4.069E+00
  3.560628E+00 1.723E+00
  3.560639E+00 1.142E+00
  3.560650E+00 8.920E-01
  3.560661E+00 7.519E-01
  3.560672E+00 6.624E-01
  3.560682E+00 6.024E-01
  3.560693E+00 5.633E-01
  3.560704E+00 5.418E-01
  3.560715E+00 5.379E-01
  3.560725E+00 5.552E-01
  3.560736E+00 6.018E-01
  3.560747E+00 6.957E-01
  3.560757E+00 8.765E-01
  3.560768E+00 1.239E+00
  3.560779E+00 2.009E+00
  3.560789E+00 3.578E+00
  3.560800E+00 7.927E+00
  3.560811E+00 4.640E+01
  3.560821E+00 4.760E+00
  3.560832E+00 1.441E+00
  3.560842E+00 7.080E-01
  3.560853E+00 4.297E-01
  3.560863E+00 2.930E-01
  3.560874E+00 2.149E-01
  3.560884E+00 1.655E-01
  3.560895E+00 1.320E-01
  3.560905E+00 1.080E-01
  3.560915E+00 8.995E-02
  3.560926E+00 7.602E-02
  3.560936E+00 6.496E-02
  3.560957E+00 4.868E-02
  3.560967E+00 4.267E-02
  3.560978E+00 3.781E-02
  3.560988E+00 3.414E-02
  3.560998E+00 3.197E-02
  3.561009E+00 3.245E-02
  3.561019E+00 3.984E-02
  3.561029E+00 7.785E-02
  3.561039E+00 6.131E-01
  3.561049E+00 6.333E-01
  3.561060E+00 9.130E-02
  3.561070E+00 4.132E-02
  3.561080E+00 2.568E-02
  3.561090E+00 1.820E-02
  3.561100E+00 1.373E-02
  3.561110E+00 1.068E-02
  3.561121E+00 8.438E-03
  3.561131E+00 6.696E-03
  3.561141E+00 5.302E-03
  3.561151E+00 4.170E-03
  3.561161E+00 3.245E-03
  3.561171E+00 2.492E-03
  3.561188E+00 1.535E-03
  3.571178E+00 3.548E-01
  3.571188E+00 5.741E-01
  3.596132E+00 9.304E-02
  3.621075E+00 4.549E-02
  3.646018E+00 3.194E-02
  3.670961E+00 2.636E-02
  3.695905E+00 2.337E-02
  3.720848E+00 2.151E-02
  3.770735E+00 1.930E-02
  3.870508E+00 1.688E-02
  3.995224E+00 1.553E-02
  4.444204E+00 1.180E-02
  4.918127E+00 9.037E-03
  5.317220E+00 7.321E-03
  5.841029E+00 5.632E-03
  6.015633E+00 5.198E-03
  6.137158E+00 4.895E-03
  6.261133E+00 4.610E-03
  6.387616E+00 4.342E-03
  6.516658E+00 4.089E-03
  6.648303E+00 3.851E-03
  6.782605E+00 3.627E-03
  6.919621E+00 3.415E-03
  7.059408E+00 3.216E-03
  7.202017E+00 3.029E-03
  7.347512E+00 2.853E-03
  7.495938E+00 2.687E-03
  7.647366E+00 2.530E-03
  7.801856E+00 2.383E-03
  7.959461E+00 2.244E-03
  8.120251E+00 2.113E-03
  8.284293E+00 1.990E-03
  8.451646E+00 1.874E-03
  8.622384E+00 1.765E-03
  8.796563E+00 1.662E-03
  8.974271E+00 1.566E-03
  9.155559E+00 1.474E-03
  9.340512E+00 1.389E-03
  9.529207E+00 1.308E-03
  9.721710E+00 1.232E-03
  9.918097E+00 1.160E-03
  1.011846E+01 1.092E-03
  1.032287E+01 1.029E-03
  1.053140E+01 9.688E-04
  1.074415E+01 9.124E-04
  1.096120E+01 8.592E-04
  1.118263E+01 8.092E-04
  1.140853E+01 7.621E-04
  1.163900E+01 7.177E-04
  1.187412E+01 6.759E-04
  1.211400E+01 6.365E-04
  1.235871E+01 5.995E-04
  1.260838E+01 5.646E-04
  1.286308E+01 5.317E-04
  1.312293E+01 5.007E-04
  1.338804E+01 4.716E-04
  1.365849E+01 4.441E-04
  1.393441E+01 4.182E-04
  1.421590E+01 3.939E-04
  1.450308E+01 3.709E-04
  1.479607E+01 3.493E-04
  1.509497E+01 3.290E-04
  1.539991E+01 3.098E-04
  1.571100E+01 2.918E-04
  1.602838E+01 2.748E-04
  1.635217E+01 2.588E-04
  1.668251E+01 2.437E-04
  1.701952E+01 2.295E-04
  1.736333E+01 2.162E-04
  1.771410E+01 2.036E-04
  1.807195E+01 1.917E-04
  1.843703E+01 1.806E-04
  1.880946E+01 1.700E-04
  1.918945E+01 1.601E-04
  1.957710E+01 1.508E-04
  1.997260E+01 1.420E-04
  2.037605E+01 1.338E-04
  2.078769E+01 1.260E-04
  2.120763E+01 1.186E-04
  2.163605E+01 1.117E-04
  2.207312E+01 1.052E-04
  2.251904E+01 9.909E-05
  2.297394E+01 9.332E-05
  2.343805E+01 8.789E-05