  1.318849E-02 3.125E+01
  1.319846E-02 2.636E+01
  6.448317E-02 1.650E+00
  1.144640E-01 5.827E-01
  1.631847E-01 3.056E-01
  2.106873E-01 1.924E-01
  2.570122E-01 1.341E-01
  3.021978E-01 9.943E-02
  3.462813E-01 7.678E-02
  3.892983E-01 6.113E-02
  4.312827E-01 4.995E-02
  4.722675E-01 4.180E-02
  5.122842E-01 3.572E-02
  5.513628E-01 3.108E-02
  5.895327E-01 2.745E-02
  6.632566E-01 2.206E-02
  7.336672E-01 1.815E-02
  8.334944E-01 1.390E-02
  9.269048E-01 1.102E-02
  1.014437E+00 9.128E-03
  1.122830E+00 7.534E-03
  1.292398E+00 5.803E-03
  1.478855E+00 4.278E-03
  1.603695E+00 3.534E-03
  1.728579E+00 3.049E-03
  1.955356E+00 2.526E-03
  2.266488E+00 1.887E-03
  2.365162E+00 1.796E-03
  2.414332E+00 1.849E-03
  2.441194E+00 1.981E-03
  2.453953E+00 2.127E-03
  2.462223E+00 2.298E-03
  2.466289E+00 2.426E-03
  2.470311E+00 2.603E-03
  2.474288E+00 2.863E-03
  2.478222E+00 3.277E-03
  2.482113E+00 4.031E-03
  2.485961E+00 5.763E-03
  2.489768E+00 1.266E-02
  2.493534E+00 5.879E-01
  2.497259E+00 1.570E-03
  2.500944E+00 2.254E-07
  2.504590E+00 1.547E-04
  2.508198E+00 3.556E-04
  2.511767E+00 5.149E-04
  2.515298E+00 6.370E-04
  2.518792E+00 7.317E-04
  2.525671E+00 8.676E-04
  2.535723E+00 9.951E-04
  2.551799E+00 1.114E-03
  2.584428E+00 1.233E-03
  2.741109E+00 1.502E-03
  2.780287E+00 1.648E-03
  2.802208E+00 1.823E-03
  2.815146E+00 2.034E-03
  2.822845E+00 2.278E-03
  2.827731E+00 2.554E-03
  2.830885E+00 2.848E-03
  2.833197E+00 3.182E-03
  2.835466E+00 3.705E-03
  2.836955E+00 4.255E-03
  2.837693E+00 4.635E-03
  2.838425E+00 5.125E-03
  2.839154E+00 5.779E-03
  2.839877E+00 6.688E-03
  2.840596E+00 8.025E-03
  2.841311E+00 1.015E-02
  2.842021E+00 1.393E-02
  2.842727E+00 2.200E-02
  2.843429E+00 4.632E-02
  2.844126E+00 2.311E-01
  2.844819E+00 5.282E-01
  2.845508E+00 3.185E-02
  2.846192E+00 7.658E-03
  2.846872E+00 2.561E-03
  2.847549E+00 9.423E-04
  2.848221E+00 3.354E-04
  2.848889E+00 9.877E-05
  2.849552E+00 1.578E-05
  2.850212E+00 1.594E-07
  2.850868E+00 1.309E-05
  2.851520E+00 3.495E-05
  2.852168E+00 5.400E-05
  2.852812E+00 6.095E-05
  2.853453E+00 4.584E-05
  2.854089E+00 5.694E-06
  2.854722E+00 2.656E-04
  2.855351E+00 5.052E-02
  2.855976E+00 2.515E-03
  2.856597E+00 1.485E-03
  2.857215E+00 1.211E-03
  2.857829E+00 1.102E-03
  2.858440E+00 1.054E-03
  2.859650E+00 1.027E-03
  2.862614E+00 1.070E-03
  2.880672E+00 1.481E-03
  2.896469E+00 1.854E-03
  2.904770E+00 2.157E-03
  2.910264E+00 2.485E-03
  2.913802E+00 2.848E-03
  2.915043E+00 3.077E-03
  2.915655E+00 3.311E-03
  2.915959E+00 3.614E-03
  2.916262E+00 6.208E-03
  2.916563E+00 2.257E-03
  2.916862E+00 2.800E-03
  2.917161E+00 2.994E-03
  2.918921E+00 3.564E-03
  2.920634E+00 4.181E-03
  2.922026E+00 4.945E-03
  2.923117E+00 5.884E-03
  2.923923E+00 6.951E-03
  2.924454E+00 7.965E-03
  2.924980E+00 9.384E-03
  2.925242E+00 1.033E-02
  2.925502E+00 1.149E-02
  2.925761E+00 1.297E-02
  2.926019E+00 1.488E-02
  2.926276E+00 1.745E-02
  2.926531E+00 2.103E-02
  2.926786E+00 2.628E-02
  2.927039E+00 3.453E-02
  2.927291E+00 4.880E-02
  2.927543E+00 7.731E-02
  2.927793E+00 1.503E-01
  2.928042E+00 4.644E-01
  2.928290E+00 1.032E+01
  2.928536E+00 7.215E-01
  2.928782E+00 1.381E-01
  2.929027E+00 5.171E-02
  2.929271E+00 2.502E-02
  2.929513E+00 1.382E-02
  2.929755E+00 8.266E-03
  2.929995E+00 5.202E-03
  2.930235E+00 3.387E-03
  2.930473E+00 2.256E-03
  2.930710E+00 1.526E-03
  2.930947E+00 1.042E-03
  2.931182E+00 7.166E-04
  2.931416E+00 4.950E-04
  2.931650E+00 3.440E-04
  2.931882E+00 2.418E-04
  2.932113E+00 1.741E-04
  2.932344E+00 1.313E-04
  2.932573E+00 1.078E-04
  2.932802E+00 1.020E-04
  2.933029E+00 1.183E-04
  2.933255E+00 1.778E-04
  2.933481E+00 3.604E-04
  2.933705E+00 1.062E-03
  2.933929E+00 6.454E-03
  2.934152E+00 6.477E-01
  2.934373E+00 8.290E-03
  2.934594E+00 3.179E-03
  2.934814E+00 2.000E-03
  2.935033E+00 1.537E-03
  2.935251E+00 1.311E-03
  2.935468E+00 1.186E-03
  2.935685E+00 1.114E-03
  2.936114E+00 1.049E-03
  2.936752E+00 1.039E-03
  2.938210E+00 1.135E-03
  2.945619E+00 1.892E-03
  2.950281E+00 2.482E-03
  2.953322E+00 2.909E-03
  2.953759E+00 2.879E-03
  2.953904E+00 2.825E-03
  2.954048E+00 2.715E-03
  2.954191E+00 2.471E-03
  2.954334E+00 1.767E-03
  2.954477E+00 1.335E-01
  2.954619E+00 5.916E-03
  2.954760E+00 4.655E-03
  2.954901E+00 4.313E-03
  2.955182E+00 4.114E-03
  2.955737E+00 4.133E-03
  2.956956E+00 4.596E-03
  2.958138E+00 5.373E-03
  2.959031E+00 6.282E-03
  2.959779E+00 7.435E-03
  2.960391E+00 8.867E-03
  2.960873E+00 1.057E-02
  2.961230E+00 1.240E-02
  2.961584E+00 1.507E-02
  2.961818E+00 1.760E-02
  2.962050E+00 2.116E-02
  2.962165E+00 2.351E-02
  2.962280E+00 2.642E-02
  2.962395E+00 3.008E-02
  2.962509E+00 3.479E-02
  2.962623E+00 4.104E-02
  2.962737E+00 4.962E-02
  2.962850E+00 6.192E-02
  2.962962E+00 8.057E-02
  2.963075E+00 1.111E-01
  2.963187E+00 1.670E-01
  2.963298E+00 2.886E-01
  2.963410E+00 6.485E-01
  2.963521E+00 2.905E+00
  2.963631E+00 4.274E+01
  2.963741E+00 1.319E+00
  2.963851E+00 3.626E-01
  2.963961E+00 1.596E-01
  2.964070E+00 8.651E-02
  2.964178E+00 5.277E-02
  2.964287E+00 3.476E-02
  2.964395E+00 2.418E-02
  2.964502E+00 1.754E-02
  2.964609E+00 1.318E-02
  2.964716E+00 1.020E-02
  2.964823E+00 8.142E-03
  2.964929E+00 6.705E-03
  2.965035E+00 5.726E-03
  2.965140E+00 5.116E-03
  2.965246E+00 4.857E-03
  2.965350E+00 5.026E-03
  2.965455E+00 5.929E-03
  2.965559E+00 8.713E-03
  2.965663E+00 2.005E-02
  2.965766E+00 2.513E-01
  2.965869E+00 5.428E-02
  2.965972E+00 7.962E-03
  2.966075E+00 3.064E-03
  2.966177E+00 1.706E-03
  2.966279E+00 1.171E-03
  2.966380E+00 9.202E-04
  2.966481E+00 7.922E-04
  2.966582E+00 7.261E-04
  2.966682E+00 6.949E-04
  2.966782E+00 6.850E-04
  2.966982E+00 7.026E-04
  2.967278E+00 7.774E-04
  2.967863E+00 9.947E-04
  2.970004E+00 1.956E-03
  2.972329E+00 3.127E-03
  2.973776E+00 3.891E-03
  2.974165E+00 3.909E-03
  2.974318E+00 3.751E-03
  2.974395E+00 3.568E-03
  2.974471E+00 3.231E-03
  2.974547E+00 2.550E-03
  2.974623E+00 9.118E-04
  2.974699E+00 1.701E+01
  2.974774E+00 1.291E-02
  2.974849E+00 8.830E-03
  2.974924E+00 7.706E-03
  2.974999E+00 7.224E-03
  2.975148E+00 6.865E-03
  2.975443E+00 6.856E-03
  2.975951E+00 7.456E-03
  2.976590E+00 8.779E-03
  2.977144E+00 1.054E-02
  2.977551E+00 1.245E-02
  2.977885E+00 1.467E-02
  2.978215E+00 1.785E-02
  2.978475E+00 2.156E-02
  2.978668E+00 2.549E-02
  2.978860E+00 3.106E-02
  2.978987E+00 3.621E-02
  2.979113E+00 4.318E-02
  2.979176E+00 4.765E-02
  2.979238E+00 5.303E-02
  2.979301E+00 5.959E-02
  2.979363E+00 6.773E-02
  2.979425E+00 7.801E-02
  2.979487E+00 9.132E-02
  2.979549E+00 1.090E-01
  2.979611E+00 1.334E-01
  2.979672E+00 1.683E-01
  2.979733E+00 2.213E-01
  2.979794E+00 3.080E-01
  2.979855E+00 4.652E-01
  2.979916E+00 8.007E-01
  2.979977E+00 1.751E+00
  2.980037E+00 6.896E+00
  2.980098E+00 3.428E+02
  2.980158E+00 5.568E+00
  2.980218E+00 1.404E+00
  2.980277E+00 6.095E-01
  2.980337E+00 3.328E-01
  2.980397E+00 2.065E-01
  2.980456E+00 1.391E-01
  2.980515E+00 9.939E-02
  2.980574E+00 7.423E-02
  2.980633E+00 5.750E-02
  2.980692E+00 4.597E-02
  2.980750E+00 3.787E-02
  2.980808E+00 3.214E-02
  2.980867E+00 2.818E-02
  2.980925E+00 2.566E-02
  2.980983E+00 2.453E-02
  2.981040E+00 2.505E-02
  2.981098E+00 2.821E-02
  2.981155E+00 3.742E-02
  2.981213E+00 6.874E-02
  2.981270E+00 3.424E-01
  2.981327E+00 5.448E-01
  2.981384E+00 3.308E-02
  2.981440E+00 8.592E-03
  2.981497E+00 3.436E-03
  2.981553E+00 1.752E-03
  2.981609E+00 1.065E-03
  2.981665E+00 7.461E-04
  2.981721E+00 5.867E-04
  2.981777E+00 5.062E-04
  2.981833E+00 4.691E-04
  2.981888E+00 4.584E-04
  2.981943E+00 4.650E-04
  2.981999E+00 4.840E-04
  2.982108E+00 5.479E-04
  2.982272E+00 6.871E-04
  2.982489E+00 9.236E-04
  2.982862E+00 1.417E-03
  2.983537E+00 2.462E-03
  2.984435E+00 4.067E-03
  2.985433E+00 5.987E-03
  2.985663E+00 6.175E-03
  2.985799E+00 5.952E-03
  2.985845E+00 5.736E-03
  2.985890E+00 5.380E-03
  2.985935E+00 4.791E-03
  2.985980E+00 3.778E-03
  2.986025E+00 1.939E-03
  2.986069E+00 3.822E-04
  2.986114E+00 3.086E-01
  2.986159E+00 3.083E-02
  2.986203E+00 2.006E-02
  2.986247E+00 1.678E-02
  2.986291E+00 1.530E-02
  2.986336E+00 1.453E-02
  2.986423E+00 1.388E-02
  2.986598E+00 1.388E-02
  2.986899E+00 1.528E-02
  2.987237E+00 1.800E-02
  2.987527E+00 2.142E-02
  2.987772E+00 2.546E-02
  2.988013E+00 3.114E-02
  2.988212E+00 3.788E-02
  2.988369E+00 4.544E-02
  2.988486E+00 5.310E-02
  2.988602E+00 6.340E-02
  2.988718E+00 7.780E-02
  2.988794E+00 9.095E-02
  2.988870E+00 1.085E-01
  2.988946E+00 1.327E-01
  2.988983E+00 1.485E-01
  2.989021E+00 1.678E-01
  2.989059E+00 1.916E-01
  2.989096E+00 2.216E-01
  2.989133E+00 2.603E-01
  2.989171E+00 3.115E-01
  2.989208E+00 3.812E-01
  2.989245E+00 4.801E-01
  2.989282E+00 6.275E-01
  2.989319E+00 8.619E-01
  2.989356E+00 1.271E+00
  2.989393E+00 2.086E+00
  2.989429E+00 4.117E+00
  2.989466E+00 1.201E+01
  2.989502E+00 1.476E+02
  2.989539E+00 5.094E+01
  2.989575E+00 7.803E+00
  2.989611E+00 2.955E+00
  2.989648E+00 1.525E+00
  2.989684E+00 9.218E-01
  2.989720E+00 6.142E-01
  2.989756E+00 4.376E-01
  2.989791E+00 3.277E-01
  2.989827E+00 2.553E-01
  2.989863E+00 2.057E-01
  2.989899E+00 1.708E-01
  2.989934E+00 1.460E-01
  2.989969E+00 1.286E-01
  2.990005E+00 1.171E-01
  2.990040E+00 1.110E-01
  2.990075E+00 1.108E-01
  2.990110E+00 1.188E-01
  2.990145E+00 1.425E-01
  2.990180E+00 2.083E-01
  2.990215E+00 4.771E-01
  2.990250E+00 1.004E+01
  2.990285E+00 5.324E-01
  2.990319E+00 7.025E-02
  2.990354E+00 1.967E-02
  2.990388E+00 7.322E-03
  2.990423E+00 3.216E-03
  2.990457E+00 1.603E-03
  2.990491E+00 8.986E-04
  2.990526E+00 5.684E-04
  2.990560E+00 4.075E-04
  2.990594E+00 3.303E-04
  2.990628E+00 2.985E-04
  2.990662E+00 2.946E-04
  2.990695E+00 3.100E-04
  2.990729E+00 3.405E-04
  2.990763E+00 3.838E-04
  2.990796E+00 4.385E-04
  2.990830E+00 5.038E-04
  2.990896E+00 6.638E-04
  2.990963E+00 8.595E-04
  2.991062E+00 1.212E-03
  2.991193E+00 1.775E-03
  2.991355E+00 2.600E-03
  2.991580E+00 3.932E-03
  2.991894E+00 6.126E-03
  2.992323E+00 9.669E-03
  2.992709E+00 1.298E-02
  2.992855E+00 1.356E-02
  2.992942E+00 1.303E-02
  2.992971E+00 1.250E-02
  2.992999E+00 1.165E-02
  2.993028E+00 1.032E-02
  2.993057E+00 8.195E-03
  2.993085E+00 4.788E-03
  2.993114E+00 2.984E-04
  2.993142E+00 5.799E-02
  2.993170E+00 3.502E-01
  2.993199E+00 8.986E-02
  2.993227E+00 6.015E-02
  2.993255E+00 4.988E-02
  2.993283E+00 4.503E-02
  2.993311E+00 4.242E-02
  2.993367E+00 4.015E-02
  2.993451E+00 3.981E-02
  2.993589E+00 4.238E-02
  2.993780E+00 4.924E-02
  2.993968E+00 5.934E-02
  2.994153E+00 7.367E-02
  2.994310E+00 9.103E-02
  2.994439E+00 1.111E-01
  2.994541E+00 1.329E-01
  2.994643E+00 1.626E-01
  2.994718E+00 1.926E-01
  2.994793E+00 2.328E-01
  2.994868E+00 2.887E-01
  2.994918E+00 3.393E-01
  2.994967E+00 4.060E-01
  2.995016E+00 4.969E-01
  2.995065E+00 6.256E-01
  2.995089E+00 7.114E-01
  2.995114E+00 8.176E-01
  2.995138E+00 9.514E-01
  2.995162E+00 1.124E+00
  2.995186E+00 1.351E+00
  2.995211E+00 1.659E+00
  2.995235E+00 2.094E+00
  2.995259E+00 2.737E+00
  2.995283E+00 3.747E+00
  2.995307E+00 5.470E+00
  2.995331E+00 8.790E+00
  2.995354E+00 1.655E+01
  2.995378E+00 4.264E+01
  2.995402E+00 2.783E+02
  2.995426E+00 6.774E+02
  2.995449E+00 5.653E+01
  2.995473E+00 1.897E+01
  2.995496E+00 9.359E+00
  2.995520E+00 5.551E+00
  2.995544E+00 3.672E+00
  2.995567E+00 2.613E+00
  2.995590E+00 1.962E+00
  2.995614E+00 1.536E+00
  2.995637E+00 1.245E+00
  2.995660E+00 1.041E+00
  2.995683E+00 8.960E-01
  2.995707E+00 7.937E-01
  2.995730E+00 7.252E-01
  2.995753E+00 6.868E-01
  2.995776E+00 6.801E-01
  2.995799E+00 7.152E-01
  2.995822E+00 8.220E-01
  2.995844E+00 1.095E+00
  2.995867E+00 1.959E+00
  2.995890E+00 8.570E+00
  2.995913E+00 2.029E+01
  2.995936E+00 9.042E-01
  2.995958E+00 1.925E-01
  2.995981E+00 5.948E-02
  2.996003E+00 2.144E-02
  2.996026E+00 8.298E-03
  2.996048E+00 3.308E-03
  2.996071E+00 1.331E-03
  2.996093E+00 5.389E-04
  2.996116E+00 2.259E-04
  2.996138E+00 1.060E-04
  2.996160E+00 6.367E-05
  2.996182E+00 5.466E-05
  2.996205E+00 6.509E-05
  2.996227E+00 9.359E-05
  2.996249E+00 1.434E-04
  2.996271E+00 2.191E-04
  2.996293E+00 3.248E-04
  2.996315E+00 4.641E-04
  2.996337E+00 6.396E-04
  2.996358E+00 8.531E-04
  2.996380E+00 1.106E-03
  2.996402E+00 1.399E-03
  2.996424E+00 1.732E-03
  2.996446E+00 2.105E-03
  2.996489E+00 2.970E-03
  2.996532E+00 3.991E-03
  2.996596E+00 5.804E-03
  2.996660E+00 7.944E-03
  2.996745E+00 1.129E-02
  2.996850E+00 1.624E-02
  2.996975E+00 2.332E-02
  2.997118E+00 3.321E-02
  2.997280E+00 4.668E-02
  2.997518E+00 6.832E-02
  2.997597E+00 7.181E-02
  2.997636E+00 7.033E-02
  2.997655E+00 6.795E-02
  2.997674E+00 6.384E-02
  2.997694E+00 5.717E-02
  2.997713E+00 4.664E-02
  2.997732E+00 3.037E-02
  2.997751E+00 7.925E-03
  2.997771E+00 2.114E-02
  2.997790E+00 5.685E+00
  2.997809E+00 1.691E+00
  2.997828E+00 6.460E-01
  2.997847E+00 4.532E-01
  2.997866E+00 3.803E-01
  2.997885E+00 3.453E-01
  2.997904E+00 3.271E-01
  2.997942E+00 3.137E-01
  2.997998E+00 3.192E-01
  2.998073E+00 3.487E-01
  2.998165E+00 4.084E-01
  2.998257E+00 4.925E-01
  2.998348E+00 6.069E-01
  2.998438E+00 7.629E-01
  2.998509E+00 9.298E-01
  2.998580E+00 1.150E+00
  2.998633E+00 1.365E+00
  2.998686E+00 1.636E+00
  2.998738E+00 1.987E+00
  2.998790E+00 2.449E+00
  2.998842E+00 3.070E+00
  2.998893E+00 3.930E+00
  2.998927E+00 4.698E+00
  2.998961E+00 5.689E+00
  2.998995E+00 6.996E+00
  2.999029E+00 8.761E+00
  2.999046E+00 9.882E+00
  2.999063E+00 1.121E+01
  2.999080E+00 1.281E+01
  2.999096E+00 1.475E+01
  2.999113E+00 1.713E+01
  2.999130E+00 2.008E+01
  2.999146E+00 2.380E+01
  2.999163E+00 2.858E+01
  2.999180E+00 3.484E+01
  2.999196E+00 4.323E+01
  2.999213E+00 5.483E+01
  2.999229E+00 7.143E+01
  2.999246E+00 9.627E+01
  2.999262E+00 1.357E+02
  2.999279E+00 2.032E+02
  2.999295E+00 3.330E+02
  2.999311E+00 6.298E+02
  2.999328E+00 1.561E+03
  2.999344E+00 7.883E+03
  2.999360E+00 1.057E+05
  2.999377E+00 3.999E+03
  2.999393E+00 1.238E+03
  2.999409E+00 6.097E+02
  2.999425E+00 3.704E+02
  2.999441E+00 2.539E+02
  2.999458E+00 1.885E+02
  2.999474E+00 1.484E+02
  2.999490E+00 1.223E+02
  2.999506E+00 1.046E+02
  2.999522E+00 9.251E+01
  2.999538E+00 8.437E+01
  2.999554E+00 7.934E+01
  2.999570E+00 7.705E+01
  2.999585E+00 7.756E+01
  2.999601E+00 8.155E+01
  2.999617E+00 9.069E+01
  2.999633E+00 1.092E+02
  2.999649E+00 1.488E+02
  2.999665E+00 2.553E+02
  2.999680E+00 7.758E+02
  2.999696E+00 2.359E+05
  2.999712E+00 3.910E+02
  2.999727E+00 6.971E+01
  2.999743E+00 2.101E+01
  2.999759E+00 7.557E+00
  2.999774E+00 2.839E+00
  2.999790E+00 1.007E+00
  2.999805E+00 2.900E-01
  2.999821E+00 4.283E-02
  2.999836E+00 1.382E-03
  2.999851E+00 4.896E-02
  2.999867E+00 1.315E-01
  2.999882E+00 2.235E-01
  2.999913E+00 3.945E-01
  2.999928E+00 4.665E-01
  2.999959E+00 5.809E-01
  2.999989E+00 6.612E-01
  3.000035E+00 7.331E-01
  3.000095E+00 7.714E-01
  3.000184E+00 7.653E-01
  3.000447E+00 6.343E-01
  3.000744E+00 4.717E-01
  3.000827E+00 4.036E-01
  3.000869E+00 3.503E-01
  3.000896E+00 2.981E-01
  3.000910E+00 2.634E-01
  3.000923E+00 2.199E-01
  3.000937E+00 1.644E-01
  3.000964E+00 1.607E-02
  3.000977E+00 8.740E-02
  3.000991E+00 6.363E+00
  3.001004E+00 1.304E+01
  3.001018E+00 3.027E+00
  3.001031E+00 1.812E+00
  3.001045E+00 1.381E+00
  3.001058E+00 1.166E+00
  3.001071E+00 1.038E+00
  3.001085E+00 9.544E-01
  3.001111E+00 8.515E-01
  3.001151E+00 7.710E-01
  3.001217E+00 7.118E-01
  3.001308E+00 6.891E-01
  3.001424E+00 7.108E-01
  3.001526E+00 7.721E-01
  3.001613E+00 8.696E-01
  3.001688E+00 1.006E+00
  3.001749E+00 1.184E+00
  3.001798E+00 1.399E+00
  3.001847E+00 1.727E+00
  3.001883E+00 2.102E+00
  3.001907E+00 2.455E+00
  3.001931E+00 2.940E+00
  3.001943E+00 3.254E+00
  3.001955E+00 3.635E+00
  3.001967E+00 4.102E+00
  3.001978E+00 4.684E+00
  3.001990E+00 5.426E+00
  3.002002E+00 6.392E+00
  3.002014E+00 7.686E+00
  3.002026E+00 9.477E+00
  3.002038E+00 1.207E+01
  3.002049E+00 1.602E+01
  3.002061E+00 2.253E+01
  3.002073E+00 3.443E+01
  3.002085E+00 6.002E+01
  3.002096E+00 1.331E+02
  3.002108E+00 5.322E+02
  3.002120E+00 2.816E+04
  3.002131E+00 4.438E+02
  3.002143E+00 1.138E+02
  3.002155E+00 5.039E+01
  3.002166E+00 2.809E+01
  3.002178E+00 1.781E+01
  3.002189E+00 1.227E+01
  3.002201E+00 8.974E+00
  3.002212E+00 6.867E+00
  3.002224E+00 5.452E+00
  3.002235E+00 4.467E+00
  3.002247E+00 3.768E+00
  3.002258E+00 3.269E+00
  3.002270E+00 2.919E+00
  3.002281E+00 2.691E+00
  3.002293E+00 2.577E+00
  3.002304E+00 2.591E+00
  3.002315E+00 2.789E+00
  3.002327E+00 3.335E+00
  3.002338E+00 4.807E+00
  3.002349E+00 1.060E+01
  3.002361E+00 1.768E+02
  3.002372E+00 1.225E+01
  3.002383E+00 1.412E+00
  3.002394E+00 3.368E-01
  3.002406E+00 9.846E-02
  3.002417E+00 2.948E-02
  3.002428E+00 7.753E-03
  3.002439E+00 1.301E-03
  3.002450E+00 8.262E-06
  3.002461E+00 3.410E-04
  3.002472E+00 1.022E-03
  3.002484E+00 1.611E-03
  3.002495E+00 1.985E-03
  3.002506E+00 2.145E-03
  3.002517E+00 2.129E-03
  3.002528E+00 1.987E-03
  3.002539E+00 1.763E-03
  3.002572E+00 9.320E-04
  3.002583E+00 6.760E-04
  3.002594E+00 4.532E-04
  3.002605E+00 2.710E-04
  3.002615E+00 1.340E-04
  3.002626E+00 4.440E-05
  3.002637E+00 3.102E-06
  3.002648E+00 9.665E-06
  3.002659E+00 6.287E-05
  3.002670E+00 1.609E-04
  3.002680E+00 3.016E-04
  3.002691E+00 4.825E-04
  3.002702E+00 7.011E-04
  3.002713E+00 9.548E-04
  3.002734E+00 1.557E-03
  3.002756E+00 2.269E-03
  3.002777E+00 3.073E-03
  3.002819E+00 4.891E-03
  3.002893E+00 8.474E-03
  3.013189E+00 1.700E+00
  3.013198E+00 1.933E+00
  3.017316E+00 1.108E+00
  3.021388E+00 7.166E-01
  3.025415E+00 5.010E-01
  3.029398E+00 3.698E-01
  3.033337E+00 2.842E-01
  3.037234E+00 2.253E-01
  3.041088E+00 1.831E-01
  3.044900E+00 1.518E-01
  3.048671E+00 1.281E-01
  3.052401E+00 1.096E-01
  3.056091E+00 9.497E-02
  3.059742E+00 8.319E-02
  3.063354E+00 7.358E-02
  3.070464E+00 5.902E-02
  3.077425E+00 4.868E-02
  3.084241E+00 4.110E-02
  3.094202E+00 3.305E-02
  3.103859E+00 2.751E-02
  3.116283E+00 2.246E-02
  3.131125E+00 1.833E-02
  3.147991E+00 1.514E-02
  3.166464E+00 1.274E-02
  3.190815E+00 1.060E-02
  3.219300E+00 8.964E-03
  3.246519E+00 8.044E-03
  3.264060E+00 7.903E-03
  3.275500E+00 8.251E-03
  3.283282E+00 8.981E-03
  3.287803E+00 9.811E-03
  3.292218E+00 1.121E-02
  3.295103E+00 1.272E-02
  3.297944E+00 1.506E-02
  3.299348E+00 1.674E-02
  3.300741E+00 1.893E-02
  3.302123E+00 2.187E-02
  3.303494E+00 2.592E-02
  3.304855E+00 3.169E-02
  3.306206E+00 4.017E-02
  3.307546E+00 5.312E-02
  3.308875E+00 7.329E-02
  3.310195E+00 1.037E-01
  3.311505E+00 1.410E-01
  3.312805E+00 1.602E-01
  3.314095E+00 1.377E-01
  3.315375E+00 9.770E-02
  3.316645E+00 6.608E-02
  3.317906E+00 4.582E-02
  3.319158E+00 3.323E-02
  3.320400E+00 2.522E-02
  3.321633E+00 1.993E-02
  3.322857E+00 1.630E-02
  3.324072E+00 1.373E-02
  3.325278E+00 1.185E-02
  3.326475E+00 1.043E-02
  3.327663E+00 9.352E-03
  3.330013E+00 7.831E-03
  3.332329E+00 6.841E-03
  3.335740E+00 5.898E-03
  3.340175E+00 5.166E-03
  3.346593E+00 4.574E-03
  3.356705E+00 4.102E-03
  3.373246E+00 3.749E-03
  3.395375E+00 3.504E-03
  3.398227E+00 3.341E-03
  3.399626E+00 3.109E-03
  3.401009E+00 2.683E-03
  3.401694E+00 2.624E-03
  3.402375E+00 2.899E-03
  3.403051E+00 3.260E-03
  3.403724E+00 3.504E-03
  3.405056E+00 3.723E-03
  3.418709E+00 4.261E-03
  3.425447E+00 4.804E-03
  3.430207E+00 5.480E-03
  3.434243E+00 6.417E-03
  3.437154E+00 7.466E-03
  3.439509E+00 8.708E-03
  3.441801E+00 1.048E-02
  3.443591E+00 1.250E-02
  3.444909E+00 1.456E-02
  3.446206E+00 1.732E-02
  3.447483E+00 2.113E-02
  3.448324E+00 2.453E-02
  3.449155E+00 2.894E-02
  3.449978E+00 3.478E-02
  3.450792E+00 4.275E-02
  3.451197E+00 4.787E-02
  3.451599E+00 5.399E-02
  3.451999E+00 6.140E-02
  3.452396E+00 7.047E-02
  3.452792E+00 8.170E-02
  3.453186E+00 9.581E-02
  3.453578E+00 1.138E-01
  3.453968E+00 1.370E-01
  3.454356E+00 1.675E-01
  3.454742E+00 2.083E-01
  3.455126E+00 2.637E-01
  3.455508E+00 3.416E-01
  3.455888E+00 4.677E-01
  3.456266E+00 1.105E+00
  3.456642E+00 4.202E-01
  3.457017E+00 4.619E-01
  3.457389E+00 4.512E-01
  3.457760E+00 3.978E-01
  3.458496E+00 2.659E-01
  3.458861E+00 2.129E-01
  3.459225E+00 1.712E-01
  3.459586E+00 1.390E-01
  3.459946E+00 1.142E-01
  3.460304E+00 9.507E-02
  3.460660E+00 8.006E-02
  3.461015E+00 6.817E-02
  3.461367E+00 5.864E-02
  3.461719E+00 5.091E-02
  3.462068E+00 4.458E-02
  3.462415E+00 3.933E-02
  3.463106E+00 3.124E-02
  3.463789E+00 2.540E-02
  3.464466E+00 2.106E-02
  3.465136E+00 1.775E-02
  3.466130E+00 1.410E-02
  3.467109E+00 1.150E-02
  3.468074E+00 9.586E-03
  3.469340E+00 7.737E-03
  3.470582E+00 6.416E-03
  3.472102E+00 5.240E-03
  3.473880E+00 4.273E-03
  3.475893E+00 3.521E-03
  3.478116E+00 2.967E-03
  3.480522E+00 2.589E-03
  3.483086E+00 2.372E-03
  3.485779E+00 2.318E-03
  3.488347E+00 2.434E-03
  3.490797E+00 2.720E-03
  3.493757E+00 3.202E-03
  3.494572E+00 3.156E-03
  3.494774E+00 3.376E-03
  3.495174E+00 5.153E-03
  3.495374E+00 5.367E-03
  3.496162E+00 5.289E-03
  3.496938E+00 5.501E-03
  3.497130E+00 5.855E-03
  3.497322E+00 9.428E-03
  3.497512E+00 9.912E-02
  3.497702E+00 1.391E-02
  3.497891E+00 9.888E-03
  3.498079E+00 8.935E-03
  3.498267E+00 8.639E-03
  3.498640E+00 8.649E-03
  3.499376E+00 9.431E-03
  3.500281E+00 1.105E-02
  3.501168E+00 1.332E-02
  3.502038E+00 1.641E-02
  3.502722E+00 1.972E-02
  3.503396E+00 2.407E-02
  3.504059E+00 2.995E-02
  3.504550E+00 3.580E-02
  3.505035E+00 4.342E-02
  3.505515E+00 5.361E-02
  3.505989E+00 6.762E-02
  3.506302E+00 8.009E-02
  3.506613E+00 9.621E-02
  3.506922E+00 1.175E-01
  3.507228E+00 1.466E-01
  3.507381E+00 1.652E-01
  3.507532E+00 1.876E-01
  3.507684E+00 2.147E-01
  3.507834E+00 2.482E-01
  3.507984E+00 2.902E-01
  3.508134E+00 3.439E-01
  3.508283E+00 4.143E-01
  3.508431E+00 5.094E-01
  3.508579E+00 6.428E-01
  3.508727E+00 8.398E-01
  3.508873E+00 1.149E+00
  3.509020E+00 1.672E+00
  3.509165E+00 2.544E+00
  3.509310E+00 3.143E+00
  3.509455E+00 1.543E+00
  3.509599E+00 3.750E-01
  3.509743E+00 1.670E-01
  3.509886E+00 2.598E-01
  3.510029E+00 4.248E-01
  3.510171E+00 5.736E-01
  3.510312E+00 6.629E-01
  3.510453E+00 6.836E-01
  3.510594E+00 6.522E-01
  3.511151E+00 3.966E-01
  3.511289E+00 3.443E-01
  3.511426E+00 2.998E-01
  3.511563E+00 2.622E-01
  3.511700E+00 2.305E-01
  3.511971E+00 1.811E-01
  3.512241E+00 1.451E-01
  3.512509E+00 1.185E-01
  3.512774E+00 9.822E-02
  3.513038E+00 8.254E-02
  3.513431E+00 6.494E-02
  3.513819E+00 5.216E-02
  3.514203E+00 4.257E-02
  3.514709E+00 3.305E-02
  3.515332E+00 2.433E-02
  3.515701E+00 1.960E-02
  3.515944E+00 1.600E-02
  3.516065E+00 6.771E-02
  3.516186E+00 2.469E-02
  3.516306E+00 2.047E-02
  3.516426E+00 1.851E-02
  3.516665E+00 1.611E-02
  3.517020E+00 1.367E-02
  3.517603E+00 1.075E-02
  3.518177E+00 8.573E-03
  3.518852E+00 6.585E-03
  3.519514E+00 5.078E-03
  3.520163E+00 3.930E-03
  3.520800E+00 3.074E-03
  3.521321E+00 2.566E-03
  3.521731E+00 2.320E-03
  3.521934E+00 2.293E-03
  3.522035E+00 2.330E-03
  3.522136E+00 2.439E-03
  3.522237E+00 2.701E-03
  3.522337E+00 3.373E-03
  3.522437E+00 5.399E-03
  3.522536E+00 8.405E-03
  3.522635E+00 4.419E-03
  3.522734E+00 2.602E-03
  3.522833E+00 2.069E-03
  3.522931E+00 1.871E-03
  3.523029E+00 1.787E-03
  3.523224E+00 1.744E-03
  3.523514E+00 1.807E-03
  3.523897E+00 2.023E-03
  3.524180E+00 2.284E-03
  3.524461E+00 2.668E-03
  3.524647E+00 3.064E-03
  3.524739E+00 3.355E-03
  3.524832E+00 3.775E-03
  3.524924E+00 4.446E-03
  3.525015E+00 5.665E-03
  3.525107E+00 8.233E-03
  3.525198E+00 1.460E-02
  3.525288E+00 3.162E-02
  3.525379E+00 5.432E-02
  3.525469E+00 4.300E-02
  3.525559E+00 2.808E-02
  3.525649E+00 2.072E-02
  3.525738E+00 1.714E-02
  3.525827E+00 1.530E-02
  3.525916E+00 1.436E-02
  3.526004E+00 1.392E-02
  3.526180E+00 1.391E-02
  3.526443E+00 1.508E-02
  3.526703E+00 1.718E-02
  3.526960E+00 2.009E-02
  3.527215E+00 2.390E-02
  3.527468E+00 2.881E-02
  3.527719E+00 3.514E-02
  3.527967E+00 4.338E-02
  3.528213E+00 5.426E-02
  3.528457E+00 6.891E-02
  3.528698E+00 8.914E-02
  3.528858E+00 1.072E-01
  3.529017E+00 1.303E-01
  3.529175E+00 1.608E-01
  3.529332E+00 2.018E-01
  3.529410E+00 2.278E-01
  3.529488E+00 2.585E-01
  3.529566E+00 2.954E-01
  3.529643E+00 3.399E-01
  3.529720E+00 3.942E-01
  3.529797E+00 4.615E-01
  3.529874E+00 5.458E-01
  3.529951E+00 6.531E-01
  3.530027E+00 7.920E-01
  3.530103E+00 9.748E-01
  3.530179E+00 1.220E+00
  3.530255E+00 1.554E+00
  3.530330E+00 2.013E+00
  3.530405E+00 2.642E+00
  3.530480E+00 3.463E+00
  3.530555E+00 4.402E+00
  3.530630E+00 5.152E+00
  3.530704E+00 5.258E+00
  3.530778E+00 4.610E+00
  3.530926E+00 2.665E+00
  3.530999E+00 1.920E+00
  3.531072E+00 1.367E+00
  3.531145E+00 9.557E-01
  3.531218E+00 6.420E-01
  3.531291E+00 3.953E-01
  3.531363E+00 2.104E-01
  3.531435E+00 1.307E-01
  3.531507E+00 2.389E-01
  3.531579E+00 4.511E-01
  3.531651E+00 5.549E-01
  3.531722E+00 5.470E-01
  3.531935E+00 3.930E-01
  3.532076E+00 3.121E-01
  3.532216E+00 2.532E-01
  3.532355E+00 2.095E-01
  3.532494E+00 1.763E-01
  3.532700E+00 1.396E-01
  3.532904E+00 1.131E-01
  3.533107E+00 9.329E-02
  3.533308E+00 7.808E-02
  3.533441E+00 7.049E-02
  3.533508E+00 6.963E-02
  3.533574E+00 1.040E-01
  3.533640E+00 1.993E-01
  3.533705E+00 7.261E-02
  3.533771E+00 6.109E-02
  3.533836E+00 5.586E-02
  3.533966E+00 4.928E-02
  3.534224E+00 4.027E-02
  3.534543E+00 3.207E-02
  3.534919E+00 2.473E-02
  3.535290E+00 1.915E-02
  3.535714E+00 1.417E-02
  3.536131E+00 1.035E-02
  3.536481E+00 7.793E-03
  3.536826E+00 5.790E-03
  3.537110E+00 4.544E-03
  3.537278E+00 4.064E-03
  3.537334E+00 3.998E-03
  3.537445E+00 4.064E-03
  3.537500E+00 2.829E-03
  3.537555E+00 2.173E-03
  3.537720E+00 2.177E-03
  3.537937E+00 2.098E-03
  3.538099E+00 2.167E-03
  3.538206E+00 2.318E-03
  3.538313E+00 2.585E-03
  3.538419E+00 3.018E-03
  3.538471E+00 3.323E-03
  3.538524E+00 3.712E-03
  3.538576E+00 4.215E-03
  3.538629E+00 4.879E-03
  3.538681E+00 5.787E-03
  3.538733E+00 7.077E-03
  3.538785E+00 9.013E-03
  3.538837E+00 1.212E-02
  3.538889E+00 1.754E-02
  3.538940E+00 2.807E-02
  3.538992E+00 5.117E-02
  3.539043E+00 1.050E-01
  3.539094E+00 1.808E-01
  3.539145E+00 1.515E-01
  3.539196E+00 9.006E-02
  3.539247E+00 5.791E-02
  3.539297E+00 4.230E-02
  3.539348E+00 3.415E-02
  3.539398E+00 2.963E-02
  3.539448E+00 2.707E-02
  3.539498E+00 2.568E-02
  3.539548E+00 2.505E-02
  3.539648E+00 2.521E-02
  3.539796E+00 2.771E-02
  3.539944E+00 3.215E-02
  3.540090E+00 3.841E-02
  3.540235E+00 4.672E-02
  3.540379E+00 5.757E-02
  3.540522E+00 7.174E-02
  3.540663E+00 9.039E-02
  3.540804E+00 1.153E-01
  3.540897E+00 1.366E-01
  3.540990E+00 1.632E-01
  3.541082E+00 1.965E-01
  3.541174E+00 2.389E-01
  3.541265E+00 2.940E-01
  3.541356E+00 3.668E-01
  3.541402E+00 4.123E-01
  3.541447E+00 4.656E-01
  3.541492E+00 5.286E-01
  3.541537E+00 6.035E-01
  3.541582E+00 6.935E-01
  3.541626E+00 8.028E-01
  3.541671E+00 9.370E-01
  3.541716E+00 1.104E+00
  3.541760E+00 1.314E+00
  3.541804E+00 1.584E+00
  3.541848E+00 1.934E+00
  3.541893E+00 2.400E+00
  3.541937E+00 3.031E+00
  3.541980E+00 3.902E+00
  3.542024E+00 5.120E+00
  3.542068E+00 6.829E+00
  3.542111E+00 9.147E+00
  3.542198E+00 1.450E+01
  3.542241E+00 1.534E+01
  3.542284E+00 1.386E+01
  3.542370E+00 8.447E+00
  3.542413E+00 6.323E+00
  3.542456E+00 4.764E+00
  3.542498E+00 3.635E+00
  3.542541E+00 2.807E+00
  3.542583E+00 2.182E+00
  3.542626E+00 1.691E+00
  3.542668E+00 1.286E+00
  3.542710E+00 9.319E-01
  3.542752E+00 6.082E-01
  3.542794E+00 3.495E-01
  3.542836E+00 3.237E-01
  3.542877E+00 5.934E-01
  3.542919E+00 8.035E-01
  3.542960E+00 8.420E-01
  3.543002E+00 8.020E-01
  3.543125E+00 6.200E-01
  3.543207E+00 5.232E-01
  3.543288E+00 4.492E-01
  3.543370E+00 3.962E-01
  3.543410E+00 3.812E-01
  3.543450E+00 3.914E-01
  3.543490E+00 7.149E-01
  3.543531E+00 5.460E-01
  3.543571E+00 2.849E-01
  3.543610E+00 2.554E-01
  3.543690E+00 2.250E-01
  3.543848E+00 1.821E-01
  3.544043E+00 1.433E-01
  3.544236E+00 1.149E-01
  3.544465E+00 8.956E-02
  3.544691E+00 7.061E-02
  3.544950E+00 5.390E-02
  3.545205E+00 4.127E-02
  3.545456E+00 3.176E-02
  3.545633E+00 2.674E-02
  3.545773E+00 2.404E-02
  3.545877E+00 2.328E-02
  3.545946E+00 2.396E-02
  3.545980E+00 2.498E-02
  3.546015E+00 2.680E-02
  3.546049E+00 3.001E-02
  3.546083E+00 3.592E-02
  3.546117E+00 4.802E-02
  3.546151E+00 7.726E-02
  3.546185E+00 1.454E-01
  3.546219E+00 9.165E-02
  3.546253E+00 2.163E-02
  3.546286E+00 6.750E-03
  3.546320E+00 3.202E-03
  3.546354E+00 2.283E-03
  3.546387E+00 2.124E-03
  3.546420E+00 2.216E-03
  3.546454E+00 2.406E-03
  3.546520E+00 2.917E-03
  3.546586E+00 3.596E-03
  3.546619E+00 4.026E-03
  3.546652E+00 4.538E-03
  3.546685E+00 5.156E-03
  3.546718E+00 5.910E-03
  3.546751E+00 6.839E-03
  3.546783E+00 7.998E-03
  3.546816E+00 9.467E-03
  3.546848E+00 1.137E-02
  3.546880E+00 1.388E-02
  3.546913E+00 1.733E-02
  3.546945E+00 2.222E-02
  3.546977E+00 2.953E-02
  3.547009E+00 4.114E-02
  3.547041E+00 6.110E-02
  3.547073E+00 9.891E-02
  3.547105E+00 1.787E-01
  3.547137E+00 3.537E-01
  3.547169E+00 5.829E-01
  3.547200E+00 4.903E-01
  3.547232E+00 2.896E-01
  3.547264E+00 1.806E-01
  3.547295E+00 1.270E-01
  3.547326E+00 9.879E-02
  3.547358E+00 8.296E-02
  3.547389E+00 7.379E-02
  3.547420E+00 6.854E-02
  3.547451E+00 6.578E-02
  3.547513E+00 6.492E-02
  3.547575E+00 6.806E-02
  3.547667E+00 7.789E-02
  3.547759E+00 9.301E-02
  3.547850E+00 1.137E-01
  3.547940E+00 1.410E-01
  3.548030E+00 1.768E-01
  3.548119E+00 2.238E-01
  3.548208E+00 2.861E-01
  3.548296E+00 3.699E-01
  3.548354E+00 4.423E-01
  3.548412E+00 5.327E-01
  3.548470E+00 6.470E-01
  3.548528E+00 7.934E-01
  3.548585E+00 9.845E-01
  3.548643E+00 1.239E+00
  3.548700E+00 1.586E+00
  3.548728E+00 1.808E+00
  3.548756E+00 2.073E+00
  3.548784E+00 2.392E+00
  3.548813E+00 2.782E+00
  3.548841E+00 3.261E+00
  3.548869E+00 3.859E+00
  3.548897E+00 4.617E+00
  3.548925E+00 5.590E+00
  3.548953E+00 6.865E+00
  3.548981E+00 8.566E+00
  3.549008E+00 1.088E+01
  3.549036E+00 1.411E+01
  3.549064E+00 1.867E+01
  3.549091E+00 2.517E+01
  3.549119E+00 3.421E+01
  3.549174E+00 5.663E+01
  3.549201E+00 6.127E+01
  3.549228E+00 5.617E+01
  3.549283E+00 3.464E+01
  3.549310E+00 2.608E+01
  3.549337E+00 1.983E+01
  3.549364E+00 1.534E+01
  3.549391E+00 1.209E+01
  3.549418E+00 9.668E+00
  3.549445E+00 7.819E+00
  3.549472E+00 6.351E+00
  3.549498E+00 5.130E+00
  3.549578E+00 1.954E+00
  3.549605E+00 1.186E+00
  3.549631E+00 1.379E+00
  3.549658E+00 2.104E+00
  3.549684E+00 2.502E+00
  3.549710E+00 2.610E+00
  3.549737E+00 2.639E+00
  3.549763E+00 2.819E+00
  3.549789E+00 5.106E+00
  3.549815E+00 2.464E+00
  3.549841E+00 1.501E+00
  3.550022E+00 1.057E+00
  3.550124E+00 8.637E-01
  3.550250E+00 6.864E-01
  3.550376E+00 5.575E-01
  3.550524E+00 4.440E-01
  3.550695E+00 3.481E-01
  3.550864E+00 2.776E-01
  3.551054E+00 2.185E-01
  3.551218E+00 1.823E-01
  3.551333E+00 1.666E-01
  3.551425E+00 1.639E-01
  3.551493E+00 1.737E-01
  3.551516E+00 1.812E-01
  3.551538E+00 1.924E-01
  3.551561E+00 2.090E-01
  3.551583E+00 2.342E-01
  3.551606E+00 2.741E-01
  3.551628E+00 3.419E-01
  3.551651E+00 4.706E-01
  3.551673E+00 7.611E-01
  3.551718E+00 2.436E+00
  3.551740E+00 7.668E-01
  3.551762E+00 2.066E-01
  3.551784E+00 6.803E-02
  3.551806E+00 2.460E-02
  3.551828E+00 9.085E-03
  3.551850E+00 3.568E-03
  3.551872E+00 2.160E-03
  3.551894E+00 2.637E-03
  3.551916E+00 4.086E-03
  3.551938E+00 6.127E-03
  3.551960E+00 8.621E-03
  3.551981E+00 1.155E-02
  3.552003E+00 1.496E-02
  3.552025E+00 1.896E-02
  3.552046E+00 2.371E-02
  3.552068E+00 2.943E-02
  3.552089E+00 3.645E-02
  3.552111E+00 4.523E-02
  3.552132E+00 5.648E-02
  3.552154E+00 7.126E-02
  3.552175E+00 9.135E-02
  3.552196E+00 1.198E-01
  3.552218E+00 1.619E-01
  3.552239E+00 2.285E-01
  3.552260E+00 3.419E-01
  3.552281E+00 5.539E-01
  3.552302E+00 9.935E-01
  3.552323E+00 1.934E+00
  3.552345E+00 3.173E+00
  3.552366E+00 2.753E+00
  3.552386E+00 1.652E+00
  3.552407E+00 1.029E+00
  3.552428E+00 7.184E-01
  3.552449E+00 5.549E-01
  3.552470E+00 4.634E-01
  3.552491E+00 4.107E-01
  3.552511E+00 3.810E-01
  3.552532E+00 3.659E-01
  3.552553E+00 3.609E-01
  3.552594E+00 3.717E-01
  3.552635E+00 4.025E-01
  3.552696E+00 4.788E-01
  3.552757E+00 5.905E-01
  3.552817E+00 7.431E-01
  3.552858E+00 8.726E-01
  3.552918E+00 1.120E+00
  3.552957E+00 1.329E+00
  3.553017E+00 1.733E+00
  3.553056E+00 2.079E+00
  3.553095E+00 2.508E+00
  3.553135E+00 3.042E+00
  3.553174E+00 3.715E+00
  3.553212E+00 4.572E+00
  3.553251E+00 5.679E+00
  3.553290E+00 7.129E+00
  3.553328E+00 9.066E+00
  3.553347E+00 1.028E+01
  3.553366E+00 1.171E+01
  3.553385E+00 1.340E+01
  3.553404E+00 1.541E+01
  3.553423E+00 1.782E+01
  3.553442E+00 2.075E+01
  3.553461E+00 2.433E+01
  3.553480E+00 2.876E+01
  3.553499E+00 3.431E+01
  3.553518E+00 4.137E+01
  3.553537E+00 5.048E+01
  3.553555E+00 6.243E+01
  3.553574E+00 7.844E+01
  3.553593E+00 1.003E+02
  3.553611E+00 1.309E+02
  3.553630E+00 1.745E+02
  3.553649E+00 2.375E+02
  3.553667E+00 3.281E+02
  3.553686E+00 4.511E+02
  3.553704E+00 5.907E+02
  3.553723E+00 6.890E+02
  3.553741E+00 6.799E+02
  3.553759E+00 5.778E+02
  3.553778E+00 4.520E+02
  3.553796E+00 3.450E+02
  3.553814E+00 2.650E+02
  3.553833E+00 2.071E+02
  3.553851E+00 1.653E+02
  3.553869E+00 1.345E+02
  3.553887E+00 1.111E+02
  3.553905E+00 9.294E+01
  3.553923E+00 7.819E+01
  3.553977E+00 4.161E+01
  3.553995E+00 2.819E+01
  3.554013E+00 1.984E+01
  3.554031E+00 6.144E+01
  3.554049E+00 2.144E+02
  3.554067E+00 1.599E+01
  3.554084E+00 1.924E+01
  3.554102E+00 2.150E+01
  3.554120E+00 2.229E+01
  3.554155E+00 2.192E+01
  3.554313E+00 1.647E+01
  3.554416E+00 1.413E+01
  3.554536E+00 1.250E+01
  3.554670E+00 1.163E+01
  3.554803E+00 1.162E+01
  3.554901E+00 1.226E+01
  3.554983E+00 1.343E+01
  3.555047E+00 1.506E+01
  3.555095E+00 1.695E+01
  3.555143E+00 1.984E+01
  3.555175E+00 2.268E+01
  3.555206E+00 2.674E+01
  3.555222E+00 2.946E+01
  3.555238E+00 3.283E+01
  3.555253E+00 3.709E+01
  3.555269E+00 4.260E+01
  3.555285E+00 4.988E+01
  3.555300E+00 5.984E+01
  3.555316E+00 7.395E+01
  3.555331E+00 9.495E+01
  3.555347E+00 1.282E+02
  3.555362E+00 1.856E+02
  3.555378E+00 2.970E+02
  3.555393E+00 5.556E+02
  3.555409E+00 1.330E+03
  3.555424E+00 3.556E+03
  3.555440E+00 2.304E+03
  3.555455E+00 8.053E+02
  3.555470E+00 3.683E+02
  3.555486E+00 2.065E+02
  3.555501E+00 1.319E+02
  3.555516E+00 9.202E+01
  3.555531E+00 6.854E+01
  3.555546E+00 5.355E+01
  3.555562E+00 4.358E+01
  3.555577E+00 3.670E+01
  3.555592E+00 3.177E+01
  3.555607E+00 2.822E+01
  3.555622E+00 2.565E+01
  3.555637E+00 2.382E+01
  3.555652E+00 2.256E+01
  3.555667E+00 2.178E+01
  3.555682E+00 2.144E+01
  3.555697E+00 2.153E+01
  3.555712E+00 2.208E+01
  3.555727E+00 2.318E+01
  3.555742E+00 2.499E+01
  3.555756E+00 2.781E+01
  3.555771E+00 3.216E+01
  3.555786E+00 3.905E+01
  3.555801E+00 5.052E+01
  3.555816E+00 7.097E+01
  3.555830E+00 1.106E+02
  3.555845E+00 1.885E+02
  3.555860E+00 2.832E+02
  3.555874E+00 2.360E+02
  3.555889E+00 1.306E+02
  3.555903E+00 7.331E+01
  3.555918E+00 4.617E+01
  3.555932E+00 3.230E+01
  3.555947E+00 2.456E+01
  3.555961E+00 1.991E+01
  3.555976E+00 1.696E+01
  3.555990E+00 1.500E+01
  3.556005E+00 1.367E+01
  3.556019E+00 1.275E+01
  3.556048E+00 1.166E+01
  3.556091E+00 1.107E+01
  3.556147E+00 1.124E+01
  3.556218E+00 1.235E+01
  3.556288E+00 1.427E+01
  3.556357E+00 1.721E+01
  3.556412E+00 2.064E+01
  3.556453E+00 2.415E+01
  3.556494E+00 2.887E+01
  3.556535E+00 3.542E+01
  3.556562E+00 4.131E+01
  3.556588E+00 4.899E+01
  3.556602E+00 5.374E+01
  3.556629E+00 6.577E+01
  3.556642E+00 7.349E+01
  3.556669E+00 9.391E+01
  3.556682E+00 1.076E+02
  3.556695E+00 1.247E+02
  3.556708E+00 1.463E+02
  3.556722E+00 1.740E+02
  3.556735E+00 2.103E+02
  3.556748E+00 2.590E+02
  3.556761E+00 3.255E+02
  3.556774E+00 4.182E+02
  3.556787E+00 5.489E+02
  3.556800E+00 7.312E+02
  3.556826E+00 1.217E+03
  3.556839E+00 1.355E+03
  3.556852E+00 1.272E+03
  3.556878E+00 7.725E+02
  3.556891E+00 5.669E+02
  3.556904E+00 4.195E+02
  3.556917E+00 3.165E+02
  3.556930E+00 2.440E+02
  3.556943E+00 1.919E+02
  3.556956E+00 1.535E+02
  3.556968E+00 1.243E+02
  3.556981E+00 1.013E+02
  3.557007E+00 6.417E+01
  3.557019E+00 1.086E+02
  3.557032E+00 1.184E+02
  3.557045E+00 5.070E+01
  3.557058E+00 2.260E+01
  3.557070E+00 1.287E+01
  3.557083E+00 1.377E+01
  3.557095E+00 1.563E+01
  3.557108E+00 1.638E+01
  3.557121E+00 1.627E+01
  3.557158E+00 1.398E+01
  3.557208E+00 1.057E+01
  3.557257E+00 7.968E+00
  3.557306E+00 6.088E+00
  3.557355E+00 4.722E+00
  3.557404E+00 3.714E+00
  3.557452E+00 2.958E+00
  3.557500E+00 2.381E+00
  3.557559E+00 1.841E+00
  3.557618E+00 1.445E+00
  3.557677E+00 1.152E+00
  3.557735E+00 9.366E-01
  3.557793E+00 7.852E-01
  3.557838E+00 7.070E-01
  3.557884E+00 6.738E-01
  3.557918E+00 6.941E-01
  3.557940E+00 7.467E-01
  3.557951E+00 7.933E-01
  3.557963E+00 8.616E-01
  3.557974E+00 9.631E-01
  3.557985E+00 1.119E+00
  3.557996E+00 1.374E+00
  3.558007E+00 1.829E+00
  3.558019E+00 2.767E+00
  3.558030E+00 5.164E+00
  3.558041E+00 1.193E+01
  3.558052E+00 9.382E+00
  3.558063E+00 2.482E+00
  3.558074E+00 7.998E-01
  3.558085E+00 3.096E-01
  3.558096E+00 1.305E-01
  3.558107E+00 5.572E-02
  3.558118E+00 2.263E-02
  3.558129E+00 8.219E-03
  3.558140E+00 2.916E-03
  3.558151E+00 2.360E-03
  3.558162E+00 4.448E-03
  3.558173E+00 8.140E-03
  3.558183E+00 1.293E-02
  3.558194E+00 1.862E-02
  3.558205E+00 2.520E-02
  3.558216E+00 3.277E-02
  3.558227E+00 4.159E-02
  3.558238E+00 5.206E-02
  3.558248E+00 6.481E-02
  3.558259E+00 8.083E-02
  3.558270E+00 1.017E-01
  3.558281E+00 1.300E-01
  3.558291E+00 1.705E-01
  3.558302E+00 2.321E-01
  3.558313E+00 3.327E-01
  3.558323E+00 5.128E-01
  3.558334E+00 8.683E-01
  3.558345E+00 1.607E+00
  3.558355E+00 2.722E+00
  3.558366E+00 2.675E+00
  3.558376E+00 1.655E+00
  3.558387E+00 1.003E+00
  3.558397E+00 6.764E-01
  3.558408E+00 5.063E-01
  3.558419E+00 4.114E-01
  3.558429E+00 3.559E-01
  3.558440E+00 3.229E-01
  3.558450E+00 3.037E-01
  3.558460E+00 2.936E-01
  3.558481E+00 2.906E-01
  3.558502E+00 3.025E-01
  3.558533E+00 3.386E-01
  3.558564E+00 3.924E-01
  3.558595E+00 4.633E-01
  3.558636E+00 5.884E-01
  3.558676E+00 7.586E-01
  3.558717E+00 9.925E-01
  3.558737E+00 1.142E+00
  3.558754E+00 1.296E+00
  3.568744E+00 2.458E+00
  3.568754E+00 6.766E-01
  3.593697E+00 8.028E-02
  3.618641E+00 3.543E-02
  3.643584E+00 2.489E-02
  3.668527E+00 2.094E-02
  3.693471E+00 1.848E-02
  3.718414E+00 1.675E-02
  3.793244E+00 1.347E-02
  3.843130E+00 1.162E-02
  3.893017E+00 1.041E-02
  3.992790E+00 9.322E-03
  4.142450E+00 8.135E-03
  4.391883E+00 6.706E-03
  4.741090E+00 5.541E-03
  5.165126E+00 4.401E-03
  5.539276E+00 3.565E-03
  5.838595E+00 3.066E-03
  6.013198E+00 2.869E-03
  6.134674E+00 2.702E-03
  6.258599E+00 2.545E-03
  6.385031E+00 2.396E-03
  6.514020E+00 2.257E-03
  6.645613E+00 2.125E-03
  6.779860E+00 2.002E-03
  6.916821E+00 1.885E-03
  7.056551E+00 1.775E-03
  7.199102E+00 1.672E-03
  7.344538E+00 1.575E-03
  7.492905E+00 1.483E-03
  7.644270E+00 1.396E-03
  7.798698E+00 1.315E-03
  7.956240E+00 1.239E-03
  8.116964E+00 1.166E-03
  8.280941E+00 1.099E-03
  8.448226E+00 1.035E-03
  8.618894E+00 9.743E-04
  8.793003E+00 9.176E-04
  8.970639E+00 8.641E-04
  9.151854E+00 8.138E-04
  9.336732E+00 7.664E-04
  9.525351E+00 7.218E-04
  9.717775E+00 6.797E-04
  9.914083E+00 6.402E-04
  1.011437E+01 6.029E-04
  1.031869E+01 5.678E-04
  1.052714E+01 5.347E-04
  1.073980E+01 5.036E-04
  1.095676E+01 4.742E-04
  1.117810E+01 4.466E-04
  1.140391E+01 4.206E-04
  1.163429E+01 3.961E-04
  1.186932E+01 3.731E-04
  1.210909E+01 3.513E-04
  1.235371E+01 3.309E-04
  1.260328E+01 3.116E-04
  1.285788E+01 2.935E-04
  1.311762E+01 2.764E-04
  1.338262E+01 2.603E-04
  1.365296E+01 2.451E-04
  1.392877E+01 2.308E-04
  1.421015E+01 2.174E-04
  1.449721E+01 2.047E-04
  1.479008E+01 1.928E-04
  1.508886E+01 1.816E-04
  1.539367E+01 1.710E-04
  1.570465E+01 1.611E-04
  1.602190E+01 1.517E-04
  1.634557E+01 1.428E-04
  1.667575E+01 1.345E-04
  1.701263E+01 1.267E-04
  1.735631E+01 1.193E-04
  1.770692E+01 1.124E-04
  1.806464E+01 1.058E-04
  1.842957E+01 9.966E-05
  1.880185E+01 9.385E-05
  1.918169E+01 8.839E-05
  1.956917E+01 8.324E-05
  1.996451E+01 7.839E-05
  2.036781E+01 7.383E-05
  2.077928E+01 6.953E-05
  2.119904E+01 6.548E-05
  2.162729E+01 6.167E-05
  2.206418E+01 5.807E-05
  2.250992E+01 5.469E-05