  1.234108E-02 1.492E+02
  1.235105E-02 1.367E+02
  6.363577E-02 2.591E+00
  1.136165E-01 5.041E-01
  1.623373E-01 1.692E-01
  2.098399E-01 7.377E-02
  2.561647E-01 3.753E-02
  3.013504E-01 2.119E-02
  3.454339E-01 1.294E-02
  3.884508E-01 8.414E-03
  4.304353E-01 5.763E-03
  4.714201E-01 4.116E-03
  5.114367E-01 3.036E-03
  5.505154E-01 2.295E-03
  5.886853E-01 1.767E-03
  6.259742E-01 1.381E-03
  6.624092E-01 1.092E-03
  6.980161E-01 8.748E-04
  7.328198E-01 7.096E-04
  7.668442E-01 5.834E-04
  8.001126E-01 4.863E-04
  8.326470E-01 4.111E-04
  8.644690E-01 3.522E-04
  8.955991E-01 3.055E-04
  9.260574E-01 2.678E-04
  9.850343E-01 2.108E-04
  1.041545E+00 1.689E-04
  1.121982E+00 1.225E-04
  1.197593E+00 8.892E-05
  1.245508E+00 7.215E-05
  1.291550E+00 5.907E-05
  1.335816E+00 4.904E-05
  1.378395E+00 4.144E-05
  1.439285E+00 3.342E-05
  1.496835E+00 2.816E-05
  1.568781E+00 2.362E-05
  1.861805E+00 1.020E-05
  1.932412E+00 7.529E-06
  1.996714E+00 5.633E-06
  2.055440E+00 4.317E-06
  2.117735E+00 3.258E-06
  2.174140E+00 2.522E-06
  2.232308E+00 1.939E-06
  2.296881E+00 1.450E-06
  2.384684E+00 8.735E-07
  2.427147E+00 5.485E-07
  2.435997E+00 4.981E-07
  2.440347E+00 4.859E-07
  2.444648E+00 4.891E-07
  2.448900E+00 5.166E-07
  2.453105E+00 5.825E-07
  2.457263E+00 7.111E-07
  2.461375E+00 9.450E-07
  2.465442E+00 1.364E-06
  2.469463E+00 2.126E-06
  2.473441E+00 3.582E-06
  2.477374E+00 6.608E-06
  2.481265E+00 1.388E-05
  2.485114E+00 3.661E-05
  2.488921E+00 1.676E-04
  2.492686E+00 2.030E-02
  2.496412E+00 2.455E-04
  2.500097E+00 6.967E-05
  2.503743E+00 3.516E-05
  2.507350E+00 2.236E-05
  2.510919E+00 1.610E-05
  2.514451E+00 1.251E-05
  2.517945E+00 1.023E-05
  2.521402E+00 8.680E-06
  2.524823E+00 7.567E-06
  2.528209E+00 6.735E-06
  2.531560E+00 6.094E-06
  2.538157E+00 5.179E-06
  2.544620E+00 4.564E-06
  2.554069E+00 3.959E-06
  2.566229E+00 3.475E-06
  2.580760E+00 3.144E-06
  2.599940E+00 2.951E-06
  2.622777E+00 2.967E-06
  2.645996E+00 3.216E-06
  2.669218E+00 3.710E-06
  2.690299E+00 4.415E-06
  2.711156E+00 5.423E-06
  2.731544E+00 6.812E-06
  2.749929E+00 8.550E-06
  2.766567E+00 1.070E-05
  2.781671E+00 1.338E-05
  2.795424E+00 1.673E-05
  2.807056E+00 2.066E-05
  2.816916E+00 2.530E-05
  2.825276E+00 3.089E-05
  2.831584E+00 3.711E-05
  2.835366E+00 4.272E-05
  2.837578E+00 4.765E-05
  2.839030E+00 5.251E-05
  2.839749E+00 5.594E-05
  2.840464E+00 6.067E-05
  2.841174E+00 6.797E-05
  2.841880E+00 8.141E-05
  2.842582E+00 1.160E-04
  2.843279E+00 3.336E-04
  2.843972E+00 4.515E-04
  2.844660E+00 4.746E-05
  2.845345E+00 3.913E-05
  2.846025E+00 4.140E-05
  2.848705E+00 5.492E-05
  2.850021E+00 6.339E-05
  2.850673E+00 6.911E-05
  2.851321E+00 7.699E-05
  2.851965E+00 8.928E-05
  2.852605E+00 1.125E-04
  2.853242E+00 1.731E-04
  2.853874E+00 5.145E-04
  2.854503E+00 1.078E-02
  2.855128E+00 2.012E-04
  2.855750E+00 8.925E-05
  2.856368E+00 7.122E-05
  2.856982E+00 6.756E-05
  2.857592E+00 6.784E-05
  2.859402E+00 7.475E-05
  2.862349E+00 9.210E-05
  2.864646E+00 1.106E-04
  2.866890E+00 1.356E-04
  2.868540E+00 1.615E-04
  2.870162E+00 1.973E-04
  2.871228E+00 2.300E-04
  2.872282E+00 2.736E-04
  2.873325E+00 3.344E-04
  2.873841E+00 3.744E-04
  2.874355E+00 4.236E-04
  2.874867E+00 4.853E-04
  2.875375E+00 5.642E-04
  2.875880E+00 6.681E-04
  2.876383E+00 8.092E-04
  2.876883E+00 1.009E-03
  2.877380E+00 1.306E-03
  2.877874E+00 1.779E-03
  2.878366E+00 2.611E-03
  2.878855E+00 4.300E-03
  2.879341E+00 8.690E-03
  2.879825E+00 2.787E-02
  2.880306E+00 9.154E-01
  2.880785E+00 5.566E-02
  2.881260E+00 1.052E-02
  2.881734E+00 4.127E-03
  2.882204E+00 2.120E-03
  2.882672E+00 1.255E-03
  2.883138E+00 8.102E-04
  2.883601E+00 5.547E-04
  2.884062E+00 3.962E-04
  2.884520E+00 2.920E-04
  2.884976E+00 2.206E-04
  2.885429E+00 1.701E-04
  2.885880E+00 1.332E-04
  2.886328E+00 1.059E-04
  2.886775E+00 8.515E-05
  2.887218E+00 6.926E-05
  2.887660E+00 5.694E-05
  2.888099E+00 4.729E-05
  2.888536E+00 3.970E-05
  2.888970E+00 3.369E-05
  2.889402E+00 2.893E-05
  2.889832E+00 2.516E-05
  2.890260E+00 2.219E-05
  2.890685E+00 1.985E-05
  2.891108E+00 1.804E-05
  2.891529E+00 1.666E-05
  2.892365E+00 1.491E-05
  2.893191E+00 1.417E-05
  2.894416E+00 1.435E-05
  2.895621E+00 1.557E-05
  2.897200E+00 1.822E-05
  2.899509E+00 2.357E-05
  2.902481E+00 3.233E-05
  2.906033E+00 4.536E-05
  2.909416E+00 6.100E-05
  2.912640E+00 8.038E-05
  2.915414E+00 1.024E-04
  2.917784E+00 1.298E-04
  2.919505E+00 1.574E-04
  2.920903E+00 1.892E-04
  2.921999E+00 2.251E-04
  2.922808E+00 2.627E-04
  2.923606E+00 3.171E-04
  2.924133E+00 3.697E-04
  2.924654E+00 4.461E-04
  2.924913E+00 4.989E-04
  2.925171E+00 5.669E-04
  2.925428E+00 6.574E-04
  2.925684E+00 7.830E-04
  2.925938E+00 9.669E-04
  2.926192E+00 1.255E-03
  2.926444E+00 1.755E-03
  2.926695E+00 2.756E-03
  2.926945E+00 5.332E-03
  2.927194E+00 1.650E-02
  2.927442E+00 3.710E-01
  2.927689E+00 2.657E-02
  2.927935E+00 5.308E-03
  2.928179E+00 2.126E-03
  2.928423E+00 1.134E-03
  2.928666E+00 7.146E-04
  2.928907E+00 5.065E-04
  2.929148E+00 3.926E-04
  2.929387E+00 3.266E-04
  2.929626E+00 2.875E-04
  2.929863E+00 2.645E-04
  2.930099E+00 2.520E-04
  2.930335E+00 2.467E-04
  2.930802E+00 2.510E-04
  2.931266E+00 2.717E-04
  2.931496E+00 2.894E-04
  2.931726E+00 3.142E-04
  2.931954E+00 3.508E-04
  2.932182E+00 4.088E-04
  2.932408E+00 5.127E-04
  2.932634E+00 7.372E-04
  2.932858E+00 1.405E-03
  2.933082E+00 5.548E-03
  2.933304E+00 3.985E-01
  2.933526E+00 4.196E-03
  2.933747E+00 1.489E-03
  2.933967E+00 9.300E-04
  2.934186E+00 7.337E-04
  2.934404E+00 6.499E-04
  2.934621E+00 6.132E-04
  2.934837E+00 6.006E-04
  2.935267E+00 6.135E-04
  2.935905E+00 6.861E-04
  2.936535E+00 8.090E-04
  2.937157E+00 9.935E-04
  2.937568E+00 1.167E-03
  2.937975E+00 1.401E-03
  2.938379E+00 1.730E-03
  2.938580E+00 1.947E-03
  2.938780E+00 2.214E-03
  2.938979E+00 2.548E-03
  2.939177E+00 2.974E-03
  2.939375E+00 3.531E-03
  2.939571E+00 4.282E-03
  2.939767E+00 5.331E-03
  2.939962E+00 6.865E-03
  2.940157E+00 9.249E-03
  2.940350E+00 1.328E-02
  2.940543E+00 2.095E-02
  2.940735E+00 3.870E-02
  2.940926E+00 9.763E-02
  2.941117E+00 6.318E-01
  2.941306E+00 1.652E+00
  2.941495E+00 1.226E-01
  2.941684E+00 3.966E-02
  2.941871E+00 1.891E-02
  2.942058E+00 1.082E-02
  2.942244E+00 6.878E-03
  2.942429E+00 4.687E-03
  2.942613E+00 3.352E-03
  2.942797E+00 2.484E-03
  2.942980E+00 1.891E-03
  2.943162E+00 1.471E-03
  2.943344E+00 1.163E-03
  2.943525E+00 9.330E-04
  2.943705E+00 7.566E-04
  2.943885E+00 6.193E-04
  2.944063E+00 5.109E-04
  2.944241E+00 4.241E-04
  2.944419E+00 3.539E-04
  2.944595E+00 2.966E-04
  2.944771E+00 2.495E-04
  2.944947E+00 2.105E-04
  2.945121E+00 1.781E-04
  2.945295E+00 1.509E-04
  2.945469E+00 1.281E-04
  2.945641E+00 1.089E-04
  2.945813E+00 9.271E-05
  2.945984E+00 7.903E-05
  2.946155E+00 6.748E-05
  2.946325E+00 5.773E-05
  2.946494E+00 4.951E-05
  2.946663E+00 4.262E-05
  2.946831E+00 3.687E-05
  2.946998E+00 3.210E-05
  2.947165E+00 2.819E-05
  2.947331E+00 2.502E-05
  2.947497E+00 2.252E-05
  2.947661E+00 2.059E-05
  2.947826E+00 1.917E-05
  2.947989E+00 1.819E-05
  2.948152E+00 1.762E-05
  2.948476E+00 1.751E-05
  2.948798E+00 1.852E-05
  2.949117E+00 2.016E-05
  2.949276E+00 2.412E-02
  2.949434E+00 2.435E-05
  2.949748E+00 2.732E-05
  2.950370E+00 3.575E-05
  2.951134E+00 4.875E-05
  2.953056E+00 8.735E-05
  2.953200E+00 8.871E-05
  2.953344E+00 8.782E-05
  2.953487E+00 7.956E-05
  2.953629E+00 3.678E-03
  2.953771E+00 1.633E-04
  2.953913E+00 1.422E-04
  2.954054E+00 1.393E-04
  2.954474E+00 1.465E-04
  2.955436E+00 1.796E-04
  2.956639E+00 2.347E-04
  2.957803E+00 3.052E-04
  2.958808E+00 3.872E-04
  2.959665E+00 4.838E-04
  2.960264E+00 5.770E-04
  2.960853E+00 7.070E-04
  2.961202E+00 8.174E-04
  2.961547E+00 9.754E-04
  2.961776E+00 1.131E-03
  2.961889E+00 1.237E-03
  2.962002E+00 1.373E-03
  2.962115E+00 1.557E-03
  2.962227E+00 1.825E-03
  2.962339E+00 2.257E-03
  2.962451E+00 3.076E-03
  2.962562E+00 5.167E-03
  2.962673E+00 1.620E-02
  2.962784E+00 1.571E-01
  2.962894E+00 3.326E-03
  2.963004E+00 8.973E-04
  2.963113E+00 6.429E-04
  2.963222E+00 6.803E-04
  2.963331E+00 7.876E-04
  2.963439E+00 9.219E-04
  2.963547E+00 1.076E-03
  2.963655E+00 1.252E-03
  2.963762E+00 1.460E-03
  2.963869E+00 1.712E-03
  2.963975E+00 2.031E-03
  2.964082E+00 2.451E-03
  2.964188E+00 3.031E-03
  2.964293E+00 3.882E-03
  2.964398E+00 5.224E-03
  2.964503E+00 7.557E-03
  2.964608E+00 1.223E-02
  2.964712E+00 2.405E-02
  2.964815E+00 7.148E-02
  2.964919E+00 1.107E+00
  2.965022E+00 2.805E-01
  2.965125E+00 4.562E-02
  2.965227E+00 1.845E-02
  2.965329E+00 1.031E-02
  2.965431E+00 6.867E-03
  2.965533E+00 5.123E-03
  2.965634E+00 4.142E-03
  2.965734E+00 3.557E-03
  2.965835E+00 3.200E-03
  2.965935E+00 2.984E-03
  2.966035E+00 2.864E-03
  2.966234E+00 2.813E-03
  2.966431E+00 2.942E-03
  2.966627E+00 3.218E-03
  2.966822E+00 3.651E-03
  2.967016E+00 4.284E-03
  2.967208E+00 5.207E-03
  2.967304E+00 5.826E-03
  2.967399E+00 6.593E-03
  2.967494E+00 7.557E-03
  2.967589E+00 8.795E-03
  2.967684E+00 1.042E-02
  2.967778E+00 1.262E-02
  2.967872E+00 1.570E-02
  2.967966E+00 2.024E-02
  2.968059E+00 2.736E-02
  2.968152E+00 3.951E-02
  2.968245E+00 6.309E-02
  2.968337E+00 1.194E-01
  2.968429E+00 3.202E-01
  2.968521E+00 2.786E+00
  2.968613E+00 2.528E+00
  2.968704E+00 2.780E-01
  2.968795E+00 9.624E-02
  2.968886E+00 4.699E-02
  2.968976E+00 2.712E-02
  2.969067E+00 1.727E-02
  2.969156E+00 1.173E-02
  2.969246E+00 8.338E-03
  2.969335E+00 6.122E-03
  2.969424E+00 4.607E-03
  2.969513E+00 3.530E-03
  2.969602E+00 2.743E-03
  2.969690E+00 2.153E-03
  2.969778E+00 1.702E-03
  2.969866E+00 1.350E-03
  2.969953E+00 1.073E-03
  2.970040E+00 8.503E-04
  2.970127E+00 6.700E-04
  2.970214E+00 5.222E-04
  2.970300E+00 3.995E-04
  2.970386E+00 2.965E-04
  2.970472E+00 2.089E-04
  2.970558E+00 1.337E-04
  2.970643E+00 6.923E-05
  2.970728E+00 1.878E-05
  2.970813E+00 1.006E-05
  2.970897E+00 3.121E-04
  2.970981E+00 3.440E-02
  2.971065E+00 2.753E-03
  2.971149E+00 7.836E-04
  2.971233E+00 4.074E-04
  2.971316E+00 2.563E-04
  2.971399E+00 1.756E-04
  2.971482E+00 1.257E-04
  2.971564E+00 9.230E-05
  2.971646E+00 6.888E-05
  2.971728E+00 5.212E-05
  2.971810E+00 4.009E-05
  2.971891E+00 3.160E-05
  2.971973E+00 2.586E-05
  2.972054E+00 2.232E-05
  2.972134E+00 2.058E-05
  2.972215E+00 2.034E-05
  2.972295E+00 2.138E-05
  2.972375E+00 2.353E-05
  2.972455E+00 2.665E-05
  2.972535E+00 3.062E-05
  2.972693E+00 4.080E-05
  2.972851E+00 5.354E-05
  2.973085E+00 7.690E-05
  2.973317E+00 1.056E-04
  2.973471E+00 1.294E-04
  2.973548E+00 1.443E-04
  2.973624E+00 1.642E-04
  2.973700E+00 1.985E-04
  2.973776E+00 3.122E-04
  2.973851E+00 8.135E-01
  2.973927E+00 3.051E-04
  2.974002E+00 2.001E-04
  2.974077E+00 1.988E-04
  2.974301E+00 2.318E-04
  2.974887E+00 3.431E-04
  2.975532E+00 4.915E-04
  2.976159E+00 6.739E-04
  2.976704E+00 8.779E-04
  2.977170E+00 1.106E-03
  2.977563E+00 1.359E-03
  2.977949E+00 1.703E-03
  2.978202E+00 2.019E-03
  2.978391E+00 2.338E-03
  2.978578E+00 2.785E-03
  2.978702E+00 3.216E-03
  2.978763E+00 3.501E-03
  2.978825E+00 3.863E-03
  2.978886E+00 4.342E-03
  2.978947E+00 5.020E-03
  2.979008E+00 6.078E-03
  2.979069E+00 7.997E-03
  2.979129E+00 1.255E-02
  2.979190E+00 3.267E-02
  2.979250E+00 9.834E-01
  2.979310E+00 9.939E-03
  2.979370E+00 2.491E-03
  2.979430E+00 1.960E-03
  2.979490E+00 2.199E-03
  2.979549E+00 2.603E-03
  2.979609E+00 3.071E-03
  2.979668E+00 3.595E-03
  2.979727E+00 4.191E-03
  2.979785E+00 4.892E-03
  2.979844E+00 5.743E-03
  2.979903E+00 6.817E-03
  2.979961E+00 8.227E-03
  2.980019E+00 1.017E-02
  2.980077E+00 1.298E-02
  2.980135E+00 1.735E-02
  2.980193E+00 2.476E-02
  2.980251E+00 3.904E-02
  2.980308E+00 7.261E-02
  2.980365E+00 1.873E-01
  2.980422E+00 1.309E+00
  2.980479E+00 2.909E+00
  2.980536E+00 2.436E-01
  2.980593E+00 8.543E-02
  2.980649E+00 4.462E-02
  2.980706E+00 2.843E-02
  2.980762E+00 2.050E-02
  2.980818E+00 1.611E-02
  2.980874E+00 1.351E-02
  2.980930E+00 1.190E-02
  2.980985E+00 1.090E-02
  2.981041E+00 1.031E-02
  2.981096E+00 9.998E-03
  2.981206E+00 9.985E-03
  2.981316E+00 1.059E-02
  2.981425E+00 1.177E-02
  2.981533E+00 1.361E-02
  2.981641E+00 1.637E-02
  2.981695E+00 1.823E-02
  2.981749E+00 2.054E-02
  2.981802E+00 2.345E-02
  2.981855E+00 2.717E-02
  2.981908E+00 3.205E-02
  2.981961E+00 3.860E-02
  2.982014E+00 4.771E-02
  2.982067E+00 6.096E-02
  2.982120E+00 8.138E-02
  2.982172E+00 1.154E-01
  2.982225E+00 1.791E-01
  2.982277E+00 3.214E-01
  2.982329E+00 7.636E-01
  2.982381E+00 3.942E+00
  2.982433E+00 3.511E+01
  2.982484E+00 1.368E+00
  2.982536E+00 4.043E-01
  2.982587E+00 1.856E-01
  2.982639E+00 1.039E-01
  2.982690E+00 6.510E-02
  2.982741E+00 4.383E-02
  2.982792E+00 3.102E-02
  2.982842E+00 2.276E-02
  2.982893E+00 1.716E-02
  2.982943E+00 1.321E-02
  2.982994E+00 1.033E-02
  2.983044E+00 8.184E-03
  2.983094E+00 6.543E-03
  2.983144E+00 5.268E-03
  2.983194E+00 4.262E-03
  2.983244E+00 3.458E-03
  2.983293E+00 2.806E-03
  2.983343E+00 2.274E-03
  2.983392E+00 1.834E-03
  2.983441E+00 1.467E-03
  2.983490E+00 1.158E-03
  2.983539E+00 8.958E-04
  2.983588E+00 6.697E-04
  2.983637E+00 4.722E-04
  2.983685E+00 2.970E-04
  2.983734E+00 1.413E-04
  2.983782E+00 1.967E-05
  2.983830E+00 9.495E-05
  2.983878E+00 5.169E-03
  2.983926E+00 1.107E-02
  2.983974E+00 1.948E-03
  2.984022E+00 9.316E-04
  2.984070E+00 5.662E-04
  2.984117E+00 3.774E-04
  2.984165E+00 2.618E-04
  2.984212E+00 1.843E-04
  2.984259E+00 1.299E-04
  2.984306E+00 9.093E-05
  2.984353E+00 6.304E-05
  2.984400E+00 4.354E-05
  2.984446E+00 3.066E-05
  2.984493E+00 2.316E-05
  2.984539E+00 2.013E-05
  2.984586E+00 2.089E-05
  2.984632E+00 2.491E-05
  2.984678E+00 3.177E-05
  2.984724E+00 4.113E-05
  2.984770E+00 5.269E-05
  2.984815E+00 6.623E-05
  2.984907E+00 9.835E-05
  2.985042E+00 1.565E-04
  2.985132E+00 2.027E-04
  2.985177E+00 2.451E-04
  2.985222E+00 5.676E-04
  2.985267E+00 1.350E-02
  2.985311E+00 1.359E-03
  2.985356E+00 1.904E-03
  2.985400E+00 1.284E-03
  2.985444E+00 2.966E-04
  2.985488E+00 3.665E-04
  2.985532E+00 4.218E-04
  2.986051E+00 9.234E-04
  2.986389E+00 1.313E-03
  2.986721E+00 1.785E-03
  2.987046E+00 2.370E-03
  2.987365E+00 3.124E-03
  2.987639E+00 4.007E-03
  2.987832E+00 4.847E-03
  2.988023E+00 5.992E-03
  2.988174E+00 7.311E-03
  2.988286E+00 8.774E-03
  2.988361E+00 1.021E-02
  2.988398E+00 1.117E-02
  2.988435E+00 1.242E-02
  2.988472E+00 1.412E-02
  2.988508E+00 1.664E-02
  2.988545E+00 2.086E-02
  2.988582E+00 2.959E-02
  2.988618E+00 5.711E-02
  2.988655E+00 4.204E-01
  2.988691E+00 8.306E-02
  2.988728E+00 1.024E-02
  2.988764E+00 6.385E-03
  2.988800E+00 6.879E-03
  2.988836E+00 8.106E-03
  2.988908E+00 1.117E-02
  2.988944E+00 1.298E-02
  2.988980E+00 1.507E-02
  2.989016E+00 1.758E-02
  2.989051E+00 2.069E-02
  2.989087E+00 2.469E-02
  2.989122E+00 3.006E-02
  2.989157E+00 3.760E-02
  2.989193E+00 4.885E-02
  2.989228E+00 6.690E-02
  2.989263E+00 9.894E-02
  2.989298E+00 1.649E-01
  2.989333E+00 3.390E-01
  2.989368E+00 1.107E+00
  2.989403E+00 3.380E+01
  2.989437E+00 2.646E+00
  2.989472E+00 5.247E-01
  2.989507E+00 2.242E-01
  2.989541E+00 1.284E-01
  2.989575E+00 8.648E-02
  2.989610E+00 6.479E-02
  2.989644E+00 5.238E-02
  2.989678E+00 4.487E-02
  2.989712E+00 4.021E-02
  2.989746E+00 3.735E-02
  2.989780E+00 3.572E-02
  2.989814E+00 3.499E-02
  2.989882E+00 3.552E-02
  2.989949E+00 3.820E-02
  2.990016E+00 4.303E-02
  2.990082E+00 5.051E-02
  2.990116E+00 5.556E-02
  2.990149E+00 6.179E-02
  2.990182E+00 6.952E-02
  2.990215E+00 7.924E-02
  2.990248E+00 9.166E-02
  2.990280E+00 1.079E-01
  2.990313E+00 1.296E-01
  2.990346E+00 1.596E-01
  2.990378E+00 2.029E-01
  2.990411E+00 2.690E-01
  2.990443E+00 3.773E-01
  2.990476E+00 5.751E-01
  2.990508E+00 9.999E-01
  2.990540E+00 2.217E+00
  2.990572E+00 9.025E+00
  2.990605E+00 1.169E+03
  2.990637E+00 6.879E+00
  2.990669E+00 1.748E+00
  2.990700E+00 7.621E-01
  2.990732E+00 4.163E-01
  2.990764E+00 2.574E-01
  2.990796E+00 1.722E-01
  2.990827E+00 1.215E-01
  2.990859E+00 8.911E-02
  2.990890E+00 6.730E-02
  2.990922E+00 5.198E-02
  2.990953E+00 4.086E-02
  2.990984E+00 3.256E-02
  2.991015E+00 2.624E-02
  2.991047E+00 2.133E-02
  2.991078E+00 1.745E-02
  2.991109E+00 1.435E-02
  2.991140E+00 1.184E-02
  2.991170E+00 9.786E-03
  2.991201E+00 8.088E-03
  2.991232E+00 6.673E-03
  2.991263E+00 5.484E-03
  2.991293E+00 4.474E-03
  2.991324E+00 3.608E-03
  2.991354E+00 2.855E-03
  2.991415E+00 1.570E-03
  2.991445E+00 9.701E-04
  2.991475E+00 3.404E-04
  2.991505E+00 2.891E-04
  2.991535E+00 3.961E-02
  2.991565E+00 4.013E-03
  2.991595E+00 2.059E-03
  2.991625E+00 1.338E-03
  2.991655E+00 9.350E-04
  2.991685E+00 6.685E-04
  2.991714E+00 4.779E-04
  2.991744E+00 3.366E-04
  2.991774E+00 2.305E-04
  2.991803E+00 1.516E-04
  2.991832E+00 9.429E-05
  2.991862E+00 5.497E-05
  2.991891E+00 3.084E-05
  2.991920E+00 1.979E-05
  2.991950E+00 2.015E-05
  2.991979E+00 3.054E-05
  2.992008E+00 4.983E-05
  2.992037E+00 7.703E-05
  2.992066E+00 1.113E-04
  2.992094E+00 1.519E-04
  2.992123E+00 1.982E-04
  2.992152E+00 2.500E-04
  2.992181E+00 3.079E-04
  2.992209E+00 3.768E-04
  2.992238E+00 4.817E-04
  2.992266E+00 8.051E-04
  2.992295E+00 5.820E-03
  2.992323E+00 1.288E-02
  2.992351E+00 3.203E-03
  2.992380E+00 2.679E-03
  2.992408E+00 3.931E-03
  2.992436E+00 1.669E-02
  2.992464E+00 7.808E-04
  2.992492E+00 1.076E-03
  2.992520E+00 1.283E-03
  2.992603E+00 1.739E-03
  2.992824E+00 2.901E-03
  2.993040E+00 4.287E-03
  2.993253E+00 5.993E-03
  2.993436E+00 7.842E-03
  2.993617E+00 1.015E-02
  2.993770E+00 1.266E-02
  2.993921E+00 1.590E-02
  2.994045E+00 1.947E-02
  2.994144E+00 2.325E-02
  2.994242E+00 2.847E-02
  2.994315E+00 3.414E-02
  2.994363E+00 3.955E-02
  2.994387E+00 4.313E-02
  2.994411E+00 4.765E-02
  2.994435E+00 5.367E-02
  2.994459E+00 6.227E-02
  2.994483E+00 7.602E-02
  2.994507E+00 1.023E-01
  2.994531E+00 1.733E-01
  2.994555E+00 6.675E-01
  2.994578E+00 8.837E-01
  2.994602E+00 5.255E-02
  2.994626E+00 2.762E-02
  2.994649E+00 2.909E-02
  2.994673E+00 3.422E-02
  2.994720E+00 4.703E-02
  2.994743E+00 5.452E-02
  2.994790E+00 7.333E-02
  2.994813E+00 8.585E-02
  2.994836E+00 1.018E-01
  2.994859E+00 1.228E-01
  2.994882E+00 1.518E-01
  2.994905E+00 1.939E-01
  2.994928E+00 2.593E-01
  2.994951E+00 3.702E-01
  2.994974E+00 5.828E-01
  2.994997E+00 1.078E+00
  2.995020E+00 2.726E+00
  2.995043E+00 1.726E+01
  2.995065E+00 6.083E+01
  2.995088E+00 4.175E+00
  2.995111E+00 1.425E+00
  2.995133E+00 7.387E-01
  2.995156E+00 4.698E-01
  2.995179E+00 3.390E-01
  2.995201E+00 2.669E-01
  2.995223E+00 2.243E-01
  2.995246E+00 1.982E-01
  2.995268E+00 1.821E-01
  2.995290E+00 1.728E-01
  2.995313E+00 1.683E-01
  2.995357E+00 1.697E-01
  2.995401E+00 1.821E-01
  2.995445E+00 2.051E-01
  2.995489E+00 2.412E-01
  2.995511E+00 2.656E-01
  2.995533E+00 2.958E-01
  2.995555E+00 3.332E-01
  2.995576E+00 3.803E-01
  2.995598E+00 4.404E-01
  2.995620E+00 5.186E-01
  2.995641E+00 6.232E-01
  2.995663E+00 7.675E-01
  2.995685E+00 9.746E-01
  2.995706E+00 1.288E+00
  2.995727E+00 1.798E+00
  2.995749E+00 2.712E+00
  2.995770E+00 4.625E+00
  2.995792E+00 9.827E+00
  2.995813E+00 3.494E+01
  2.995834E+00 3.138E+03
  2.995855E+00 4.797E+01
  2.995876E+00 1.056E+01
  2.995898E+00 4.407E+00
  2.995919E+00 2.362E+00
  2.995940E+00 1.448E+00
  2.995961E+00 9.649E-01
  2.995982E+00 6.805E-01
  2.996003E+00 4.999E-01
  2.996023E+00 3.787E-01
  2.996044E+00 2.937E-01
  2.996065E+00 2.321E-01
  2.996086E+00 1.861E-01
  2.996107E+00 1.511E-01
  2.996127E+00 1.238E-01
  2.996148E+00 1.022E-01
  2.996169E+00 8.496E-02
  2.996189E+00 7.094E-02
  2.996210E+00 5.945E-02
  2.996230E+00 4.994E-02
  2.996251E+00 4.201E-02
  2.996271E+00 3.533E-02
  2.996291E+00 2.968E-02
  2.996332E+00 2.070E-02
  2.996352E+00 1.709E-02
  2.996372E+00 1.387E-02
  2.996393E+00 1.088E-02
  2.996413E+00 7.727E-03
  2.996433E+00 2.625E-03
  2.996453E+00 2.469E-02
  2.996473E+00 9.547E-03
  2.996493E+00 6.636E-03
  2.996513E+00 4.965E-03
  2.996533E+00 3.763E-03
  2.996553E+00 2.831E-03
  2.996572E+00 2.091E-03
  2.996592E+00 1.500E-03
  2.996612E+00 1.031E-03
  2.996632E+00 6.670E-04
  2.996651E+00 3.938E-04
  2.996671E+00 2.009E-04
  2.996691E+00 7.977E-05
  2.996710E+00 2.336E-05
  2.996730E+00 2.565E-05
  2.996749E+00 8.152E-05
  2.996769E+00 1.866E-04
  2.996788E+00 3.374E-04
  2.996808E+00 5.312E-04
  2.996827E+00 7.674E-04
  2.996846E+00 1.050E-03
  2.996866E+00 1.399E-03
  2.996885E+00 1.889E-03
  2.996904E+00 2.879E-03
  2.996923E+00 7.248E-03
  2.996942E+00 2.189E-01
  2.996961E+00 3.985E-02
  2.996980E+00 1.519E-02
  2.997000E+00 1.243E-02
  2.997019E+00 1.378E-02
  2.997037E+00 2.923E-02
  2.997056E+00 4.156E-03
  2.997075E+00 5.471E-03
  2.997094E+00 7.141E-03
  2.997113E+00 8.333E-03
  2.997244E+00 1.521E-02
  2.997355E+00 2.211E-02
  2.997464E+00 3.064E-02
  2.997572E+00 4.126E-02
  2.997680E+00 5.463E-02
  2.997786E+00 7.170E-02
  2.997891E+00 9.390E-02
  2.997977E+00 1.180E-01
  2.998063E+00 1.493E-01
  2.998148E+00 1.916E-01
  2.998199E+00 2.248E-01
  2.998266E+00 2.839E-01
  2.998316E+00 3.464E-01
  2.998349E+00 4.033E-01
  2.998382E+00 4.822E-01
  2.998398E+00 5.358E-01
  2.998415E+00 6.055E-01
  2.998431E+00 7.023E-01
  2.998448E+00 8.507E-01
  2.998464E+00 1.118E+00
  2.998480E+00 1.768E+00
  2.998497E+00 5.076E+00
  2.998513E+00 3.467E+01
  2.998529E+00 8.257E-01
  2.998546E+00 3.757E-01
  2.998562E+00 3.943E-01
  2.998578E+00 4.696E-01
  2.998610E+00 6.598E-01
  2.998626E+00 7.728E-01
  2.998642E+00 9.037E-01
  2.998658E+00 1.060E+00
  2.998674E+00 1.252E+00
  2.998690E+00 1.497E+00
  2.998706E+00 1.818E+00
  2.998722E+00 2.260E+00
  2.998738E+00 2.894E+00
  2.998754E+00 3.864E+00
  2.998770E+00 5.468E+00
  2.998786E+00 8.427E+00
  2.998801E+00 1.486E+01
  2.998817E+00 3.349E+01
  2.998833E+00 1.366E+02
  2.998849E+00 5.731E+04
  2.998864E+00 1.358E+02
  2.998880E+00 3.622E+01
  2.998896E+00 1.729E+01
  2.998911E+00 1.061E+01
  2.998927E+00 7.537E+00
  2.998942E+00 5.907E+00
  2.998958E+00 4.973E+00
  2.998973E+00 4.422E+00
  2.998989E+00 4.106E+00
  2.999004E+00 3.947E+00
  2.999019E+00 3.902E+00
  2.999035E+00 3.948E+00
  2.999066E+00 4.274E+00
  2.999096E+00 4.906E+00
  2.999127E+00 5.910E+00
  2.999142E+00 6.597E+00
  2.999157E+00 7.445E+00
  2.999172E+00 8.501E+00
  2.999187E+00 9.826E+00
  2.999202E+00 1.151E+01
  2.999217E+00 1.369E+01
  2.999232E+00 1.657E+01
  2.999247E+00 2.046E+01
  2.999262E+00 2.590E+01
  2.999277E+00 3.381E+01
  2.999292E+00 4.591E+01
  2.999307E+00 6.574E+01
  2.999322E+00 1.015E+02
  2.999337E+00 1.762E+02
  2.999352E+00 3.751E+02
  2.999367E+00 1.262E+03
  2.999381E+00 3.901E+04
  2.999396E+00 2.992E+03
  2.999411E+00 5.929E+02
  2.999426E+00 2.469E+02
  2.999440E+00 1.352E+02
  2.999455E+00 8.559E+01
  2.999469E+00 5.922E+01
  2.999484E+00 4.353E+01
  2.999499E+00 3.344E+01
  2.999513E+00 2.656E+01
  2.999528E+00 2.165E+01
  2.999542E+00 1.803E+01
  2.999557E+00 1.527E+01
  2.999571E+00 1.313E+01
  2.999600E+00 1.006E+01
  2.999614E+00 8.932E+00
  2.999643E+00 7.218E+00
  2.999657E+00 6.558E+00
  2.999686E+00 5.515E+00
  2.999714E+00 4.750E+00
  2.999743E+00 4.206E+00
  2.999757E+00 4.022E+00
  2.999771E+00 3.932E+00
  2.999785E+00 4.081E+00
  2.999799E+00 6.246E+00
  2.999813E+00 1.222E+00
  2.999827E+00 2.041E+00
  2.999841E+00 2.152E+00
  2.999869E+00 2.084E+00
  2.999980E+00 1.558E+00
  3.000035E+00 1.365E+00
  3.000076E+00 1.287E+00
  3.000089E+00 1.302E+00
  3.000103E+00 1.389E+00
  3.000116E+00 1.703E+00
  3.000130E+00 3.153E+00
  3.000143E+00 2.666E+01
  3.000157E+00 2.598E+01
  3.000170E+00 4.871E+00
  3.000184E+00 2.850E+00
  3.000197E+00 2.312E+00
  3.000211E+00 2.326E+00
  3.000224E+00 4.915E+00
  3.000237E+00 4.819E-01
  3.000251E+00 7.816E-01
  3.000264E+00 8.684E-01
  3.000277E+00 8.912E-01
  3.000317E+00 8.726E-01
  3.000474E+00 7.253E-01
  3.000628E+00 6.377E-01
  3.000791E+00 5.937E-01
  3.000926E+00 5.948E-01
  3.001035E+00 6.338E-01
  3.001107E+00 6.993E-01
  3.001155E+00 7.866E-01
  3.001178E+00 8.617E-01
  3.001202E+00 9.869E-01
  3.001214E+00 1.089E+00
  3.001225E+00 1.249E+00
  3.001237E+00 1.536E+00
  3.001249E+00 2.208E+00
  3.001261E+00 5.081E+00
  3.001272E+00 1.359E+02
  3.001284E+00 1.270E+00
  3.001296E+00 4.738E-01
  3.001307E+00 4.709E-01
  3.001319E+00 5.382E-01
  3.001353E+00 7.787E-01
  3.001365E+00 8.713E-01
  3.001388E+00 1.104E+00
  3.001399E+00 1.260E+00
  3.001411E+00 1.460E+00
  3.001422E+00 1.728E+00
  3.001434E+00 2.104E+00
  3.001445E+00 2.661E+00
  3.001456E+00 3.549E+00
  3.001468E+00 5.112E+00
  3.001479E+00 8.292E+00
  3.001491E+00 1.653E+01
  3.001502E+00 5.172E+01
  3.001513E+00 1.265E+03
  3.001524E+00 1.342E+02
  3.001536E+00 2.502E+01
  3.001547E+00 1.037E+01
  3.001558E+00 5.798E+00
  3.001569E+00 3.825E+00
  3.001580E+00 2.810E+00
  3.001592E+00 2.230E+00
  3.001603E+00 1.876E+00
  3.001614E+00 1.652E+00
  3.001625E+00 1.508E+00
  3.001636E+00 1.418E+00
  3.001647E+00 1.365E+00
  3.001669E+00 1.340E+00
  3.001691E+00 1.396E+00
  3.001713E+00 1.526E+00
  3.001735E+00 1.742E+00
  3.001757E+00 2.079E+00
  3.001768E+00 2.314E+00
  3.001779E+00 2.613E+00
  3.001790E+00 3.000E+00
  3.001801E+00 3.513E+00
  3.001811E+00 4.211E+00
  3.001822E+00 5.199E+00
  3.001833E+00 6.666E+00
  3.001844E+00 8.993E+00
  3.001855E+00 1.304E+01
  3.001865E+00 2.112E+01
  3.001876E+00 4.142E+01
  3.001887E+00 1.231E+02
  3.001897E+00 2.072E+03
  3.001908E+00 3.890E+02
  3.001919E+00 6.285E+01
  3.001929E+00 2.367E+01
  3.001940E+00 1.197E+01
  3.001951E+00 7.037E+00
  3.001961E+00 4.535E+00
  3.001972E+00 3.107E+00
  3.001982E+00 2.225E+00
  3.001993E+00 1.646E+00
  3.002003E+00 1.249E+00
  3.002014E+00 9.669E-01
  3.002024E+00 7.606E-01
  3.002035E+00 6.063E-01
  3.002045E+00 4.885E-01
  3.002056E+00 3.971E-01
  3.002066E+00 3.253E-01
  3.002077E+00 2.682E-01
  3.002087E+00 2.223E-01
  3.002108E+00 1.548E-01
  3.002118E+00 1.300E-01
  3.002139E+00 9.287E-02
  3.002149E+00 7.920E-02
  3.012341E+00 1.355E+00
  3.012351E+00 1.620E+00
  3.016469E+00 9.093E-01
  3.020541E+00 5.839E-01
  3.024568E+00 4.081E-01
  3.028551E+00 3.023E-01
  3.032490E+00 2.336E-01
  3.036386E+00 1.865E-01
  3.040240E+00 1.526E-01
  3.044052E+00 1.275E-01
  3.047823E+00 1.082E-01
  3.051554E+00 9.320E-02
  3.055244E+00 8.120E-02
  3.058895E+00 7.145E-02
  3.066081E+00 5.673E-02
  3.073115E+00 4.627E-02
  3.080003E+00 3.856E-02
  3.090069E+00 3.029E-02
  3.099825E+00 2.454E-02
  3.109287E+00 2.037E-02
  3.121462E+00 1.638E-02
  3.133158E+00 1.355E-02
  3.147144E+00 1.101E-02
  3.163053E+00 8.899E-03
  3.180500E+00 7.206E-03
  3.201322E+00 5.762E-03
  3.222548E+00 4.733E-03
  3.245672E+00 3.968E-03
  3.268196E+00 3.502E-03
  3.285461E+00 3.363E-03
  3.294256E+00 3.464E-03
  3.298500E+00 3.640E-03
  3.301275E+00 3.870E-03
  3.304008E+00 4.298E-03
  3.305358E+00 4.653E-03
  3.306698E+00 5.173E-03
  3.308028E+00 5.941E-03
  3.310657E+00 8.156E-03
  3.311957E+00 8.394E-03
  3.313247E+00 7.136E-03
  3.314527E+00 5.514E-03
  3.315798E+00 4.379E-03
  3.317059E+00 3.716E-03
  3.318311E+00 3.338E-03
  3.319553E+00 3.120E-03
  3.322010E+00 2.916E-03
  3.325627E+00 2.841E-03
  3.331482E+00 2.918E-03
  3.337126E+00 3.157E-03
  3.340416E+00 3.443E-03
  3.342571E+00 3.780E-03
  3.343637E+00 4.042E-03
  3.344695E+00 4.424E-03
  3.345746E+00 5.032E-03
  3.346789E+00 6.133E-03
  3.347825E+00 8.597E-03
  3.348854E+00 1.703E-02
  3.349876E+00 1.347E-01
  3.350890E+00 5.420E-02
  3.351898E+00 7.948E-03
  3.352898E+00 4.106E-03
  3.353892E+00 3.227E-03
  3.354878E+00 2.972E-03
  3.355858E+00 2.914E-03
  3.357797E+00 2.994E-03
  3.361597E+00 3.386E-03
  3.365295E+00 3.972E-03
  3.368004E+00 4.605E-03
  3.370658E+00 5.531E-03
  3.372398E+00 6.424E-03
  3.374116E+00 7.690E-03
  3.374966E+00 8.535E-03
  3.375811E+00 9.582E-03
  3.376650E+00 1.090E-02
  3.377484E+00 1.260E-02
  3.378312E+00 1.483E-02
  3.379135E+00 1.783E-02
  3.379952E+00 2.197E-02
  3.380764E+00 2.778E-02
  3.381571E+00 3.603E-02
  3.382373E+00 4.743E-02
  3.383170E+00 6.147E-02
  3.383961E+00 7.354E-02
  3.384747E+00 7.505E-02
  3.385529E+00 6.398E-02
  3.386305E+00 4.856E-02
  3.387076E+00 3.555E-02
  3.387843E+00 2.633E-02
  3.388605E+00 2.015E-02
  3.389361E+00 1.604E-02
  3.390113E+00 1.328E-02
  3.390861E+00 1.144E-02
  3.391603E+00 1.024E-02
  3.392341E+00 9.510E-03
  3.393075E+00 9.155E-03
  3.393803E+00 9.134E-03
  3.394527E+00 9.446E-03
  3.395247E+00 1.014E-02
  3.395962E+00 1.131E-02
  3.396673E+00 1.315E-02
  3.397379E+00 1.602E-02
  3.398081E+00 2.053E-02
  3.398779E+00 2.773E-02
  3.399472E+00 3.899E-02
  3.400161E+00 5.378E-02
  3.400846E+00 6.276E-02
  3.401527E+00 5.388E-02
  3.402204E+00 3.680E-02
  3.402876E+00 2.366E-02
  3.403544E+00 1.562E-02
  3.404209E+00 1.083E-02
  3.404869E+00 7.883E-03
  3.405525E+00 5.992E-03
  3.406178E+00 4.726E-03
  3.406826E+00 3.848E-03
  3.407471E+00 3.220E-03
  3.408111E+00 2.758E-03
  3.408748E+00 2.411E-03
  3.409381E+00 2.146E-03
  3.410010E+00 1.940E-03
  3.411258E+00 1.647E-03
  3.412490E+00 1.459E-03
  3.414312E+00 1.287E-03
  3.416692E+00 1.172E-03
  3.420159E+00 1.115E-03
  3.424600E+00 1.135E-03
  3.429874E+00 1.237E-03
  3.434863E+00 1.413E-03
  3.438662E+00 1.629E-03
  3.441854E+00 1.914E-03
  3.444062E+00 2.218E-03
  3.445787E+00 2.567E-03
  3.447057E+00 2.931E-03
  3.448308E+00 3.437E-03
  3.449539E+00 4.176E-03
  3.450349E+00 4.880E-03
  3.451151E+00 5.857E-03
  3.451549E+00 6.495E-03
  3.451945E+00 7.268E-03
  3.452339E+00 8.217E-03
  3.452731E+00 9.394E-03
  3.453121E+00 1.087E-02
  3.453508E+00 1.273E-02
  3.453894E+00 1.507E-02
  3.454278E+00 1.800E-02
  3.454660E+00 2.160E-02
  3.455041E+00 2.661E-02
  3.455419E+00 9.497E-02
  3.455795E+00 7.931E-02
  3.456169E+00 5.018E-02
  3.456542E+00 4.155E-02
  3.457282E+00 2.703E-02
  3.457649E+00 2.133E-02
  3.458014E+00 1.694E-02
  3.458377E+00 1.366E-02
  3.458739E+00 1.124E-02
  3.459099E+00 9.447E-03
  3.459457E+00 8.126E-03
  3.459813E+00 7.156E-03
  3.460167E+00 6.459E-03
  3.460520E+00 5.992E-03
  3.460871E+00 5.745E-03
  3.461220E+00 5.756E-03
  3.461568E+00 6.174E-03
  3.461914E+00 7.514E-03
  3.462258E+00 1.227E-02
  3.462601E+00 5.715E-02
  3.462942E+00 6.648E-02
  3.463281E+00 6.372E-03
  3.463618E+00 3.065E-03
  3.463954E+00 2.346E-03
  3.464289E+00 2.109E-03
  3.464621E+00 2.014E-03
  3.465282E+00 1.960E-03
  3.466585E+00 2.020E-03
  3.467862E+00 2.194E-03
  3.469116E+00 2.506E-03
  3.470041E+00 2.905E-03
  3.470651E+00 3.324E-03
  3.470953E+00 3.614E-03
  3.471254E+00 3.987E-03
  3.471554E+00 4.483E-03
  3.471852E+00 5.168E-03
  3.472149E+00 6.166E-03
  3.472445E+00 7.720E-03
  3.472739E+00 1.038E-02
  3.473032E+00 1.560E-02
  3.473324E+00 2.848E-02
  3.473614E+00 7.878E-02
  3.473903E+00 1.111E+00
  3.474190E+00 2.772E-01
  3.474477E+00 4.360E-02
  3.474762E+00 1.732E-02
  3.475045E+00 9.679E-03
  3.475327E+00 6.536E-03
  3.475609E+00 4.989E-03
  3.475888E+00 4.143E-03
  3.476167E+00 3.651E-03
  3.476444E+00 3.358E-03
  3.476720E+00 3.186E-03
  3.477268E+00 3.052E-03
  3.477811E+00 3.099E-03
  3.478081E+00 3.195E-03
  3.478350E+00 3.409E-03
  3.478617E+00 4.342E-03
  3.478883E+00 2.106E-02
  3.479148E+00 3.342E-03
  3.479412E+00 3.295E-03
  3.480456E+00 3.786E-03
  3.481481E+00 4.472E-03
  3.482489E+00 5.418E-03
  3.483233E+00 6.390E-03
  3.483967E+00 7.715E-03
  3.484692E+00 9.601E-03
  3.485170E+00 1.135E-02
  3.485644E+00 1.373E-02
  3.485879E+00 1.524E-02
  3.486114E+00 1.706E-02
  3.486347E+00 1.927E-02
  3.486579E+00 2.199E-02
  3.486811E+00 2.538E-02
  3.487041E+00 2.969E-02
  3.487271E+00 3.526E-02
  3.487499E+00 4.261E-02
  3.487727E+00 5.251E-02
  3.487953E+00 6.610E-02
  3.488179E+00 8.499E-02
  3.488404E+00 1.110E-01
  3.488627E+00 1.450E-01
  3.488850E+00 1.821E-01
  3.489072E+00 2.068E-01
  3.489293E+00 2.010E-01
  3.489513E+00 1.682E-01
  3.489732E+00 1.287E-01
  3.489950E+00 9.570E-02
  3.490167E+00 7.166E-02
  3.490383E+00 5.488E-02
  3.490599E+00 4.325E-02
  3.490813E+00 3.511E-02
  3.491027E+00 2.938E-02
  3.491239E+00 2.534E-02
  3.491451E+00 2.254E-02
  3.491662E+00 2.071E-02
  3.491872E+00 1.969E-02
  3.492082E+00 1.945E-02
  3.492290E+00 2.009E-02
  3.492497E+00 2.204E-02
  3.492704E+00 2.699E-02
  3.492910E+00 4.537E-02
  3.493115E+00 3.895E-02
  3.493319E+00 4.019E-02
  3.493522E+00 5.561E-02
  3.493725E+00 8.606E-02
  3.493926E+00 1.384E-01
  3.494127E+00 1.771E-01
  3.494327E+00 1.309E-01
  3.494526E+00 7.176E-02
  3.494725E+00 3.952E-02
  3.494922E+00 2.347E-02
  3.495119E+00 1.493E-02
  3.495315E+00 1.001E-02
  3.495510E+00 6.946E-03
  3.495704E+00 4.912E-03
  3.495898E+00 3.470E-03
  3.496091E+00 2.378E-03
  3.496283E+00 1.567E-03
  3.496474E+00 2.598E-03
  3.496665E+00 7.210E-02
  3.496855E+00 8.040E-03
  3.497044E+00 4.190E-03
  3.497232E+00 2.960E-03
  3.497419E+00 2.340E-03
  3.497606E+00 1.960E-03
  3.497792E+00 1.702E-03
  3.497977E+00 1.518E-03
  3.498162E+00 1.382E-03
  3.498529E+00 1.203E-03
  3.498893E+00 1.104E-03
  3.499434E+00 1.044E-03
  3.499968E+00 1.055E-03
  3.500671E+00 1.144E-03
  3.501363E+00 1.300E-03
  3.502213E+00 1.583E-03
  3.503047E+00 1.977E-03
  3.503702E+00 2.398E-03
  3.504348E+00 2.950E-03
  3.504984E+00 3.690E-03
  3.505455E+00 4.425E-03
  3.505921E+00 5.383E-03
  3.506381E+00 6.659E-03
  3.506533E+00 7.191E-03
  3.506685E+00 8.048E-03
  3.506987E+00 9.053E-03
  3.507584E+00 1.199E-02
  3.507732E+00 1.252E-02
  3.507879E+00 1.265E-02
  3.508026E+00 1.205E-02
  3.508172E+00 1.078E-02
  3.508318E+00 1.392E-02
  3.508463E+00 5.287E-02
  3.508608E+00 1.254E-01
  3.508752E+00 1.477E-01
  3.509039E+00 1.570E-01
  3.509181E+00 1.578E-01
  3.509323E+00 1.522E-01
  3.509465E+00 1.392E-01
  3.509886E+00 8.490E-02
  3.510026E+00 7.057E-02
  3.510165E+00 5.987E-02
  3.510303E+00 5.388E-02
  3.510441E+00 6.145E-02
  3.510579E+00 1.384E+00
  3.510716E+00 4.318E-02
  3.510852E+00 2.460E-02
  3.510988E+00 1.991E-02
  3.511124E+00 1.714E-02
  3.511259E+00 1.510E-02
  3.511393E+00 1.351E-02
  3.511528E+00 1.222E-02
  3.511661E+00 1.120E-02
  3.511794E+00 1.052E-02
  3.511927E+00 7.569E-01
  3.512059E+00 8.421E-03
  3.512583E+00 6.899E-03
  3.512972E+00 6.210E-03
  3.513483E+00 5.755E-03
  3.513987E+00 5.694E-03
  3.514485E+00 6.017E-03
  3.514731E+00 6.432E-03
  3.514853E+00 6.834E-03
  3.514975E+00 7.770E-03
  3.515097E+00 1.395E-02
  3.515218E+00 3.634E-02
  3.515339E+00 9.251E-03
  3.515459E+00 8.683E-03
  3.515579E+00 9.248E-03
  3.515698E+00 1.045E-02
  3.515817E+00 1.270E-02
  3.515936E+00 1.749E-02
  3.516054E+00 3.127E-02
  3.516172E+00 1.100E-01
  3.516290E+00 2.421E+01
  3.516407E+00 9.499E-02
  3.516524E+00 3.229E-02
  3.516640E+00 2.022E-02
  3.516756E+00 1.617E-02
  3.516871E+00 1.455E-02
  3.516986E+00 1.394E-02
  3.517101E+00 1.387E-02
  3.517329E+00 1.465E-02
  3.517556E+00 1.635E-02
  3.517781E+00 1.914E-02
  3.517893E+00 2.115E-02
  3.518005E+00 2.382E-02
  3.518116E+00 2.752E-02
  3.518227E+00 3.298E-02
  3.518338E+00 4.182E-02
  3.518448E+00 5.819E-02
  3.518558E+00 9.607E-02
  3.518667E+00 2.299E-01
  3.518776E+00 1.943E+00
  3.518885E+00 1.264E+00
  3.518993E+00 1.770E-01
  3.519101E+00 7.869E-02
  3.519209E+00 5.347E-02
  3.519316E+00 4.513E-02
  3.519423E+00 4.293E-02
  3.519530E+00 4.375E-02
  3.519636E+00 4.651E-02
  3.519742E+00 5.087E-02
  3.519847E+00 5.682E-02
  3.519952E+00 6.457E-02
  3.520057E+00 7.456E-02
  3.520162E+00 8.745E-02
  3.520266E+00 1.042E-01
  3.520370E+00 1.263E-01
  3.520473E+00 1.559E-01
  3.520576E+00 1.957E-01
  3.520679E+00 2.492E-01
  3.520782E+00 3.191E-01
  3.520985E+00 4.811E-01
  3.521087E+00 5.210E-01
  3.521188E+00 4.984E-01
  3.521389E+00 3.669E-01
  3.521490E+00 3.411E-01
  3.521589E+00 4.252E-01
  3.521689E+00 5.938E-01
  3.521788E+00 2.943E-01
  3.521887E+00 1.483E-01
  3.521986E+00 9.546E-02
  3.522084E+00 6.939E-02
  3.522182E+00 5.369E-02
  3.522279E+00 4.316E-02
  3.522377E+00 3.593E-02
  3.522474E+00 2.976E-02
  3.522570E+00 2.491E-02
  3.522667E+00 2.139E-02
  3.522763E+00 1.860E-02
  3.522858E+00 1.636E-02
  3.522954E+00 1.455E-02
  3.523049E+00 1.311E-02
  3.523144E+00 1.197E-02
  3.523239E+00 1.111E-02
  3.523333E+00 1.050E-02
  3.523427E+00 1.015E-02
  3.523520E+00 1.007E-02
  3.523614E+00 1.030E-02
  3.523707E+00 1.093E-02
  3.523800E+00 1.210E-02
  3.523892E+00 1.407E-02
  3.523984E+00 1.733E-02
  3.524076E+00 2.284E-02
  3.524168E+00 3.272E-02
  3.524259E+00 5.215E-02
  3.524350E+00 9.495E-02
  3.524441E+00 1.911E-01
  3.524531E+00 2.750E-01
  3.524622E+00 1.690E-01
  3.524711E+00 8.228E-02
  3.524801E+00 4.475E-02
  3.524890E+00 2.751E-02
  3.524980E+00 1.886E-02
  3.525068E+00 1.610E-02
  3.525157E+00 4.671E-02
  3.525245E+00 1.189E-02
  3.525333E+00 7.139E-03
  3.525421E+00 5.308E-03
  3.525508E+00 4.194E-03
  3.525595E+00 3.414E-03
  3.525682E+00 2.832E-03
  3.525769E+00 2.384E-03
  3.525855E+00 2.031E-03
  3.525941E+00 1.750E-03
  3.526027E+00 1.524E-03
  3.526113E+00 1.343E-03
  3.526198E+00 1.197E-03
  3.526283E+00 1.080E-03
  3.526368E+00 9.891E-04
  3.526452E+00 9.191E-04
  3.526621E+00 8.333E-04
  3.526788E+00 8.078E-04
  3.526954E+00 8.338E-04
  3.527119E+00 9.066E-04
  3.527284E+00 1.025E-03
  3.527447E+00 1.189E-03
  3.527609E+00 1.403E-03
  3.527771E+00 1.674E-03
  3.527931E+00 2.011E-03
  3.528090E+00 2.428E-03
  3.528249E+00 2.947E-03
  3.528406E+00 3.598E-03
  3.528563E+00 4.429E-03
  3.528718E+00 5.517E-03
  3.528796E+00 6.195E-03
  3.528873E+00 6.996E-03
  3.528950E+00 7.959E-03
  3.529027E+00 9.148E-03
  3.529103E+00 1.068E-02
  3.529180E+00 1.278E-02
  3.529256E+00 1.603E-02
  3.529332E+00 2.233E-02
  3.529407E+00 4.247E-02
  3.529483E+00 4.032E-01
  3.529558E+00 9.600E-02
  3.529633E+00 2.541E-02
  3.529708E+00 1.702E-02
  3.529782E+00 1.218E-02
  3.529857E+00 8.807E-03
  3.529931E+00 5.662E-01
  3.530005E+00 1.119E-02
  3.530078E+00 1.357E-02
  3.530152E+00 2.238E-02
  3.530225E+00 3.648E-02
  3.530298E+00 5.818E-02
  3.530371E+00 9.268E-02
  3.530443E+00 1.499E-01
  3.530516E+00 2.460E-01
  3.530588E+00 3.893E-01
  3.530660E+00 5.142E-01
  3.530732E+00 4.887E-01
  3.530803E+00 3.607E-01
  3.530875E+00 2.470E-01
  3.530946E+00 1.719E-01
  3.531017E+00 1.246E-01
  3.531088E+00 9.413E-02
  3.531158E+00 7.368E-02
  3.531228E+00 5.942E-02
  3.531299E+00 4.914E-02
  3.531369E+00 4.148E-02
  3.531438E+00 3.563E-02
  3.531508E+00 3.105E-02
  3.531577E+00 2.735E-02
  3.531715E+00 2.143E-02
  3.531784E+00 1.973E-02
  3.531853E+00 3.334E-02
  3.531921E+00 2.156E-02
  3.531989E+00 1.913E-02
  3.532057E+00 1.774E-02
  3.532192E+00 1.602E-02
  3.532394E+00 1.471E-02
  3.532527E+00 1.461E-02
  3.532594E+00 1.510E-02
  3.532660E+00 1.727E-02
  3.532726E+00 4.052E-02
  3.532792E+00 7.997E-02
  3.532858E+00 2.003E-02
  3.532923E+00 1.651E-02
  3.532989E+00 1.578E-02
  3.533119E+00 1.599E-02
  3.533248E+00 1.722E-02
  3.533313E+00 1.827E-02
  3.533377E+00 1.981E-02
  3.533441E+00 2.219E-02
  3.533505E+00 2.621E-02
  3.533569E+00 3.401E-02
  3.533632E+00 5.280E-02
  3.533696E+00 1.210E-01
  3.533759E+00 9.439E-01
  3.533822E+00 1.193E+00
  3.533885E+00 1.519E-01
  3.533947E+00 7.111E-02
  3.534010E+00 4.920E-02
  3.534072E+00 4.066E-02
  3.534134E+00 3.686E-02
  3.534196E+00 3.523E-02
  3.534258E+00 3.480E-02
  3.534381E+00 3.600E-02
  3.534503E+00 3.906E-02
  3.534625E+00 4.382E-02
  3.534746E+00 5.068E-02
  3.534867E+00 6.071E-02
  3.534927E+00 6.760E-02
  3.534987E+00 7.648E-02
  3.535046E+00 8.839E-02
  3.535106E+00 1.053E-01
  3.535165E+00 1.316E-01
  3.535224E+00 1.776E-01
  3.535283E+00 2.765E-01
  3.535342E+00 5.843E-01
  3.535401E+00 3.061E+00
  3.535459E+00 7.705E+00
  3.535518E+00 7.319E-01
  3.535576E+00 3.202E-01
  3.535634E+00 2.320E-01
  3.535692E+00 2.130E-01
  3.535750E+00 2.208E-01
  3.535807E+00 2.448E-01
  3.535865E+00 2.832E-01
  3.535922E+00 3.380E-01
  3.535979E+00 4.133E-01
  3.536036E+00 5.158E-01
  3.536093E+00 6.527E-01
  3.536149E+00 8.275E-01
  3.536206E+00 1.027E+00
  3.536262E+00 1.201E+00
  3.536318E+00 1.271E+00
  3.536375E+00 1.202E+00
  3.536486E+00 9.120E-01
  3.536542E+00 9.009E-01
  3.536597E+00 1.247E+00
  3.536653E+00 1.435E+00
  3.536708E+00 6.648E-01
  3.536763E+00 3.662E-01
  3.536818E+00 2.469E-01
  3.536872E+00 1.839E-01
  3.536927E+00 1.445E-01
  3.536982E+00 1.177E-01
  3.537036E+00 9.927E-02
  3.537090E+00 8.995E-02
  3.537144E+00 1.173E-01
  3.537198E+00 1.025E-01
  3.537252E+00 6.215E-02
  3.537305E+00 4.971E-02
  3.537359E+00 4.248E-02
  3.537412E+00 3.726E-02
  3.537465E+00 3.322E-02
  3.537518E+00 3.002E-02
  3.537571E+00 2.752E-02
  3.537624E+00 2.564E-02
  3.537677E+00 2.433E-02
  3.537729E+00 2.365E-02
  3.537781E+00 2.367E-02
  3.537834E+00 2.459E-02
  3.537886E+00 2.676E-02
  3.537938E+00 3.085E-02
  3.537989E+00 3.818E-02
  3.538041E+00 5.155E-02
  3.538093E+00 7.752E-02
  3.538144E+00 1.327E-01
  3.538195E+00 2.538E-01
  3.538247E+00 4.036E-01
  3.538348E+00 2.400E-01
  3.538399E+00 7.560E-01
  3.538450E+00 1.054E-01
  3.538500E+00 5.093E-02
  3.538551E+00 3.275E-02
  3.538601E+00 2.338E-02
  3.538651E+00 1.765E-02
  3.538701E+00 1.381E-02
  3.538751E+00 1.107E-02
  3.538801E+00 9.034E-03
  3.538850E+00 7.470E-03
  3.538900E+00 6.237E-03
  3.538949E+00 5.247E-03
  3.538998E+00 4.439E-03
  3.539047E+00 3.771E-03
  3.539096E+00 3.215E-03
  3.539145E+00 2.748E-03
  3.539194E+00 2.356E-03
  3.539242E+00 2.026E-03
  3.539291E+00 1.751E-03
  3.539339E+00 1.523E-03
  3.539387E+00 1.342E-03
  3.539435E+00 1.207E-03
  3.539483E+00 1.135E-03
  3.539531E+00 1.189E-03
  3.539579E+00 1.861E-03
  3.539627E+00 1.219E-01
  3.539674E+00 1.311E-03
  3.539721E+00 7.583E-04
  3.539769E+00 6.887E-04
  3.539816E+00 6.995E-04
  3.539863E+00 7.466E-04
  3.539910E+00 8.208E-04
  3.539957E+00 9.200E-04
  3.540003E+00 1.044E-03
  3.540050E+00 1.195E-03
  3.540143E+00 1.584E-03
  3.540189E+00 1.830E-03
  3.540235E+00 2.116E-03
  3.540281E+00 2.450E-03
  3.540327E+00 2.841E-03
  3.540372E+00 3.301E-03
  3.540418E+00 3.851E-03
  3.540464E+00 4.519E-03
  3.540509E+00 5.348E-03
  3.540554E+00 6.415E-03
  3.540599E+00 7.851E-03
  3.540645E+00 9.923E-03
  3.540689E+00 1.323E-02
  3.540734E+00 1.938E-02
  3.540779E+00 3.433E-02
  3.540824E+00 9.743E-02
  3.540868E+00 2.928E+00
  3.540913E+00 1.456E-01
  3.540957E+00 3.421E-02
  3.541001E+00 1.903E-02
  3.541045E+00 1.533E-02
  3.541089E+00 1.469E-02
  3.541133E+00 1.522E-02
  3.541220E+00 1.721E-02
  3.541264E+00 1.753E-02
  3.541307E+00 1.630E-02
  3.541351E+00 1.289E-02
  3.541394E+00 8.531E-03
  3.541437E+00 6.409E-03
  3.541480E+00 8.522E-03
  3.541523E+00 1.453E-02
  3.541566E+00 2.371E-02
  3.541608E+00 3.611E-02
  3.541651E+00 5.321E-02
  3.541694E+00 1.533E+00
  3.541736E+00 1.149E-01
  3.541778E+00 1.636E-01
  3.541820E+00 2.459E-01
  3.541862E+00 3.872E-01
  3.541904E+00 6.383E-01
  3.541988E+00 1.494E+00
  3.542030E+00 1.447E+00
  3.542071E+00 1.023E+00
  3.542113E+00 6.675E-01
  3.542154E+00 4.490E-01
  3.542195E+00 3.185E-01
  3.542237E+00 2.373E-01
  3.542278E+00 1.842E-01
  3.542319E+00 1.479E-01
  3.542360E+00 1.220E-01
  3.542400E+00 1.028E-01
  3.542441E+00 8.834E-02
  3.542482E+00 7.718E-02
  3.542522E+00 6.908E-02
  3.542563E+00 7.060E-02
  3.542603E+00 6.224E+00
  3.542643E+00 2.508E-01
  3.542683E+00 1.933E-01
  3.542723E+00 7.401E-02
  3.542763E+00 5.972E-02
  3.542803E+00 5.361E-02
  3.542843E+00 4.996E-02
  3.542922E+00 4.568E-02
  3.543040E+00 4.287E-02
  3.543157E+00 4.262E-02
  3.543273E+00 4.470E-02
  3.543351E+00 4.800E-02
  3.543389E+00 5.070E-02
  3.543427E+00 5.467E-02
  3.543466E+00 6.094E-02
  3.543504E+00 7.198E-02
  3.543542E+00 9.484E-02
  3.543580E+00 1.568E-01
  3.543618E+00 4.482E-01
  3.543656E+00 1.861E+01
  3.543693E+00 1.005E+00
  3.543731E+00 2.708E-01
  3.543768E+00 1.580E-01
  3.543806E+00 1.219E-01
  3.543843E+00 1.070E-01
  3.543881E+00 1.006E-01
  3.543918E+00 9.850E-02
  3.543992E+00 1.009E-01
  3.544066E+00 1.087E-01
  3.544176E+00 1.291E-01
  3.544249E+00 1.497E-01
  3.544321E+00 1.787E-01
  3.544357E+00 1.979E-01
  3.544394E+00 2.219E-01
  3.544430E+00 2.524E-01
  3.544465E+00 2.929E-01
  3.544501E+00 3.494E-01
  3.544537E+00 4.345E-01
  3.544573E+00 5.775E-01
  3.544608E+00 8.630E-01
  3.544644E+00 1.634E+00
  3.544679E+00 5.681E+00
  3.544715E+00 9.516E+01
  3.544750E+00 4.328E+00
  3.544785E+00 1.499E+00
  3.544820E+00 1.001E+00
  3.544855E+00 9.000E-01
  3.544890E+00 9.393E-01
  3.544925E+00 1.064E+00
  3.544960E+00 1.266E+00
  3.544995E+00 1.556E+00
  3.545029E+00 1.952E+00
  3.545064E+00 2.459E+00
  3.545098E+00 3.033E+00
  3.545133E+00 3.529E+00
  3.545167E+00 3.722E+00
  3.545201E+00 3.517E+00
  3.545270E+00 2.720E+00
  3.545304E+00 2.807E+00
  3.545338E+00 4.148E+00
  3.545371E+00 3.528E+00
  3.545405E+00 1.642E+00
  3.545439E+00 9.911E-01
  3.545473E+00 7.026E-01
  3.545506E+00 5.379E-01
  3.545540E+00 4.299E-01
  3.545573E+00 3.537E-01
  3.545606E+00 2.990E-01
  3.545640E+00 2.635E-01
  3.545673E+00 2.666E-01
  3.545706E+00 5.250E-01
  3.545739E+00 4.370E-01
  3.545772E+00 2.205E-01
  3.545805E+00 1.644E-01
  3.545838E+00 1.371E-01
  3.545870E+00 1.195E-01
  3.545903E+00 1.069E-01
  3.545936E+00 9.750E-02
  3.545968E+00 9.062E-02
  3.546001E+00 8.598E-02
  3.546033E+00 8.362E-02
  3.546065E+00 8.390E-02
  3.546098E+00 8.758E-02
  3.546130E+00 9.624E-02
  3.546162E+00 1.130E-01
  3.546194E+00 1.444E-01
  3.546226E+00 2.055E-01
  3.546258E+00 3.334E-01
  3.546290E+00 6.059E-01
  3.546321E+00 9.613E-01
  3.546353E+00 9.684E-01
  3.546385E+00 2.594E+00
  3.546416E+00 1.269E+00
  3.546448E+00 3.088E-01
  3.546479E+00 1.574E-01
  3.546510E+00 1.006E-01
  3.546542E+00 7.148E-02
  3.546573E+00 5.392E-02
  3.546604E+00 4.228E-02
  3.546635E+00 3.405E-02
  3.546666E+00 2.795E-02
  3.546697E+00 2.326E-02
  3.546728E+00 1.955E-02
  3.546759E+00 1.655E-02
  3.546789E+00 1.409E-02
  3.546820E+00 1.204E-02
  3.546851E+00 1.032E-02
  3.546881E+00 8.891E-03
  3.546911E+00 7.708E-03
  3.546942E+00 6.783E-03
  3.546972E+00 6.190E-03
  3.547002E+00 6.238E-03
  3.547033E+00 8.501E-03
  3.547063E+00 3.425E-02
  3.547093E+00 1.028E-01
  3.547123E+00 9.309E-03
  3.547153E+00 4.004E-03
  3.547183E+00 2.430E-03
  3.547212E+00 1.666E-03
  3.547242E+00 1.210E-03
  3.547272E+00 9.163E-04
  3.547301E+00 7.320E-04
  3.547331E+00 6.331E-04
  3.547360E+00 6.083E-04
  3.547390E+00 6.530E-04
  3.547419E+00 7.660E-04
  3.547449E+00 9.489E-04
  3.547478E+00 1.206E-03
  3.547507E+00 1.543E-03
  3.547536E+00 1.971E-03
  3.547565E+00 2.502E-03
  3.547594E+00 3.157E-03
  3.547623E+00 3.963E-03
  3.547652E+00 4.962E-03
  3.547681E+00 6.218E-03
  3.547709E+00 7.830E-03
  3.547738E+00 9.971E-03
  3.547767E+00 1.295E-02
  3.547795E+00 1.739E-02
  3.547824E+00 2.469E-02
  3.547852E+00 3.869E-02
  3.547880E+00 7.336E-02
  3.547909E+00 2.191E-01
  3.547937E+00 5.368E+00
  3.547965E+00 3.919E-01
  3.547993E+00 8.075E-02
  3.548021E+00 3.778E-02
  3.548049E+00 2.573E-02
  3.548077E+00 2.179E-02
  3.548105E+00 2.090E-02
  3.548133E+00 2.143E-02
  3.548216E+00 2.565E-02
  3.548244E+00 2.635E-02
  3.548271E+00 2.548E-02
  3.548299E+00 2.220E-02
  3.548326E+00 1.719E-02
  3.548354E+00 1.494E-02
  3.548381E+00 2.125E-02
  3.548408E+00 3.694E-02
  3.548435E+00 5.920E-02
  3.548463E+00 8.648E-02
  3.548490E+00 1.196E-01
  3.548517E+00 1.612E-01
  3.548544E+00 2.160E-01
  3.548571E+00 2.912E-01
  3.548597E+00 4.005E-01
  3.548624E+00 2.044E+00
  3.548651E+00 8.447E-01
  3.548678E+00 1.278E+00
  3.548704E+00 2.061E+00
  3.548731E+00 3.434E+00
  3.548757E+00 5.249E+00
  3.548784E+00 5.777E+00
  3.548837E+00 2.869E+00
  3.548863E+00 1.929E+00
  3.548889E+00 1.394E+00
  3.548915E+00 1.131E+00
  3.548942E+00 1.553E+00
  3.548968E+00 7.444E-01
  3.548994E+00 4.110E-01
  3.549020E+00 3.455E-01
  3.549046E+00 2.971E-01
  3.549071E+00 2.597E-01
  3.549097E+00 2.432E-01
  3.549123E+00 5.244E-01
  3.549149E+00 1.818E+00
  3.549174E+00 4.066E-01
  3.549200E+00 2.857E-01
  3.549226E+00 2.413E-01
  3.549251E+00 2.170E-01
  3.549277E+00 2.014E-01
  3.549327E+00 1.824E-01
  3.549403E+00 1.696E-01
  3.549478E+00 1.678E-01
  3.549553E+00 1.758E-01
  3.549603E+00 1.894E-01
  3.549628E+00 2.010E-01
  3.549652E+00 2.190E-01
  3.549677E+00 2.498E-01
  3.549701E+00 3.113E-01
  3.549726E+00 4.684E-01
  3.549750E+00 1.117E+00
  3.549775E+00 1.529E+01
  3.549799E+00 4.969E+00
  3.549824E+00 1.055E+00
  3.549848E+00 5.961E-01
  3.549872E+00 4.601E-01
  3.549896E+00 4.071E-01
  3.549921E+00 3.860E-01
  3.549945E+00 3.804E-01
  3.549993E+00 3.939E-01
  3.550041E+00 4.282E-01
  3.550112E+00 5.133E-01
  3.550159E+00 5.977E-01
  3.550206E+00 7.154E-01
  3.550230E+00 7.924E-01
  3.550253E+00 8.867E-01
  3.550277E+00 1.005E+00
  3.550300E+00 1.157E+00
  3.550324E+00 1.361E+00
  3.550347E+00 1.651E+00
  3.550370E+00 2.097E+00
  3.550393E+00 2.869E+00
  3.550417E+00 4.485E+00
  3.550440E+00 9.249E+00
  3.550463E+00 4.078E+01
  3.550486E+00 1.944E+02
  3.550509E+00 1.588E+01
  3.550532E+00 6.663E+00
  3.550554E+00 4.862E+00
  3.550577E+00 4.607E+00
  3.550600E+00 4.993E+00
  3.550623E+00 5.829E+00
  3.550646E+00 7.110E+00
  3.550668E+00 8.880E+00
  3.550691E+00 1.112E+01
  3.550713E+00 1.352E+01
  3.550736E+00 1.536E+01
  3.550758E+00 1.574E+01
  3.550781E+00 1.455E+01
  3.550803E+00 1.276E+01
  3.550826E+00 1.176E+01
  3.550848E+00 1.405E+01
  3.550870E+00 1.910E+01
  3.550892E+00 9.724E+00
  3.550915E+00 5.342E+00
  3.550937E+00 3.646E+00
  3.550959E+00 2.748E+00
  3.550981E+00 2.179E+00
  3.551003E+00 1.782E+00
  3.551025E+00 1.493E+00
  3.551047E+00 1.285E+00
  3.551068E+00 1.166E+00
  3.551090E+00 1.286E+00
  3.551112E+00 3.256E+00
  3.551134E+00 2.640E+00
  3.551156E+00 1.213E+00
  3.551177E+00 8.653E-01
  3.551199E+00 7.096E-01
  3.551220E+00 6.164E-01
  3.551242E+00 5.533E-01
  3.551263E+00 5.089E-01
  3.551285E+00 4.788E-01
  3.551306E+00 4.615E-01
  3.551328E+00 4.578E-01
  3.551349E+00 4.707E-01
  3.551370E+00 5.069E-01
  3.551392E+00 5.795E-01
  3.551413E+00 7.168E-01
  3.551434E+00 9.819E-01
  3.551455E+00 1.528E+00
  3.551476E+00 2.679E+00
  3.551497E+00 4.360E+00
  3.551518E+00 5.750E+00
  3.551539E+00 3.071E+01
  3.551560E+00 5.869E+00
  3.551581E+00 1.634E+00
  3.551602E+00 8.306E-01
  3.551623E+00 5.255E-01
  3.551643E+00 3.709E-01
  3.551664E+00 2.792E-01
  3.551685E+00 2.193E-01
  3.551705E+00 1.774E-01
  3.551726E+00 1.464E-01
  3.551746E+00 1.228E-01
  3.551767E+00 1.040E-01
  3.551787E+00 8.891E-02
  3.551808E+00 7.646E-02
  3.551828E+00 6.611E-02
  3.551869E+00 5.032E-02
  3.551889E+00 4.469E-02
  3.551910E+00 4.099E-02
  3.551930E+00 4.075E-02
  3.551950E+00 5.065E-02
  3.551970E+00 1.223E-01
  3.551990E+00 8.857E+00
  3.552010E+00 1.684E-01
  3.552030E+00 5.015E-02
  3.552050E+00 2.693E-02
  3.552070E+00 1.741E-02
  3.552090E+00 1.203E-02
  3.552110E+00 8.464E-03
  3.552130E+00 5.894E-03
  3.552150E+00 3.981E-03
  3.552169E+00 2.560E-03
  3.552189E+00 1.548E-03
  3.552209E+00 9.013E-04
  3.552228E+00 6.001E-04
  3.552248E+00 6.419E-04
  3.552268E+00 1.038E-03
  3.552287E+00 1.814E-03
  3.552307E+00 3.008E-03
  3.552326E+00 4.683E-03
  3.552346E+00 6.924E-03
  3.552365E+00 9.863E-03
  3.552384E+00 1.369E-02
  3.552404E+00 1.872E-02
  3.552423E+00 2.542E-02
  3.552442E+00 3.467E-02
  3.552461E+00 4.804E-02
  3.552481E+00 6.881E-02
  3.552500E+00 1.047E-01
  3.552519E+00 1.782E-01
  3.552538E+00 3.806E-01
  3.552557E+00 1.471E+00
  3.552576E+00 5.805E+01
  3.552595E+00 1.030E+00
  3.552614E+00 2.757E-01
  3.552633E+00 1.360E-01
  3.552652E+00 9.204E-02
  3.552670E+00 7.621E-02
  3.552689E+00 7.160E-02
  3.552708E+00 7.239E-02
  3.552727E+00 7.600E-02
  3.552764E+00 8.601E-02
  3.552783E+00 8.980E-02
  3.552801E+00 9.056E-02
  3.552820E+00 8.650E-02
  3.552838E+00 7.809E-02
  3.552857E+00 7.476E-02
  3.552875E+00 1.018E-01
  3.552894E+00 1.842E-01
  3.552912E+00 3.147E-01
  3.552949E+00 6.426E-01
  3.552967E+00 8.407E-01
  3.552985E+00 1.082E+00
  3.553003E+00 1.392E+00
  3.553022E+00 1.808E+00
  3.553040E+00 2.392E+00
  3.553058E+00 3.248E+00
  3.553076E+00 4.586E+00
  3.553094E+00 8.724E+00
  3.553112E+00 1.050E+01
  3.553130E+00 1.720E+01
  3.553148E+00 2.967E+01
  3.553166E+00 4.879E+01
  3.553184E+00 6.940E+01
  3.553201E+00 1.452E+01
  3.553219E+00 1.533E+01
  3.553237E+00 1.160E+01
  3.553255E+00 8.533E+00
  3.553273E+00 6.457E+00
  3.553290E+00 5.054E+00
  3.553308E+00 4.077E+00
  3.553325E+00 3.371E+00
  3.553343E+00 2.846E+00
  3.553361E+00 2.452E+00
  3.553378E+00 2.204E+00
  3.553396E+00 2.584E+00
  3.553413E+00 8.724E+01
  3.553431E+00 6.759E+00
  3.553448E+00 3.228E+00
  3.553465E+00 2.478E+00
  3.553483E+00 2.149E+00
  3.553500E+00 1.961E+00
  3.553517E+00 1.839E+00
  3.553552E+00 1.700E+00
  3.553603E+00 1.629E+00
  3.553654E+00 1.666E+00
  3.553705E+00 1.813E+00
  3.553739E+00 2.025E+00
  3.553756E+00 2.212E+00
  3.553773E+00 2.530E+00
  3.553789E+00 3.170E+00
  3.553806E+00 4.888E+00
  3.553823E+00 1.305E+01
  3.553840E+00 5.540E+02
  3.553856E+00 3.009E+01
  3.553873E+00 9.040E+00
  3.553890E+00 5.786E+00
  3.553906E+00 4.780E+00
  3.553923E+00 4.416E+00
  3.553939E+00 4.318E+00
  3.553956E+00 4.361E+00
  3.553989E+00 4.697E+00
  3.554021E+00 5.281E+00
  3.554054E+00 6.112E+00
  3.554087E+00 7.254E+00
  3.554119E+00 8.835E+00
  3.554135E+00 9.859E+00
  3.554151E+00 1.110E+01
  3.554167E+00 1.263E+01
  3.554184E+00 1.455E+01
  3.554200E+00 1.703E+01
  3.554216E+00 2.037E+01
  3.554232E+00 2.510E+01
  3.554248E+00 3.233E+01
  3.554264E+00 4.469E+01
  3.554280E+00 6.995E+01
  3.554295E+00 1.407E+02
  3.554311E+00 5.414E+02
  3.554327E+00 5.355E+03
  3.554343E+00 3.452E+02
  3.554359E+00 1.328E+02
  3.554374E+00 9.435E+01
  3.554390E+00 8.937E+01
  3.554406E+00 9.811E+01
  3.554422E+00 1.167E+02
  3.554437E+00 1.452E+02
  3.554453E+00 1.841E+02
  3.554484E+00 2.785E+02
  3.554500E+00 3.070E+02
  3.554515E+00 3.043E+02
  3.554546E+00 2.524E+02
  3.554561E+00 2.677E+02
  3.554577E+00 3.937E+02
  3.554608E+00 1.414E+02
  3.554623E+00 9.546E+01
  3.554638E+00 7.265E+01
  3.554653E+00 5.855E+01
  3.554669E+00 4.880E+01
  3.554684E+00 4.169E+01
  3.554699E+00 3.647E+01
  3.554714E+00 3.315E+01
  3.554729E+00 3.364E+01
  3.554744E+00 5.472E+01
  3.554760E+00 1.729E+02
  3.554775E+00 6.071E+01
  3.554790E+00 3.602E+01
  3.554805E+00 2.819E+01
  3.554820E+00 2.441E+01
  3.554835E+00 2.220E+01
  3.554850E+00 2.085E+01
  3.554864E+00 2.012E+01
  3.554879E+00 1.992E+01
  3.554894E+00 2.030E+01
  3.554909E+00 2.143E+01
  3.554924E+00 2.362E+01
  3.554939E+00 2.755E+01
  3.554953E+00 3.460E+01
  3.554968E+00 4.785E+01
  3.554983E+00 7.487E+01
  3.554997E+00 1.332E+02
  3.555012E+00 2.368E+02
  3.555027E+00 4.135E+02
  3.555041E+00 2.727E+03
  3.555056E+00 3.530E+02
  3.555071E+00 1.122E+02
  3.555085E+00 6.027E+01
  3.555100E+00 3.995E+01
  3.555114E+00 2.960E+01
  3.555128E+00 2.349E+01
  3.555143E+00 1.952E+01
  3.555157E+00 1.677E+01
  3.555172E+00 1.477E+01
  3.555186E+00 1.325E+01
  3.555200E+00 1.207E+01
  3.555229E+00 1.036E+01
  3.555257E+00 9.266E+00
  3.555286E+00 8.768E+00
  3.555300E+00 8.959E+00
  3.555314E+00 9.991E+00
  3.555328E+00 1.389E+01
  3.555342E+00 3.509E+01
  3.555356E+00 1.019E+03
  3.555371E+00 1.077E+02
  3.555385E+00 3.128E+01
  3.555399E+00 1.891E+01
  3.555413E+00 1.451E+01
  3.555426E+00 1.238E+01
  3.555440E+00 1.116E+01
  3.555454E+00 1.039E+01
  3.555482E+00 9.542E+00
  3.555524E+00 9.096E+00
  3.555565E+00 9.242E+00
  3.555606E+00 9.991E+00
  3.555633E+00 1.102E+01
  3.555647E+00 1.181E+01
  3.555660E+00 1.289E+01
  3.555674E+00 1.442E+01
  3.555687E+00 1.667E+01
  3.555701E+00 2.023E+01
  3.555714E+00 2.647E+01
  3.555728E+00 3.930E+01
  3.555741E+00 7.463E+01
  3.555754E+00 2.703E+02
  3.555768E+00 5.184E+03
  3.555781E+00 1.129E+02
  3.555795E+00 2.765E+01
  3.555808E+00 1.195E+01
  3.555821E+00 7.020E+00
  3.555834E+00 5.066E+00
  3.555848E+00 4.199E+00
  3.555861E+00 3.791E+00
  3.555874E+00 3.589E+00
  3.555914E+00 3.260E+00
  3.555927E+00 3.086E+00
  3.555953E+00 2.607E+00
  3.555966E+00 2.600E+00
  3.555979E+00 3.412E+00
  3.555992E+00 5.784E+00
  3.556005E+00 9.617E+00
  3.556018E+00 1.376E+01
  3.556044E+00 2.080E+01
  3.556057E+00 2.422E+01
  3.556070E+00 2.816E+01
  3.556083E+00 3.308E+01
  3.556095E+00 3.957E+01
  3.556108E+00 4.854E+01
  3.556121E+00 6.155E+01
  3.556134E+00 8.175E+01
  3.556147E+00 1.190E+02
  3.556159E+00 1.955E+02
  3.556172E+00 6.925E+02
  3.556185E+00 1.749E+02
  3.556197E+00 3.564E+02
  3.556210E+00 4.598E+02
  3.556223E+00 3.771E+02
  3.556235E+00 2.445E+02
  3.556248E+00 1.544E+02
  3.556261E+00 1.019E+02
  3.556273E+00 7.080E+01
  3.556286E+00 5.147E+01
  3.556298E+00 3.883E+01
  3.556311E+00 3.018E+01
  3.556323E+00 2.404E+01
  3.556336E+00 1.963E+01
  3.556348E+00 1.688E+01
  3.556360E+00 1.960E+01
  3.556373E+00 5.629E+02
  3.556385E+00 4.955E+01
  3.556398E+00 2.125E+01
  3.556410E+00 1.522E+01
  3.556422E+00 1.246E+01
  3.556435E+00 1.079E+01
  3.556447E+00 9.627E+00
  3.556459E+00 8.762E+00
  3.556471E+00 8.088E+00
  3.556496E+00 7.116E+00
  3.556532E+00 6.239E+00
  3.556568E+00 5.826E+00
  3.556593E+00 5.819E+00
  3.556605E+00 5.952E+00
  3.556617E+00 6.264E+00
  3.556629E+00 6.961E+00
  3.556641E+00 8.698E+00
  3.556653E+00 1.455E+01
  3.556664E+00 6.000E+01
  3.556676E+00 5.827E+02
  3.556688E+00 3.017E+01
  3.556700E+00 1.383E+01
  3.556712E+00 9.954E+00
  3.556724E+00 8.486E+00
  3.556736E+00 7.820E+00
  3.556747E+00 7.508E+00
  3.556771E+00 7.385E+00
  3.556806E+00 7.829E+00
  3.556841E+00 8.829E+00
  3.556864E+00 9.866E+00
  3.556888E+00 1.135E+01
  3.556911E+00 1.354E+01
  3.556922E+00 1.508E+01
  3.556934E+00 1.709E+01
  3.556945E+00 1.983E+01
  3.556957E+00 2.377E+01
  3.556968E+00 2.996E+01
  3.556980E+00 4.094E+01
  3.556991E+00 6.475E+01
  3.557002E+00 1.393E+02
  3.557014E+00 7.224E+02
  3.557025E+00 1.446E+03
  3.557036E+00 1.713E+02
  3.557048E+00 7.780E+01
  3.557059E+00 5.820E+01
  3.557070E+00 5.552E+01
  3.557082E+00 6.012E+01
  3.557093E+00 6.973E+01
  3.557104E+00 8.373E+01
  3.557126E+00 1.186E+02
  3.557138E+00 1.294E+02
  3.557149E+00 1.276E+02
  3.557160E+00 1.143E+02
  3.557171E+00 9.857E+01
  3.557182E+00 9.304E+01
  3.557193E+00 1.211E+02
  3.557204E+00 1.029E+02
  3.557215E+00 4.994E+01
  3.557227E+00 3.129E+01
  3.557238E+00 2.249E+01
  3.557249E+00 1.720E+01
  3.557260E+00 1.363E+01
  3.557271E+00 1.106E+01
  3.557281E+00 9.183E+00
  3.557292E+00 7.868E+00
  3.557303E+00 7.311E+00
  3.557314E+00 9.370E+00
  3.557325E+00 3.359E+01
  3.557336E+00 1.770E+01
  3.557347E+00 8.100E+00
  3.557358E+00 5.597E+00
  3.557369E+00 4.461E+00
  3.557379E+00 3.792E+00
  3.557390E+00 3.348E+00
  3.557401E+00 3.042E+00
  3.557412E+00 2.839E+00
  3.557422E+00 2.725E+00
  3.557433E+00 2.704E+00
  3.557444E+00 2.794E+00
  3.557455E+00 3.043E+00
  3.557465E+00 3.550E+00
  3.557476E+00 4.532E+00
  3.557487E+00 6.508E+00
  3.557497E+00 1.068E+01
  3.557508E+00 1.861E+01
  3.557518E+00 3.685E+01
  3.557529E+00 1.994E+02
  3.557540E+00 2.128E+01
  3.557550E+00 6.735E+00
  3.557561E+00 3.403E+00
  3.557571E+00 2.096E+00
  3.557582E+00 1.438E+00
  3.557592E+00 1.055E+00
  3.557603E+00 8.102E-01
  3.557613E+00 6.420E-01
  3.557623E+00 5.206E-01
  3.557634E+00 4.294E-01
  3.557644E+00 3.587E-01
  3.557665E+00 2.573E-01
  3.557675E+00 2.203E-01
  3.557696E+00 1.650E-01
  3.557706E+00 1.455E-01
  3.557717E+00 1.323E-01
  3.557727E+00 1.288E-01
  3.557737E+00 1.490E-01
  3.557747E+00 2.701E-01
  3.557758E+00 2.005E+00
  3.557768E+00 2.027E+00
  3.557778E+00 2.909E-01
  3.557788E+00 1.305E-01
  3.557798E+00 7.960E-02
  3.557809E+00 5.476E-02
  3.557819E+00 3.968E-02
  3.557829E+00 2.931E-02
  3.557839E+00 2.167E-02
  3.557849E+00 1.582E-02
  3.557859E+00 1.125E-02
  3.557869E+00 7.686E-03
  3.557879E+00 4.947E-03
  3.557889E+00 2.920E-03
  3.557907E+00 9.042E-04
  3.567897E+00 4.353E-01
  3.567907E+00 6.600E-01
  3.592850E+00 7.533E-02
  3.617793E+00 3.362E-02
  3.642737E+00 2.278E-02
  3.667680E+00 1.854E-02
  3.692623E+00 1.634E-02
  3.717567E+00 1.498E-02
  3.767453E+00 1.336E-02
  3.842283E+00 1.194E-02
  3.917113E+00 1.110E-02
  4.391036E+00 8.294E-03
  4.864959E+00 6.349E-03
  5.214165E+00 5.255E-03
  5.762918E+00 3.984E-03
  6.012351E+00 3.547E-03
  6.133810E+00 3.340E-03
  6.257718E+00 3.146E-03
  6.384131E+00 2.963E-03
  6.513103E+00 2.790E-03
  6.644677E+00 2.628E-03
  6.778906E+00 2.475E-03
  6.915847E+00 2.331E-03
  7.055557E+00 2.195E-03
  7.198089E+00 2.067E-03
  7.343504E+00 1.947E-03
  7.491849E+00 1.833E-03
  7.643193E+00 1.727E-03
  7.797600E+00 1.626E-03
  7.955119E+00 1.531E-03
  8.115822E+00 1.442E-03
  8.279775E+00 1.358E-03
  8.447036E+00 1.279E-03
  8.617681E+00 1.205E-03
  8.791765E+00 1.134E-03
  8.969376E+00 1.068E-03
  9.150564E+00 1.006E-03
  9.335418E+00 9.475E-04
  9.524009E+00 8.923E-04
  9.716407E+00 8.404E-04
  9.912687E+00 7.914E-04
  1.011294E+01 7.454E-04
  1.031724E+01 7.019E-04
  1.052566E+01 6.611E-04
  1.073829E+01 6.226E-04
  1.095522E+01 5.863E-04
  1.117653E+01 5.522E-04
  1.140231E+01 5.200E-04
  1.163265E+01 4.897E-04
  1.186765E+01 4.612E-04
  1.210739E+01 4.344E-04
  1.235197E+01 4.091E-04
  1.260150E+01 3.852E-04
  1.285607E+01 3.628E-04
  1.311577E+01 3.417E-04
  1.338073E+01 3.218E-04
  1.365104E+01 3.030E-04
  1.392681E+01 2.854E-04
  1.420815E+01 2.688E-04
  1.449517E+01 2.531E-04
  1.478800E+01 2.384E-04
  1.508674E+01 2.245E-04
  1.539151E+01 2.114E-04
  1.570243E+01 1.991E-04
  1.601964E+01 1.875E-04
  1.634326E+01 1.766E-04
  1.667340E+01 1.663E-04
  1.701024E+01 1.566E-04
  1.735387E+01 1.475E-04
  1.770444E+01 1.389E-04
  1.806209E+01 1.308E-04
  1.842697E+01 1.232E-04
  1.879921E+01 1.160E-04
  1.917899E+01 1.093E-04
  1.956642E+01 1.029E-04
  1.996170E+01 9.692E-05
  2.036494E+01 9.127E-05
  2.077635E+01 8.596E-05
  2.119604E+01 8.095E-05
  2.162425E+01 7.624E-05
  2.206107E+01 7.180E-05
  2.250674E+01 6.762E-05
  2.296141E+01 6.368E-05
  2.342526E+01 5.997E-05