  5.202521E-02 6.236E+01
  6.202521E-02 4.185E+01
  1.133099E-01 9.835E+00
  1.632907E-01 3.829E+00
  2.120114E-01 1.901E+00
  2.595141E-01 1.088E+00
  3.058389E-01 6.805E-01
  3.510246E-01 4.512E-01
  3.951081E-01 3.126E-01
  4.381250E-01 2.250E-01
  4.801095E-01 1.678E-01
  5.210943E-01 1.292E-01
  5.611109E-01 1.023E-01
  6.001896E-01 8.280E-02
  6.383594E-01 6.813E-02
  6.756484E-01 5.670E-02
  7.120834E-01 4.754E-02
  7.476903E-01 4.007E-02
  7.824939E-01 3.393E-02
  8.165184E-01 2.887E-02
  8.497867E-01 2.471E-02
  8.823212E-01 2.130E-02
  9.141431E-01 1.850E-02
  9.452733E-01 1.622E-02
  9.757316E-01 1.435E-02
  1.034708E+00 1.155E-02
  1.091220E+00 9.578E-03
  1.171656E+00 7.498E-03
  1.271465E+00 5.536E-03
  1.363574E+00 4.101E-03
  1.428069E+00 3.298E-03
  1.488960E+00 2.693E-03
  1.564991E+00 2.127E-03
  1.635641E+00 1.756E-03
  1.717136E+00 1.466E-03
  1.806033E+00 1.267E-03
  1.899040E+00 1.154E-03
  1.982087E+00 1.128E-03
  2.056545E+00 1.177E-03
  2.123561E+00 1.294E-03
  2.192260E+00 1.504E-03
  2.253682E+00 1.797E-03
  2.302243E+00 2.141E-03
  2.340466E+00 2.533E-03
  2.370158E+00 2.968E-03
  2.398053E+00 3.570E-03
  2.419173E+00 4.267E-03
  2.434359E+00 5.020E-03
  2.444185E+00 5.713E-03
  2.453783E+00 6.664E-03
  2.458498E+00 7.291E-03
  2.463159E+00 8.066E-03
  2.467766E+00 9.051E-03
  2.472319E+00 1.034E-02
  2.476821E+00 1.210E-02
  2.481271E+00 1.462E-02
  2.485671E+00 1.846E-02
  2.490021E+00 2.482E-02
  2.494322E+00 3.656E-02
  2.498575E+00 6.153E-02
  2.502780E+00 1.200E-01
  2.506938E+00 1.865E-01
  2.511050E+00 1.074E-01
  2.515116E+00 4.615E-02
  2.519137E+00 2.355E-02
  2.523115E+00 1.440E-02
  2.527048E+00 1.016E-02
  2.530939E+00 8.004E-03
  2.534788E+00 6.859E-03
  2.538595E+00 6.255E-03
  2.542360E+00 5.966E-03
  2.546086E+00 5.874E-03
  2.553417E+00 6.049E-03
  2.564125E+00 6.848E-03
  2.574498E+00 8.113E-03
  2.584550E+00 9.877E-03
  2.594294E+00 1.232E-02
  2.600626E+00 1.451E-02
  2.606829E+00 1.734E-02
  2.612909E+00 2.112E-02
  2.615903E+00 2.351E-02
  2.618868E+00 2.635E-02
  2.621802E+00 2.976E-02
  2.624708E+00 3.390E-02
  2.627585E+00 3.903E-02
  2.630434E+00 4.548E-02
  2.633255E+00 5.376E-02
  2.636049E+00 6.466E-02
  2.638815E+00 7.944E-02
  2.641554E+00 1.002E-01
  2.644267E+00 1.308E-01
  2.646953E+00 1.785E-01
  2.649614E+00 2.590E-01
  2.652249E+00 4.106E-01
  2.654860E+00 7.440E-01
  2.657445E+00 1.651E+00
  2.660005E+00 4.132E+00
  2.662542E+00 3.617E+00
  2.665054E+00 1.359E+00
  2.667543E+00 6.061E-01
  2.670009E+00 3.278E-01
  2.672451E+00 2.010E-01
  2.674871E+00 1.340E-01
  2.677268E+00 9.471E-02
  2.679644E+00 6.989E-02
  2.681997E+00 5.329E-02
  2.684328E+00 4.169E-02
  2.686638E+00 3.329E-02
  2.688927E+00 2.704E-02
  2.691196E+00 2.228E-02
  2.693443E+00 1.858E-02
  2.695670E+00 1.565E-02
  2.697877E+00 1.330E-02
  2.700064E+00 1.139E-02
  2.702232E+00 9.830E-03
  2.704380E+00 8.534E-03
  2.706509E+00 7.453E-03
  2.708619E+00 6.544E-03
  2.712783E+00 5.121E-03
  2.716873E+00 4.083E-03
  2.720893E+00 3.317E-03
  2.724842E+00 2.745E-03
  2.728723E+00 2.318E-03
  2.732538E+00 2.001E-03
  2.738138E+00 1.679E-03
  2.743597E+00 1.491E-03
  2.748919E+00 1.402E-03
  2.754109E+00 1.388E-03
  2.760830E+00 1.462E-03
  2.768926E+00 1.672E-03
  2.776701E+00 1.992E-03
  2.784170E+00 2.417E-03
  2.792752E+00 3.077E-03
  2.799604E+00 3.780E-03
  2.806197E+00 4.683E-03
  2.811294E+00 5.636E-03
  2.815018E+00 6.588E-03
  2.818659E+00 7.938E-03
  2.821043E+00 9.297E-03
  2.822221E+00 1.025E-02
  2.823391E+00 1.153E-02
  2.824552E+00 1.340E-02
  2.825705E+00 1.643E-02
  2.826849E+00 2.230E-02
  2.827985E+00 3.824E-02
  2.829113E+00 1.427E-01
  2.830233E+00 1.868E-01
  2.831345E+00 9.837E-03
  2.832449E+00 3.516E-03
  2.833544E+00 3.340E-03
  2.834632E+00 3.932E-03
  2.837850E+00 5.913E-03
  2.848097E+00 1.154E-02
  2.852959E+00 1.493E-02
  2.856730E+00 1.842E-02
  2.860400E+00 2.307E-02
  2.863089E+00 2.779E-02
  2.865724E+00 3.425E-02
  2.867451E+00 4.006E-02
  2.869156E+00 4.774E-02
  2.870839E+00 5.828E-02
  2.871672E+00 6.514E-02
  2.872500E+00 7.348E-02
  2.873322E+00 8.379E-02
  2.874139E+00 9.678E-02
  2.874950E+00 1.135E-01
  2.875757E+00 1.355E-01
  2.876558E+00 1.655E-01
  2.877354E+00 2.076E-01
  2.878145E+00 2.693E-01
  2.878931E+00 3.644E-01
  2.879711E+00 5.192E-01
  2.880487E+00 7.851E-01
  2.881258E+00 1.246E+00
  2.882024E+00 1.899E+00
  2.882785E+00 2.181E+00
  2.883541E+00 1.647E+00
  2.884293E+00 1.024E+00
  2.885040E+00 6.389E-01
  2.885782E+00 4.230E-01
  2.886519E+00 2.980E-01
  2.887252E+00 2.215E-01
  2.887980E+00 1.722E-01
  2.888704E+00 1.389E-01
  2.889423E+00 1.157E-01
  2.890138E+00 9.907E-02
  2.890848E+00 8.685E-02
  2.891554E+00 7.775E-02
  2.892256E+00 7.089E-02
  2.893646E+00 6.178E-02
  2.895019E+00 5.667E-02
  2.897047E+00 5.357E-02
  2.899039E+00 5.398E-02
  2.901639E+00 5.839E-02
  2.904177E+00 6.675E-02
  2.906656E+00 7.959E-02
  2.908477E+00 9.314E-02
  2.910265E+00 1.115E-01
  2.912023E+00 1.368E-01
  2.913178E+00 1.595E-01
  2.914320E+00 1.890E-01
  2.915449E+00 2.284E-01
  2.916564E+00 2.828E-01
  2.917117E+00 3.182E-01
  2.917667E+00 3.612E-01
  2.918214E+00 4.143E-01
  2.918758E+00 4.809E-01
  2.919299E+00 5.661E-01
  2.919836E+00 6.779E-01
  2.920371E+00 8.286E-01
  2.920902E+00 1.039E+00
  2.921431E+00 1.347E+00
  2.921956E+00 1.822E+00
  2.922479E+00 2.610E+00
  2.922999E+00 4.056E+00
  2.923516E+00 7.086E+00
  2.924030E+00 1.451E+01
  2.924541E+00 3.095E+01
  2.925049E+00 2.941E+01
  2.925554E+00 1.297E+01
  2.926057E+00 6.060E+00
  2.926557E+00 3.313E+00
  2.927054E+00 2.032E+00
  2.927548E+00 1.349E+00
  2.928040E+00 9.481E-01
  2.928529E+00 6.944E-01
  2.929016E+00 5.250E-01
  2.929499E+00 4.068E-01
  2.929980E+00 3.214E-01
  2.930459E+00 2.580E-01
  2.930935E+00 2.098E-01
  2.931408E+00 1.724E-01
  2.931878E+00 1.429E-01
  2.932347E+00 1.193E-01
  2.932812E+00 1.002E-01
  2.933275E+00 8.457E-02
  2.933736E+00 7.167E-02
  2.934194E+00 6.092E-02
  2.934650E+00 5.192E-02
  2.935103E+00 4.433E-02
  2.935554E+00 3.789E-02
  2.936003E+00 3.242E-02
  2.936449E+00 2.774E-02
  2.936892E+00 2.374E-02
  2.937334E+00 2.031E-02
  2.937773E+00 1.736E-02
  2.938210E+00 1.483E-02
  2.938644E+00 1.267E-02
  2.939076E+00 1.082E-02
  2.939506E+00 9.240E-03
  2.939934E+00 7.907E-03
  2.940359E+00 6.790E-03
  2.940782E+00 5.866E-03
  2.941203E+00 5.115E-03
  2.941622E+00 4.522E-03
  2.942039E+00 4.073E-03
  2.942453E+00 3.759E-03
  2.942866E+00 3.570E-03
  2.943276E+00 3.501E-03
  2.943684E+00 3.547E-03
  2.944090E+00 3.709E-03
  2.944494E+00 3.986E-03
  2.944896E+00 4.385E-03
  2.945295E+00 4.916E-03
  2.945693E+00 5.597E-03
  2.946089E+00 6.457E-03
  2.946482E+00 7.548E-03
  2.946874E+00 8.953E-03
  2.947264E+00 1.083E-02
  2.947652E+00 1.350E-02
  2.948037E+00 1.766E-02
  2.948421E+00 2.530E-02
  2.948803E+00 4.386E-02
  2.949183E+00 1.293E-01
  2.949561E+00 2.995E+01
  2.949937E+00 7.185E-02
  2.950311E+00 1.795E-02
  2.950684E+00 1.088E-02
  2.951054E+00 9.827E-03
  2.951423E+00 1.029E-02
  2.951790E+00 1.128E-02
  2.952518E+00 1.386E-02
  2.953953E+00 2.005E-02
  2.955360E+00 2.740E-02
  2.956740E+00 3.615E-02
  2.958093E+00 4.672E-02
  2.959420E+00 5.968E-02
  2.960722E+00 7.582E-02
  2.961999E+00 9.631E-02
  2.963252E+00 1.228E-01
  2.964482E+00 1.577E-01
  2.965689E+00 2.030E-01
  2.966874E+00 2.499E-01
  2.967167E+00 2.527E-01
  2.967458E+00 2.393E-01
  2.967748E+00 1.830E-01
  2.968037E+00 1.205E-01
  2.968324E+00 1.894E+00
  2.968611E+00 1.138E+00
  2.968895E+00 1.036E+00
  2.969179E+00 1.065E+00
  2.969461E+00 1.156E+00
  2.969742E+00 1.296E+00
  2.970022E+00 1.489E+00
  2.970300E+00 1.751E+00
  2.970577E+00 2.107E+00
  2.970853E+00 2.599E+00
  2.971128E+00 3.301E+00
  2.971401E+00 4.338E+00
  2.971673E+00 5.941E+00
  2.971944E+00 8.544E+00
  2.972214E+00 1.298E+01
  2.972482E+00 2.057E+01
  2.972750E+00 3.139E+01
  2.973016E+00 3.747E+01
  2.973281E+00 3.043E+01
  2.973544E+00 2.001E+01
  2.973807E+00 1.292E+01
  2.974068E+00 8.747E+00
  2.974328E+00 6.258E+00
  2.974588E+00 4.703E+00
  2.974845E+00 3.682E+00
  2.975102E+00 2.983E+00
  2.975358E+00 2.487E+00
  2.975612E+00 2.125E+00
  2.975866E+00 1.855E+00
  2.976118E+00 1.649E+00
  2.976369E+00 1.489E+00
  2.976868E+00 1.268E+00
  2.977363E+00 1.132E+00
  2.978097E+00 1.024E+00
  2.978822E+00 9.913E-01
  2.979773E+00 1.027E+00
  2.980709E+00 1.141E+00
  2.981628E+00 1.336E+00
  2.982308E+00 1.550E+00
  2.982979E+00 1.842E+00
  2.983641E+00 2.240E+00
  2.984295E+00 2.794E+00
  2.984727E+00 3.289E+00
  2.985155E+00 3.926E+00
  2.985579E+00 4.761E+00
  2.986000E+00 5.884E+00
  2.986209E+00 6.595E+00
  2.986417E+00 7.438E+00
  2.986625E+00 8.446E+00
  2.986831E+00 9.666E+00
  2.987037E+00 1.116E+01
  2.987242E+00 1.301E+01
  2.987446E+00 1.535E+01
  2.987649E+00 1.834E+01
  2.987852E+00 2.227E+01
  2.988053E+00 2.756E+01
  2.988254E+00 3.490E+01
  2.988454E+00 4.548E+01
  2.988653E+00 6.146E+01
  2.988851E+00 8.708E+01
  2.989049E+00 1.315E+02
  2.989245E+00 2.167E+02
  2.989441E+00 4.009E+02
  2.989636E+00 8.145E+02
  2.989831E+00 1.255E+03
  2.990217E+00 4.206E+02
  2.990409E+00 2.294E+02
  2.990600E+00 1.405E+02
  2.990791E+00 9.403E+01
  2.990981E+00 6.709E+01
  2.991169E+00 5.020E+01
  2.991358E+00 3.896E+01
  2.991545E+00 3.112E+01
  2.991732E+00 2.542E+01
  2.991918E+00 2.116E+01
  2.992103E+00 1.789E+01
  2.992288E+00 1.533E+01
  2.992471E+00 1.328E+01
  2.992654E+00 1.161E+01
  2.993018E+00 9.088E+00
  2.993379E+00 7.293E+00
  2.993738E+00 5.966E+00
  2.994093E+00 4.950E+00
  2.994621E+00 3.810E+00
  2.995143E+00 2.964E+00
  2.995659E+00 2.298E+00
  2.996505E+00 1.393E+00
  2.997336E+00 5.362E-01
  2.997500E+00 3.585E-01
  2.997663E+00 1.894E-01
  2.997826E+00 5.961E-02
  2.997989E+00 6.834E-02
  2.998150E+00 5.825E-01
  2.998311E+00 3.445E+00
  2.998472E+00 2.770E+01
  2.998632E+00 8.260E+03
  2.998791E+00 5.069E+01
  2.998950E+00 1.826E+01
  2.999108E+00 1.073E+01
  2.999265E+00 7.628E+00
  2.999422E+00 5.979E+00
  2.999578E+00 4.966E+00
  2.999734E+00 4.281E+00
  2.999889E+00 3.788E+00
  3.000044E+00 3.414E+00
  3.000351E+00 2.882E+00
  3.000656E+00 2.519E+00
  3.001110E+00 2.141E+00
  3.001707E+00 1.803E+00
  3.002730E+00 1.383E+00
  3.002874E+00 1.289E+00
  3.003018E+00 1.016E+00
  3.003161E+00 2.212E+00
  3.003304E+00 1.596E+00
  3.003446E+00 1.502E+00
  3.003587E+00 1.472E+00
  3.003728E+00 1.474E+00
  3.003869E+00 1.506E+00
  3.004009E+00 1.577E+00
  3.004148E+00 1.705E+00
  3.004287E+00 1.924E+00
  3.004425E+00 2.304E+00
  3.004563E+00 2.987E+00
  3.004701E+00 4.306E+00
  3.004838E+00 7.179E+00
  3.004974E+00 1.486E+01
  3.005110E+00 4.565E+01
  3.005246E+00 4.336E+02
  3.005381E+00 2.884E+02
  3.005515E+00 5.266E+01
  3.005649E+00 2.321E+01
  3.005783E+00 1.401E+01
  3.005916E+00 9.909E+00
  3.006049E+00 7.704E+00
  3.006181E+00 6.370E+00
  3.006313E+00 5.497E+00
  3.006444E+00 4.894E+00
  3.006575E+00 4.461E+00
  3.006835E+00 3.902E+00
  3.007093E+00 3.582E+00
  3.007477E+00 3.354E+00
  3.007858E+00 3.320E+00
  3.008234E+00 3.444E+00
  3.008606E+00 3.742E+00
  3.008974E+00 4.285E+00
  3.009218E+00 4.860E+00
  3.009460E+00 5.713E+00
  3.009580E+00 6.296E+00
  3.009700E+00 7.028E+00
  3.009819E+00 7.964E+00
  3.009938E+00 9.183E+00
  3.010057E+00 1.081E+01
  3.010175E+00 1.304E+01
  3.010293E+00 1.621E+01
  3.010411E+00 2.089E+01
  3.010528E+00 2.811E+01
  3.010644E+00 3.979E+01
  3.010761E+00 5.910E+01
  3.010876E+00 8.854E+01
  3.010992E+00 1.163E+02
  3.011107E+00 1.093E+02
  3.011222E+00 7.572E+01
  3.011336E+00 4.766E+01
  3.011450E+00 3.068E+01
  3.011563E+00 2.080E+01
  3.011676E+00 1.484E+01
  3.011789E+00 1.107E+01
  3.011902E+00 8.572E+00
  3.012014E+00 6.850E+00
  3.012125E+00 5.622E+00
  3.012236E+00 4.721E+00
  3.012347E+00 4.045E+00
  3.012458E+00 3.526E+00
  3.012568E+00 3.122E+00
  3.012678E+00 2.803E+00
  3.012896E+00 2.341E+00
  3.013113E+00 2.036E+00
  3.013436E+00 1.753E+00
  3.013756E+00 1.597E+00
  3.014177E+00 1.506E+00
  3.014696E+00 1.519E+00
  3.015207E+00 1.648E+00
  3.015609E+00 1.849E+00
  3.015908E+00 2.082E+00
  3.016203E+00 2.422E+00
  3.016496E+00 2.935E+00
  3.016690E+00 3.435E+00
  3.016882E+00 4.141E+00
  3.016978E+00 4.611E+00
  3.017073E+00 5.192E+00
  3.017169E+00 5.922E+00
  3.017263E+00 6.861E+00
  3.017358E+00 8.099E+00
  3.017452E+00 9.779E+00
  3.017546E+00 1.215E+01
  3.017640E+00 1.565E+01
  3.017733E+00 2.114E+01
  3.017826E+00 3.046E+01
  3.017919E+00 4.793E+01
  3.018011E+00 8.479E+01
  3.018104E+00 1.642E+02
  3.018195E+00 2.340E+02
  3.018287E+00 1.439E+02
  3.018378E+00 6.760E+01
  3.018469E+00 3.497E+01
  3.018560E+00 2.030E+01
  3.018651E+00 1.285E+01
  3.018741E+00 8.655E+00
  3.018831E+00 6.106E+00
  3.018920E+00 4.461E+00
  3.019010E+00 3.347E+00
  3.019099E+00 2.566E+00
  3.019187E+00 2.000E+00
  3.019276E+00 1.581E+00
  3.019364E+00 1.263E+00
  3.019452E+00 1.018E+00
  3.019540E+00 8.259E-01
  3.019627E+00 6.738E-01
  3.019714E+00 5.518E-01
  3.019801E+00 4.530E-01
  3.019888E+00 3.721E-01
  3.019974E+00 3.055E-01
  3.020060E+00 2.501E-01
  3.020146E+00 2.038E-01
  3.020232E+00 1.647E-01
  3.020317E+00 1.315E-01
  3.020402E+00 1.029E-01
  3.020487E+00 7.807E-02
  3.020571E+00 5.620E-02
  3.020656E+00 3.663E-02
  3.020740E+00 1.922E-02
  3.020823E+00 6.234E-03
  3.020907E+00 2.156E-02
  3.020990E+00 8.678E-01
  3.021073E+00 1.179E+00
  3.021156E+00 2.368E-01
  3.021238E+00 1.185E-01
  3.021320E+00 7.496E-02
  3.021402E+00 5.215E-02
  3.021484E+00 3.798E-02
  3.021566E+00 2.832E-02
  3.021647E+00 2.134E-02
  3.021728E+00 1.615E-02
  3.021809E+00 1.222E-02
  3.021889E+00 9.225E-03
  3.021969E+00 6.952E-03
  3.022049E+00 5.253E-03
  3.022129E+00 4.020E-03
  3.022209E+00 3.172E-03
  3.022288E+00 2.647E-03
  3.022367E+00 2.395E-03
  3.022446E+00 2.377E-03
  3.022525E+00 2.561E-03
  3.022603E+00 2.921E-03
  3.022681E+00 3.436E-03
  3.022759E+00 4.089E-03
  3.022837E+00 4.866E-03
  3.022991E+00 6.752E-03
  3.023145E+00 9.045E-03
  3.023298E+00 1.176E-02
  3.023450E+00 1.504E-02
  3.023526E+00 1.710E-02
  3.023601E+00 2.006E-02
  3.023676E+00 3.943E-02
  3.023751E+00 1.807E-02
  3.023826E+00 2.221E-02
  3.023975E+00 2.869E-02
  3.024049E+00 3.245E-02
  3.024123E+00 3.692E-02
  3.024196E+00 4.246E-02
  3.024270E+00 4.960E-02
  3.024343E+00 5.917E-02
  3.024416E+00 7.256E-02
  3.024489E+00 9.225E-02
  3.024562E+00 1.229E-01
  3.024634E+00 1.742E-01
  3.024706E+00 2.685E-01
  3.024778E+00 4.667E-01
  3.024850E+00 9.824E-01
  3.024921E+00 2.999E+00
  3.024993E+00 2.671E+01
  3.025064E+00 1.836E+01
  3.025135E+00 3.333E+00
  3.025206E+00 1.441E+00
  3.025276E+00 8.567E-01
  3.025347E+00 5.996E-01
  3.025417E+00 4.634E-01
  3.025487E+00 3.826E-01
  3.025556E+00 3.310E-01
  3.025626E+00 2.964E-01
  3.025695E+00 2.726E-01
  3.025833E+00 2.442E-01
  3.025971E+00 2.309E-01
  3.026175E+00 2.274E-01
  3.026378E+00 2.372E-01
  3.026579E+00 2.588E-01
  3.026778E+00 2.945E-01
  3.026976E+00 3.506E-01
  3.027107E+00 4.059E-01
  3.027237E+00 4.839E-01
  3.027302E+00 5.355E-01
  3.027366E+00 5.989E-01
  3.027431E+00 6.778E-01
  3.027495E+00 7.778E-01
  3.027559E+00 9.070E-01
  3.027623E+00 1.078E+00
  3.027686E+00 1.311E+00
  3.027750E+00 1.637E+00
  3.027813E+00 2.114E+00
  3.027877E+00 2.839E+00
  3.027940E+00 3.993E+00
  3.028002E+00 5.892E+00
  3.028065E+00 8.922E+00
  3.028127E+00 1.263E+01
  3.028190E+00 1.381E+01
  3.028252E+00 1.079E+01
  3.028314E+00 7.133E+00
  3.028376E+00 4.656E+00
  3.028437E+00 3.171E+00
  3.028499E+00 2.270E+00
  3.028560E+00 1.702E+00
  3.028621E+00 1.326E+00
  3.028682E+00 1.068E+00
  3.028743E+00 8.842E-01
  3.028804E+00 7.498E-01
  3.028864E+00 6.490E-01
  3.028924E+00 5.720E-01
  3.028984E+00 5.122E-01
  3.029044E+00 4.650E-01
  3.029164E+00 3.975E-01
  3.029283E+00 3.536E-01
  3.029460E+00 3.148E-01
  3.029635E+00 2.960E-01
  3.029867E+00 2.906E-01
  3.030153E+00 3.065E-01
  3.030436E+00 3.459E-01
  3.030659E+00 3.989E-01
  3.030825E+00 4.570E-01
  3.030990E+00 5.391E-01
  3.031153E+00 6.594E-01
  3.031261E+00 7.737E-01
  3.031369E+00 9.319E-01
  3.031423E+00 1.035E+00
  3.031476E+00 1.160E+00
  3.031529E+00 1.316E+00
  3.031583E+00 1.511E+00
  3.031636E+00 1.761E+00
  3.031689E+00 2.092E+00
  3.031741E+00 2.540E+00
  3.031794E+00 3.172E+00
  3.031846E+00 4.104E+00
  3.031899E+00 5.562E+00
  3.031951E+00 8.023E+00
  3.032003E+00 1.260E+01
  3.032055E+00 2.208E+01
  3.032107E+00 4.193E+01
  3.032158E+00 5.991E+01
  3.032261E+00 1.886E+01
  3.032313E+00 9.894E+00
  3.032364E+00 5.791E+00
  3.032415E+00 3.688E+00
  3.032466E+00 2.499E+00
  3.032516E+00 1.773E+00
  3.032567E+00 1.302E+00
  3.032618E+00 9.821E-01
  3.032668E+00 7.566E-01
  3.032718E+00 5.927E-01
  3.032768E+00 4.706E-01
  3.032818E+00 3.777E-01
  3.032868E+00 3.057E-01
  3.032918E+00 2.490E-01
  3.032967E+00 2.037E-01
  3.033017E+00 1.672E-01
  3.033066E+00 1.373E-01
  3.033115E+00 1.126E-01
  3.033164E+00 9.191E-02
  3.033213E+00 7.435E-02
  3.033262E+00 5.915E-02
  3.033311E+00 4.565E-02
  3.033408E+00 2.068E-02
  3.033456E+00 7.608E-03
  3.033505E+00 2.423E-02
  3.033553E+00 5.481E-01
  3.033601E+00 9.223E-02
  3.033648E+00 5.167E-02
  3.033696E+00 3.602E-02
  3.033744E+00 2.717E-02
  3.033791E+00 2.126E-02
  3.033839E+00 1.696E-02
  3.033886E+00 1.366E-02
  3.033933E+00 1.107E-02
  3.033980E+00 9.008E-03
  3.034027E+00 7.348E-03
  3.034074E+00 6.011E-03
  3.034120E+00 4.941E-03
  3.034167E+00 4.092E-03
  3.034213E+00 3.432E-03
  3.034260E+00 2.934E-03
  3.034306E+00 2.575E-03
  3.034352E+00 2.338E-03
  3.034398E+00 2.209E-03
  3.034444E+00 2.176E-03
  3.034490E+00 2.229E-03
  3.034535E+00 2.359E-03
  3.034581E+00 2.560E-03
  3.034626E+00 2.827E-03
  3.034717E+00 3.543E-03
  3.034807E+00 4.489E-03
  3.034896E+00 5.675E-03
  3.034985E+00 7.143E-03
  3.035074E+00 9.032E-03
  3.035118E+00 1.027E-02
  3.035162E+00 1.199E-02
  3.035206E+00 1.602E-02
  3.035250E+00 6.594E-03
  3.035294E+00 1.217E-02
  3.035381E+00 1.736E-02
  3.035424E+00 2.022E-02
  3.035468E+00 2.371E-02
  3.035511E+00 2.816E-02
  3.035554E+00 3.409E-02
  3.035597E+00 4.230E-02
  3.035640E+00 5.424E-02
  3.035683E+00 7.259E-02
  3.035726E+00 1.028E-01
  3.035768E+00 1.573E-01
  3.035811E+00 2.695E-01
  3.035853E+00 5.540E-01
  3.035895E+00 1.623E+00
  3.035937E+00 1.286E+01
  3.035980E+00 1.102E+01
  3.036021E+00 1.865E+00
  3.036063E+00 7.750E-01
  3.036105E+00 4.468E-01
  3.036147E+00 3.048E-01
  3.036188E+00 2.305E-01
  3.036230E+00 1.866E-01
  3.036271E+00 1.588E-01
  3.036312E+00 1.402E-01
  3.036354E+00 1.273E-01
  3.036395E+00 1.181E-01
  3.036477E+00 1.071E-01
  3.036558E+00 1.019E-01
  3.036680E+00 1.008E-01
  3.036800E+00 1.054E-01
  3.036920E+00 1.151E-01
  3.037039E+00 1.308E-01
  3.037157E+00 1.552E-01
  3.037235E+00 1.790E-01
  3.037313E+00 2.123E-01
  3.037352E+00 2.341E-01
  3.037390E+00 2.607E-01
  3.037429E+00 2.935E-01
  3.037468E+00 3.348E-01
  3.037506E+00 3.876E-01
  3.037544E+00 4.566E-01
  3.037583E+00 5.491E-01
  3.037621E+00 6.769E-01
  3.037659E+00 8.596E-01
  3.037697E+00 1.132E+00
  3.037735E+00 1.555E+00
  3.037772E+00 2.243E+00
  3.037810E+00 3.379E+00
  3.037848E+00 5.068E+00
  3.037885E+00 6.550E+00
  3.037923E+00 6.101E+00
  3.037960E+00 4.314E+00
  3.037997E+00 2.810E+00
  3.038035E+00 1.873E+00
  3.038072E+00 1.311E+00
  3.038109E+00 9.636E-01
  3.038146E+00 7.393E-01
  3.038183E+00 5.881E-01
  3.038219E+00 4.824E-01
  3.038256E+00 4.060E-01
  3.038293E+00 3.495E-01
  3.038329E+00 3.067E-01
  3.038366E+00 2.737E-01
  3.038402E+00 2.479E-01
  3.038474E+00 2.113E-01
  3.038546E+00 1.878E-01
  3.038654E+00 1.673E-01
  3.038761E+00 1.576E-01
  3.038902E+00 1.553E-01
  3.039077E+00 1.645E-01
  3.039250E+00 1.862E-01
  3.039386E+00 2.150E-01
  3.039488E+00 2.462E-01
  3.039589E+00 2.899E-01
  3.039690E+00 3.531E-01
  3.039756E+00 4.124E-01
  3.039823E+00 4.934E-01
  3.039889E+00 6.085E-01
  3.039922E+00 6.855E-01
  3.039955E+00 7.811E-01
  3.039987E+00 9.021E-01
  3.040020E+00 1.059E+00
  3.040053E+00 1.267E+00
  3.040085E+00 1.552E+00
  3.040118E+00 1.960E+00
  3.040150E+00 2.570E+00
  3.040182E+00 3.545E+00
  3.040214E+00 5.232E+00
  3.040247E+00 8.459E+00
  3.040279E+00 1.525E+01
  3.040311E+00 2.801E+01
  3.040343E+00 3.178E+01
  3.040375E+00 1.783E+01
  3.040406E+00 8.832E+00
  3.040438E+00 4.828E+00
  3.040470E+00 2.919E+00
  3.040501E+00 1.904E+00
  3.040533E+00 1.314E+00
  3.040564E+00 9.451E-01
  3.040596E+00 7.019E-01
  3.040627E+00 5.345E-01
  3.040658E+00 4.151E-01
  3.040690E+00 3.275E-01
  3.040721E+00 2.617E-01
  3.040752E+00 2.113E-01
  3.040783E+00 1.720E-01
  3.040814E+00 1.408E-01
  3.040845E+00 1.159E-01
  3.040875E+00 9.560E-02
  3.040906E+00 7.893E-02
  3.040937E+00 6.506E-02
  3.040967E+00 5.334E-02
  3.041028E+00 3.423E-02
  3.041059E+00 2.571E-02
  3.041089E+00 1.656E-02
  3.041119E+00 4.527E-03
  3.041149E+00 1.226E+00
  3.041180E+00 5.112E-02
  3.041210E+00 3.003E-02
  3.041240E+00 2.200E-02
  3.041270E+00 1.724E-02
  3.041299E+00 1.390E-02
  3.041329E+00 1.138E-02
  3.041359E+00 9.391E-03
  3.041389E+00 7.791E-03
  3.041418E+00 6.489E-03
  3.041448E+00 5.425E-03
  3.041477E+00 4.558E-03
  3.041507E+00 3.855E-03
  3.041536E+00 3.292E-03
  3.041565E+00 2.849E-03
  3.041595E+00 2.510E-03
  3.041624E+00 2.263E-03
  3.041653E+00 2.097E-03
  3.041682E+00 2.003E-03
  3.041711E+00 1.973E-03
  3.041740E+00 2.002E-03
  3.041769E+00 2.084E-03
  3.041826E+00 2.394E-03
  3.041883E+00 2.879E-03
  3.041940E+00 3.531E-03
  3.041997E+00 4.356E-03
  3.042054E+00 5.380E-03
  3.042110E+00 6.671E-03
  3.042138E+00 7.461E-03
  3.042166E+00 8.408E-03
  3.042194E+00 9.645E-03
  3.042222E+00 1.185E-02
  3.042250E+00 4.577E-02
  3.042278E+00 1.055E-02
  3.042333E+00 1.526E-02
  3.042361E+00 1.796E-02
  3.042388E+00 2.136E-02
  3.042416E+00 2.583E-02
  3.042443E+00 3.195E-02
  3.042470E+00 4.075E-02
  3.042498E+00 5.406E-02
  3.042525E+00 7.558E-02
  3.042552E+00 1.135E-01
  3.042579E+00 1.891E-01
  3.042606E+00 3.713E-01
  3.042633E+00 9.935E-01
  3.042660E+00 5.945E+00
  3.042687E+00 1.324E+01
  3.042714E+00 1.678E+00
  3.042741E+00 6.325E-01
  3.042768E+00 3.468E-01
  3.042794E+00 2.288E-01
  3.042821E+00 1.688E-01
  3.042848E+00 1.340E-01
  3.042874E+00 1.122E-01
  3.042901E+00 9.767E-02
  3.042927E+00 8.764E-02
  3.042953E+00 8.053E-02
  3.043006E+00 7.177E-02
  3.043058E+00 6.741E-02
  3.043136E+00 6.563E-02
  3.043214E+00 6.765E-02
  3.043291E+00 7.284E-02
  3.043368E+00 8.151E-02
  3.043444E+00 9.493E-02
  3.043495E+00 1.078E-01
  3.043545E+00 1.253E-01
  3.043595E+00 1.501E-01
  3.043620E+00 1.665E-01
  3.043645E+00 1.867E-01
  3.043670E+00 2.118E-01
  3.043695E+00 2.438E-01
  3.043720E+00 2.851E-01
  3.043744E+00 3.401E-01
  3.043769E+00 4.151E-01
  3.043794E+00 5.208E-01
  3.043818E+00 6.758E-01
  3.043843E+00 9.133E-01
  3.043867E+00 1.294E+00
  3.043892E+00 1.924E+00
  3.043916E+00 2.933E+00
  3.043940E+00 4.140E+00
  3.043965E+00 4.455E+00
  3.043989E+00 3.433E+00
  3.044013E+00 2.264E+00
  3.044037E+00 1.486E+00
  3.044061E+00 1.020E+00
  3.044085E+00 7.372E-01
  3.044109E+00 5.576E-01
  3.044133E+00 4.386E-01
  3.044157E+00 3.565E-01
  3.044181E+00 2.979E-01
  3.044205E+00 2.549E-01
  3.044229E+00 2.227E-01
  3.044252E+00 1.980E-01
  3.044276E+00 1.788E-01
  3.044323E+00 1.518E-01
  3.044370E+00 1.346E-01
  3.044440E+00 1.197E-01
  3.044510E+00 1.127E-01
  3.044602E+00 1.111E-01
  3.044717E+00 1.177E-01
  3.044830E+00 1.333E-01
  3.044920E+00 1.538E-01
  3.044987E+00 1.759E-01
  3.045053E+00 2.067E-01
  3.045120E+00 2.511E-01
  3.045163E+00 2.925E-01
  3.045207E+00 3.486E-01
  3.045251E+00 4.278E-01
  3.045294E+00 5.453E-01
  3.045316E+00 6.269E-01
  3.045337E+00 7.317E-01
  3.045359E+00 8.695E-01
  3.045380E+00 1.056E+00
  3.045402E+00 1.319E+00
  3.045423E+00 1.706E+00
  3.045444E+00 2.308E+00
  3.045466E+00 3.318E+00
  3.045487E+00 5.176E+00
  3.045508E+00 8.965E+00
  3.045529E+00 1.675E+01
  3.045551E+00 2.419E+01
  3.045572E+00 1.650E+01
  3.045593E+00 8.183E+00
  3.045614E+00 4.319E+00
  3.045635E+00 2.534E+00
  3.045656E+00 1.616E+00
  3.045677E+00 1.097E+00
  3.045698E+00 7.794E-01
  3.045718E+00 5.735E-01
  3.045739E+00 4.337E-01
  3.045760E+00 3.351E-01
  3.045781E+00 2.634E-01
  3.045801E+00 2.099E-01
  3.045822E+00 1.692E-01
  3.045843E+00 1.376E-01
  3.045863E+00 1.128E-01
  3.045884E+00 9.292E-02
  3.045904E+00 7.688E-02
  3.045925E+00 6.376E-02
  3.045945E+00 5.290E-02
  3.045965E+00 4.380E-02
  3.046006E+00 2.921E-02
  3.046047E+00 1.600E-02
  3.046067E+00 5.122E-03
  3.046087E+00 8.076E-02
  3.046107E+00 2.598E-02
  3.046127E+00 1.827E-02
  3.046147E+00 1.433E-02
  3.046167E+00 1.164E-02
  3.046187E+00 9.618E-03
  3.046207E+00 8.013E-03
  3.046227E+00 6.712E-03
  3.046247E+00 5.647E-03
  3.046266E+00 4.770E-03
  3.046286E+00 4.051E-03
  3.046306E+00 3.463E-03
  3.046326E+00 2.988E-03
  3.046345E+00 2.611E-03
  3.046365E+00 2.319E-03
  3.046384E+00 2.101E-03
  3.046404E+00 1.950E-03
  3.046423E+00 1.858E-03
  3.046443E+00 1.820E-03
  3.046462E+00 1.829E-03
  3.046482E+00 1.883E-03
  3.046520E+00 2.109E-03
  3.046559E+00 2.482E-03
  3.046597E+00 2.991E-03
  3.046636E+00 3.640E-03
  3.046674E+00 4.448E-03
  3.046712E+00 5.456E-03
  3.046731E+00 6.059E-03
  3.046768E+00 7.575E-03
  3.046787E+00 8.614E-03
  3.046806E+00 1.025E-02
  3.046825E+00 1.242E-01
  3.046843E+00 1.010E-02
  3.046881E+00 1.453E-02
  3.046899E+00 1.720E-02
  3.046918E+00 2.064E-02
  3.046936E+00 2.528E-02
  3.046955E+00 3.178E-02
  3.046973E+00 4.139E-02
  3.046992E+00 5.643E-02
  3.047010E+00 8.186E-02
  3.047029E+00 1.296E-01
  3.047047E+00 2.346E-01
  3.047065E+00 5.356E-01
  3.047084E+00 2.047E+00
  3.047102E+00 2.628E+01
  3.047120E+00 2.592E+00
  3.047138E+00 7.277E-01
  3.047156E+00 3.528E-01
  3.047175E+00 2.173E-01
  3.047193E+00 1.531E-01
  3.047211E+00 1.177E-01
  3.047229E+00 9.608E-02
  3.047247E+00 8.201E-02
  3.047265E+00 7.242E-02
  3.047283E+00 6.567E-02
  3.047300E+00 6.082E-02
  3.047336E+00 5.479E-02
  3.047389E+00 5.103E-02
  3.047442E+00 5.093E-02
  3.047512E+00 5.469E-02
  3.047565E+00 6.034E-02
  3.047617E+00 6.911E-02
  3.047669E+00 8.256E-02
  3.047703E+00 9.562E-02
  3.047737E+00 1.139E-01
  3.047754E+00 1.260E-01
  3.047771E+00 1.407E-01
  3.047788E+00 1.590E-01
  3.047805E+00 1.821E-01
  3.047822E+00 2.119E-01
  3.047839E+00 2.510E-01
  3.047856E+00 3.040E-01
  3.047873E+00 3.780E-01
  3.047890E+00 4.851E-01
  3.047906E+00 6.471E-01
  3.047923E+00 9.034E-01
  3.047940E+00 1.326E+00
  3.047956E+00 2.022E+00
  3.047973E+00 2.989E+00
  3.047990E+00 3.585E+00
  3.048006E+00 3.031E+00
  3.048023E+00 2.051E+00
  3.048040E+00 1.335E+00
  3.048056E+00 9.017E-01
  3.048073E+00 6.416E-01
  3.048089E+00 4.792E-01
  3.048105E+00 3.730E-01
  3.048122E+00 3.007E-01
  3.048138E+00 2.496E-01
  3.048155E+00 2.125E-01
  3.048171E+00 1.848E-01
  3.048187E+00 1.637E-01
  3.048203E+00 1.474E-01
  3.048236E+00 1.246E-01
  3.048268E+00 1.102E-01
  3.048316E+00 9.770E-02
  3.048364E+00 9.189E-02
  3.048428E+00 9.045E-02
  3.048507E+00 9.578E-02
  3.048585E+00 1.084E-01
  3.048647E+00 1.249E-01
  3.048694E+00 1.427E-01
  3.048740E+00 1.675E-01
  3.048786E+00 2.030E-01
  3.048816E+00 2.360E-01
  3.048846E+00 2.805E-01
  3.048876E+00 3.431E-01
  3.048907E+00 4.353E-01
  3.048922E+00 4.991E-01
  3.048937E+00 5.804E-01
  3.048951E+00 6.869E-01
  3.048966E+00 8.301E-01
  3.048981E+00 1.030E+00
  3.048996E+00 1.320E+00
  3.049011E+00 1.767E+00
  3.049026E+00 2.502E+00
  3.049041E+00 3.823E+00
  3.049055E+00 6.457E+00
  3.049070E+00 1.197E+01
  3.049085E+00 1.925E+01
  3.049100E+00 1.541E+01
  3.049114E+00 7.812E+00
  3.049129E+00 4.039E+00
  3.049144E+00 2.321E+00
  3.049158E+00 1.458E+00
  3.049173E+00 9.779E-01
  3.049187E+00 6.890E-01
  3.049202E+00 5.037E-01
  3.049216E+00 3.790E-01
  3.049231E+00 2.917E-01
  3.049245E+00 2.286E-01
  3.049260E+00 1.818E-01
  3.049274E+00 1.464E-01
  3.049289E+00 1.190E-01
  3.049303E+00 9.746E-02
  3.049317E+00 8.035E-02
  3.049332E+00 6.657E-02
  3.049346E+00 5.534E-02
  3.049360E+00 4.610E-02
  3.049374E+00 3.839E-02
  3.049403E+00 2.623E-02
  3.049431E+00 1.579E-02
  3.049445E+00 6.749E-03
  3.049459E+00 3.672E-02
  3.049473E+00 1.799E-02
  3.049487E+00 1.363E-02
  3.049501E+00 1.103E-02
  3.049515E+00 9.129E-03
  3.049529E+00 7.634E-03
  3.049543E+00 6.422E-03
  3.049557E+00 5.426E-03
  3.049571E+00 4.603E-03
  3.049585E+00 3.923E-03
  3.049599E+00 3.365E-03
  3.049613E+00 2.909E-03
  3.049627E+00 2.544E-03
  3.049640E+00 2.256E-03
  3.049654E+00 2.037E-03
  3.049668E+00 1.878E-03
  3.049682E+00 1.774E-03
  3.049695E+00 1.718E-03
  3.049709E+00 1.706E-03
  3.049723E+00 1.734E-03
  3.049750E+00 1.898E-03
  3.049777E+00 2.193E-03
  3.049804E+00 2.609E-03
  3.049831E+00 3.147E-03
  3.049858E+00 3.818E-03
  3.049885E+00 4.650E-03
  3.049911E+00 5.702E-03
  3.049925E+00 6.343E-03
  3.049938E+00 7.098E-03
  3.049951E+00 8.033E-03
  3.049965E+00 9.403E-03
  3.049978E+00 3.039E-02
  3.049991E+00 9.903E-03
  3.050017E+00 1.415E-02
  3.050031E+00 1.682E-02
  3.050044E+00 2.033E-02
  3.050057E+00 2.512E-02
  3.050070E+00 3.197E-02
  3.050083E+00 4.230E-02
  3.050096E+00 5.893E-02
  3.050109E+00 8.809E-02
  3.050122E+00 1.459E-01
  3.050135E+00 2.848E-01
  3.050148E+00 7.572E-01
  3.050161E+00 4.509E+00
  3.050174E+00 9.467E+00
  3.050187E+00 1.217E+00
  3.050199E+00 4.558E-01
  3.050212E+00 2.477E-01
  3.050225E+00 1.619E-01
  3.050238E+00 1.183E-01
  3.050251E+00 9.311E-02
  3.050264E+00 7.729E-02
  3.050276E+00 6.677E-02
  3.050289E+00 5.948E-02
  3.050314E+00 5.054E-02
  3.050340E+00 4.584E-02
  3.050365E+00 4.351E-02
  3.050403E+00 4.270E-02
  3.050453E+00 4.502E-02
  3.050502E+00 5.083E-02
  3.050539E+00 5.807E-02
  3.050576E+00 6.911E-02
  3.050600E+00 7.978E-02
  3.050613E+00 8.657E-02
  3.050637E+00 1.044E-01
  3.050649E+00 1.163E-01
  3.050661E+00 1.310E-01
  3.050673E+00 1.494E-01
  3.050685E+00 1.731E-01
  3.050697E+00 2.041E-01
  3.050710E+00 2.457E-01
  3.050722E+00 3.033E-01
  3.050734E+00 3.859E-01
  3.050746E+00 5.096E-01
  3.050758E+00 7.032E-01
  3.050769E+00 1.020E+00
  3.050781E+00 1.548E+00
  3.050793E+00 2.341E+00
  3.050805E+00 3.029E+00
  3.050817E+00 2.793E+00
  3.050829E+00 1.955E+00
  3.050841E+00 1.269E+00
  3.050853E+00 8.468E-01
  3.050864E+00 5.949E-01
  3.050876E+00 4.394E-01
  3.050888E+00 3.390E-01
  3.050900E+00 2.713E-01
  3.050911E+00 2.239E-01
  3.050923E+00 1.896E-01
  3.050935E+00 1.643E-01
  3.050946E+00 1.451E-01
  3.050958E+00 1.303E-01
  3.050981E+00 1.097E-01
  3.051005E+00 9.669E-02
  3.051028E+00 8.842E-02
  3.051062E+00 8.155E-02
  3.051108E+00 7.881E-02
  3.051153E+00 8.093E-02
  3.051210E+00 8.920E-02
  3.051266E+00 1.045E-01
  3.051310E+00 1.240E-01
  3.051344E+00 1.453E-01
  3.051377E+00 1.758E-01
  3.051398E+00 2.040E-01
  3.051420E+00 2.421E-01
  3.051442E+00 2.954E-01
  3.051453E+00 3.305E-01
  3.051464E+00 3.736E-01
  3.051475E+00 4.273E-01
  3.051486E+00 4.958E-01
  3.051496E+00 5.849E-01
  3.051507E+00 7.044E-01
  3.051518E+00 8.698E-01
  3.051529E+00 1.109E+00
  3.051539E+00 1.472E+00
  3.051550E+00 2.063E+00
  3.051561E+00 3.110E+00
  3.051572E+00 5.160E+00
  3.051582E+00 9.459E+00
  3.051593E+00 1.609E+01
  3.051604E+00 1.458E+01
  3.051614E+00 7.617E+00
  3.051625E+00 3.886E+00
  3.051635E+00 2.199E+00
  3.051646E+00 1.365E+00
  3.051657E+00 9.074E-01
  3.051667E+00 6.351E-01
  3.051678E+00 4.620E-01
  3.051688E+00 3.463E-01
  3.051699E+00 2.657E-01
  3.051709E+00 2.078E-01
  3.051720E+00 1.649E-01
  3.051730E+00 1.326E-01
  3.051740E+00 1.077E-01
  3.051751E+00 8.816E-02
  3.051761E+00 7.269E-02
  3.051772E+00 6.026E-02
  3.051782E+00 5.016E-02
  3.051792E+00 4.187E-02
  3.051813E+00 2.921E-02
  3.051823E+00 2.428E-02
  3.051844E+00 1.555E-02
  3.051854E+00 8.449E-03
  3.051864E+00 2.390E-02
  3.051875E+00 1.426E-02
  3.051885E+00 1.126E-02
  3.051895E+00 9.281E-03
  3.051905E+00 7.763E-03
  3.051915E+00 6.539E-03
  3.051936E+00 4.701E-03
  3.051946E+00 4.010E-03
  3.051956E+00 3.438E-03
  3.051966E+00 2.969E-03
  3.051976E+00 2.587E-03
  3.051986E+00 2.282E-03
  3.051996E+00 2.045E-03
  3.052006E+00 1.866E-03
  3.052025E+00 1.669E-03
  3.055385E+00 1.885E+00
  3.062015E+00 1.477E+00
  3.062025E+00 1.597E+00
  3.066143E+00 1.410E+00
  3.070215E+00 1.256E+00
  3.078225E+00 1.022E+00
  3.086060E+00 8.529E-01
  3.097497E+00 6.738E-01
  3.108569E+00 5.497E-01
  3.119291E+00 4.596E-01
  3.133068E+00 3.730E-01
  3.149500E+00 2.987E-01
  3.168138E+00 2.393E-01
  3.188509E+00 1.936E-01
  3.210139E+00 1.592E-01
  3.234952E+00 1.312E-01
  3.263959E+00 1.082E-01
  3.297167E+00 9.027E-02
  3.319505E+00 8.346E-02
  3.330577E+00 8.422E-02
  3.336630E+00 8.819E-02
  3.341045E+00 9.513E-02
  3.343930E+00 1.038E-01
  3.345356E+00 1.103E-01
  3.346771E+00 1.194E-01
  3.348175E+00 1.323E-01
  3.349567E+00 1.515E-01
  3.350950E+00 1.813E-01
  3.352321E+00 2.273E-01
  3.353682E+00 2.878E-01
  3.355032E+00 3.275E-01
  3.356372E+00 3.056E-01
  3.357702E+00 2.593E-01
  3.359022E+00 2.284E-01
  3.360332E+00 2.168E-01
  3.361631E+00 2.196E-01
  3.362921E+00 2.335E-01
  3.364202E+00 2.575E-01
  3.365472E+00 2.925E-01
  3.366733E+00 3.405E-01
  3.367985E+00 4.048E-01
  3.369227E+00 4.896E-01
  3.370460E+00 5.994E-01
  3.371684E+00 7.368E-01
  3.374105E+00 1.065E+00
  3.375301E+00 1.203E+00
  3.376490E+00 1.271E+00
  3.377669E+00 1.250E+00
  3.378840E+00 1.157E+00
  3.382301E+00 7.668E-01
  3.383438E+00 6.615E-01
  3.384567E+00 5.746E-01
  3.385688E+00 5.037E-01
  3.386800E+00 4.460E-01
  3.387905E+00 3.987E-01
  3.390091E+00 3.275E-01
  3.392245E+00 2.776E-01
  3.395420E+00 2.271E-01
  3.398528E+00 1.939E-01
  3.402572E+00 1.650E-01
  3.407472E+00 1.428E-01
  3.412205E+00 1.301E-01
  3.416781E+00 1.252E-01
  3.420332E+00 1.280E-01
  3.422934E+00 1.362E-01
  3.425485E+00 1.523E-01
  3.427986E+00 1.782E-01
  3.432844E+00 2.472E-01
  3.433635E+00 2.532E-01
  3.434422E+00 2.536E-01
  3.435203E+00 2.474E-01
  3.436751E+00 2.196E-01
  3.439036E+00 1.719E-01
  3.440535E+00 1.484E-01
  3.442749E+00 1.249E-01
  3.444921E+00 1.101E-01
  3.448453E+00 9.508E-02
  3.453219E+00 8.292E-02
  3.460932E+00 7.091E-02
  3.470963E+00 6.114E-02
  3.476948E+00 5.867E-02
  3.480060E+00 6.022E-02
  3.482077E+00 6.397E-02
  3.483561E+00 6.978E-02
  3.484537E+00 7.630E-02
  3.485502E+00 8.663E-02
  3.485981E+00 9.408E-02
  3.486457E+00 1.038E-01
  3.486931E+00 1.168E-01
  3.487402E+00 1.344E-01
  3.487870E+00 1.586E-01
  3.488336E+00 1.925E-01
  3.488799E+00 2.390E-01
  3.489719E+00 3.590E-01
  3.490175E+00 3.898E-01
  3.490628E+00 3.643E-01
  3.491528E+00 2.352E-01
  3.491974E+00 1.847E-01
  3.492418E+00 1.498E-01
  3.492860E+00 1.267E-01
  3.493299E+00 1.117E-01
  3.493736E+00 1.022E-01
  3.494171E+00 9.666E-02
  3.494603E+00 9.407E-02
  3.495033E+00 9.381E-02
  3.495461E+00 9.556E-02
  3.496310E+00 1.048E-01
  3.496731E+00 1.124E-01
  3.497150E+00 1.225E-01
  3.497567E+00 1.354E-01
  3.497982E+00 1.519E-01
  3.498394E+00 1.730E-01
  3.498805E+00 2.001E-01
  3.499213E+00 2.352E-01
  3.499619E+00 2.811E-01
  3.500023E+00 3.415E-01
  3.500425E+00 4.207E-01
  3.500825E+00 5.232E-01
  3.501223E+00 6.493E-01
  3.502013E+00 9.134E-01
  3.502405E+00 9.838E-01
  3.502795E+00 9.790E-01
  3.503183E+00 9.170E-01
  3.503569E+00 8.369E-01
  3.503953E+00 7.747E-01
  3.504335E+00 7.828E-01
  3.504715E+00 1.708E+00
  3.505093E+00 6.643E-01
  3.505469E+00 5.113E-01
  3.505844E+00 5.085E-01
  3.506216E+00 5.231E-01
  3.506587E+00 5.491E-01
  3.506956E+00 5.862E-01
  3.507323E+00 6.350E-01
  3.507688E+00 6.966E-01
  3.508051E+00 7.728E-01
  3.508413E+00 8.657E-01
  3.508773E+00 9.780E-01
  3.509131E+00 1.113E+00
  3.509487E+00 1.276E+00
  3.509841E+00 1.470E+00
  3.510194E+00 1.701E+00
  3.510545E+00 1.974E+00
  3.510895E+00 2.295E+00
  3.511588E+00 3.088E+00
  3.512955E+00 5.065E+00
  3.513293E+00 5.719E+00
  3.513629E+00 1.192E+01
  3.513963E+00 4.748E+00
  3.514296E+00 4.919E+00
  3.514627E+00 4.820E+00
  3.515284E+00 4.324E+00
  3.516580E+00 3.161E+00
  3.517537E+00 2.493E+00
  3.518479E+00 2.014E+00
  3.519408E+00 1.673E+00
  3.520325E+00 1.425E+00
  3.521527E+00 1.191E+00
  3.522998E+00 9.954E-01
  3.524719E+00 8.439E-01
  3.526669E+00 7.342E-01
  3.528823E+00 6.634E-01
  3.530901E+00 6.371E-01
  3.532412E+00 6.514E-01
  3.533641E+00 7.005E-01
  3.534606E+00 7.849E-01
  3.535318E+00 8.950E-01
  3.535788E+00 1.004E+00
  3.536254E+00 1.153E+00
  3.536715E+00 1.357E+00
  3.537173E+00 1.634E+00
  3.537627E+00 2.001E+00
  3.538078E+00 2.472E+00
  3.538746E+00 3.290E+00
  3.538967E+00 3.515E+00
  3.539187E+00 3.664E+00
  3.539406E+00 3.715E+00
  3.539624E+00 3.664E+00
  3.540057E+00 3.338E+00
  3.540914E+00 2.503E+00
  3.541546E+00 2.057E+00
  3.542172E+00 1.765E+00
  3.542789E+00 1.576E+00
  3.543600E+00 1.424E+00
  3.544399E+00 1.344E+00
  3.544793E+00 1.355E+00
  3.544989E+00 1.738E+00
  3.545184E+00 2.463E+00
  3.545379E+00 1.451E+00
  3.545572E+00 1.372E+00
  3.546148E+00 1.341E+00
  3.547280E+00 1.396E+00
  3.548385E+00 1.535E+00
  3.549287E+00 1.734E+00
  3.549995E+00 1.982E+00
  3.550519E+00 2.256E+00
  3.551037E+00 2.658E+00
  3.551379E+00 3.044E+00
  3.551718E+00 3.585E+00
  3.551887E+00 3.944E+00
  3.552055E+00 4.386E+00
  3.552222E+00 4.943E+00
  3.552389E+00 5.658E+00
  3.552555E+00 6.599E+00
  3.552721E+00 7.874E+00
  3.552886E+00 9.659E+00
  3.553050E+00 1.226E+01
  3.553213E+00 1.622E+01
  3.553376E+00 2.253E+01
  3.553539E+00 3.293E+01
  3.553701E+00 4.951E+01
  3.553862E+00 6.949E+01
  3.554022E+00 7.535E+01
  3.554182E+00 5.920E+01
  3.554341E+00 4.007E+01
  3.554500E+00 2.718E+01
  3.554658E+00 1.947E+01
  3.554816E+00 1.483E+01
  3.554973E+00 1.196E+01
  3.555129E+00 1.014E+01
  3.555285E+00 8.975E+00
  3.555440E+00 8.248E+00
  3.555595E+00 7.831E+00
  3.555749E+00 7.651E+00
  3.555902E+00 7.663E+00
  3.556207E+00 8.176E+00
  3.556510E+00 9.244E+00
  3.557110E+00 1.192E+01
  3.557406E+00 1.280E+01
  3.557553E+00 1.344E+01
  3.557700E+00 1.490E+01
  3.557846E+00 1.893E+01
  3.557992E+00 3.322E+01
  3.558137E+00 1.452E+02
  3.558282E+00 5.276E+02
  3.558426E+00 4.181E+02
  3.558570E+00 2.870E+01
  3.558713E+00 1.765E+01
  3.558855E+00 1.432E+01
  3.558997E+00 1.305E+01
  3.559139E+00 1.272E+01
  3.559280E+00 1.297E+01
  3.559420E+00 1.371E+01
  3.559560E+00 1.496E+01
  3.559700E+00 1.686E+01
  3.559839E+00 1.973E+01
  3.559977E+00 2.419E+01
  3.560115E+00 3.163E+01
  3.560253E+00 4.545E+01
  3.560390E+00 7.512E+01
  3.560526E+00 1.384E+02
  3.560662E+00 1.306E+02
  3.560798E+00 4.064E+01
  3.560933E+00 1.179E+01
  3.561068E+00 4.028E+00
  3.561202E+00 1.932E+00
  3.561335E+00 1.674E+00
  3.561469E+00 2.114E+00
  3.561601E+00 2.839E+00
  3.561733E+00 3.649E+00
  3.561865E+00 4.385E+00
  3.561996E+00 4.833E+00
  3.562127E+00 4.645E+00
  3.562258E+00 3.437E+00
  3.562387E+00 2.028E+00
  3.562517E+00 4.162E+00
  3.562646E+00 9.629E+00
  3.562774E+00 1.405E+01
  3.562903E+00 1.655E+01
  3.563030E+00 1.770E+01
  3.563157E+00 1.792E+01
  3.563284E+00 1.753E+01
  3.563536E+00 1.567E+01
  3.564035E+00 1.104E+01
  3.564282E+00 9.101E+00
  3.564527E+00 7.531E+00
  3.564771E+00 6.283E+00
  3.565133E+00 4.880E+00
  3.565492E+00 3.886E+00
  3.565846E+00 3.170E+00
  3.566198E+00 2.647E+00
  3.566660E+00 2.156E+00
  3.567117E+00 1.831E+00
  3.567567E+00 1.626E+00
  3.568012E+00 1.519E+00
  3.568450E+00 1.505E+00
  3.568883E+00 1.592E+00
  3.569310E+00 1.791E+00
  3.569836E+00 2.176E+00
  3.570250E+00 2.582E+00
  3.570456E+00 2.881E+00
  3.570558E+00 3.090E+00
  3.570660E+00 3.386E+00
  3.570761E+00 3.981E+00
  3.570862E+00 8.957E+00
  3.570963E+00 5.760E+00
  3.571064E+00 3.652E+00
  3.571363E+00 3.312E+00
  3.571660E+00 2.633E+00
  3.571953E+00 1.957E+00
  3.572148E+00 1.608E+00
  3.572341E+00 1.339E+00
  3.572533E+00 1.133E+00
  3.572818E+00 9.090E-01
  3.573101E+00 7.527E-01
  3.573381E+00 6.406E-01
  3.573750E+00 5.355E-01
  3.574206E+00 4.494E-01
  3.574654E+00 3.961E-01
  3.575095E+00 3.678E-01
  3.575443E+00 3.636E-01
  3.575701E+00 3.760E-01
  3.575872E+00 3.973E-01
  3.576042E+00 4.401E-01
  3.576127E+00 4.796E-01
  3.576211E+00 5.503E-01
  3.576295E+00 7.261E-01
  3.576379E+00 2.148E+00
  3.576462E+00 4.470E-01
  3.576545E+00 3.409E-01
  3.576711E+00 5.235E-01
  3.576794E+00 6.377E-01
  3.576876E+00 7.909E-01
  3.576958E+00 1.010E+00
  3.577040E+00 1.332E+00
  3.577121E+00 1.785E+00
  3.577283E+00 2.778E+00
  3.577364E+00 5.549E+00
  3.577445E+00 4.720E+00
  3.577525E+00 1.304E+00
  3.577605E+00 6.410E-01
  3.577685E+00 3.880E-01
  3.577764E+00 2.615E-01
  3.577844E+00 1.896E-01
  3.577923E+00 1.454E-01
  3.578002E+00 1.168E-01
  3.578080E+00 9.742E-02
  3.578159E+00 8.393E-02
  3.578237E+00 7.425E-02
  3.578315E+00 6.710E-02
  3.578470E+00 5.740E-02
  3.578854E+00 4.096E-02
  3.579157E+00 2.326E-02
  3.579232E+00 2.029E-02
  3.579307E+00 1.920E-02
  3.579382E+00 2.106E-02
  3.579456E+00 2.842E-02
  3.579531E+00 4.842E-02
  3.579605E+00 1.046E-01
  3.579679E+00 3.018E-01
  3.579752E+00 1.525E+00
  3.579826E+00 4.831E+01
  3.579899E+00 2.966E+00
  3.579972E+00 9.987E-01
  3.580045E+00 5.874E-01
  3.580118E+00 4.364E-01
  3.580190E+00 3.697E-01
  3.580262E+00 3.418E-01
  3.580334E+00 3.378E-01
  3.580406E+00 3.530E-01
  3.580477E+00 3.880E-01
  3.580549E+00 4.470E-01
  3.580620E+00 5.357E-01
  3.580762E+00 7.577E-01
  3.580832E+00 7.520E-01
  3.580903E+00 5.915E-01
  3.580973E+00 3.943E-01
  3.581043E+00 2.539E-01
  3.581112E+00 1.738E-01
  3.581182E+00 1.339E-01
  3.581251E+00 1.188E-01
  3.581320E+00 1.201E-01
  3.581389E+00 1.336E-01
  3.581458E+00 1.570E-01
  3.581527E+00 1.890E-01
  3.581663E+00 2.700E-01
  3.581799E+00 3.490E-01
  3.581867E+00 3.765E-01
  3.581934E+00 3.919E-01
  3.582001E+00 3.955E-01
  3.582135E+00 3.755E-01
  3.582532E+00 2.615E-01
  3.582728E+00 2.175E-01
  3.582922E+00 1.869E-01
  3.582987E+00 1.821E-01
  3.583051E+00 1.847E-01
  3.583115E+00 2.047E-01
  3.583179E+00 2.733E-01
  3.583243E+00 4.862E-01
  3.583306E+00 9.744E-01
  3.583370E+00 1.144E+00
  3.583433E+00 8.430E-01
  3.583496E+00 6.208E-01
  3.583559E+00 4.984E-01
  3.583621E+00 4.280E-01
  3.583684E+00 3.846E-01
  3.583746E+00 3.564E-01
  3.583870E+00 3.252E-01
  3.584055E+00 3.106E-01
  3.584239E+00 3.176E-01
  3.584421E+00 3.417E-01
  3.584601E+00 3.837E-01
  3.584780E+00 4.466E-01
  3.585016E+00 5.665E-01
  3.585366E+00 7.707E-01
  3.585710E+00 8.904E-01
  3.585824E+00 9.610E-01
  3.585880E+00 1.019E+00
  3.585936E+00 1.106E+00
  3.585993E+00 1.262E+00
  3.586049E+00 1.855E+00
  3.586105E+00 6.562E+00
  3.586160E+00 1.248E+00
  3.586216E+00 1.241E+00
  3.586327E+00 1.263E+00
  3.586437E+00 1.181E+00
  3.586710E+00 8.089E-01
  3.586872E+00 6.354E-01
  3.587033E+00 5.157E-01
  3.587192E+00 4.346E-01
  3.587351E+00 3.796E-01
  3.587560E+00 3.333E-01
  3.587767E+00 3.090E-01
  3.587972E+00 3.031E-01
  3.588124E+00 3.122E-01
  3.588275E+00 3.383E-01
  3.588375E+00 3.711E-01
  3.588475E+00 4.262E-01
  3.588524E+00 4.678E-01
  3.588574E+00 5.248E-01
  3.588623E+00 6.058E-01
  3.588672E+00 7.266E-01
  3.588721E+00 9.196E-01
  3.588770E+00 1.256E+00
  3.588819E+00 1.902E+00
  3.588868E+00 3.127E+00
  3.588916E+00 4.214E+00
  3.588965E+00 3.476E+00
  3.589013E+00 3.037E+00
  3.589061E+00 4.143E+00
  3.589110E+00 6.792E+00
  3.589158E+00 3.792E+00
  3.589205E+00 1.254E+00
  3.589253E+00 5.083E-01
  3.589301E+00 2.527E-01
  3.589348E+00 1.513E-01
  3.589396E+00 1.134E-01
  3.589443E+00 1.121E-01
  3.589490E+00 1.453E-01
  3.589537E+00 2.292E-01
  3.589584E+00 3.898E-01
  3.589631E+00 5.712E-01
  3.589677E+00 5.589E-01
  3.589724E+00 4.035E-01
  3.589770E+00 2.755E-01
  3.589817E+00 1.967E-01
  3.589863E+00 1.491E-01
  3.589909E+00 1.191E-01
  3.589955E+00 9.933E-02
  3.590001E+00 8.574E-02
  3.590047E+00 7.606E-02
  3.590092E+00 6.898E-02
  3.590183E+00 5.963E-02
  3.590274E+00 5.408E-02
  3.590408E+00 4.959E-02
  3.590675E+00 4.609E-02
  3.590763E+00 4.283E-02
  3.590807E+00 3.961E-02
  3.590851E+00 3.526E-02
  3.590938E+00 2.505E-02
  3.590982E+00 2.051E-02
  3.591025E+00 1.712E-02
  3.591068E+00 1.557E-02
  3.591111E+00 1.745E-02
  3.591154E+00 2.734E-02
  3.591197E+00 6.050E-02
  3.591240E+00 1.844E-01
  3.591283E+00 9.455E-01
  3.591325E+00 2.957E+01
  3.591368E+00 2.386E+00
  3.591410E+00 7.618E-01
  3.591452E+00 4.323E-01
  3.591495E+00 3.084E-01
  3.591537E+00 2.486E-01
  3.591579E+00 2.167E-01
  3.591620E+00 1.998E-01
  3.591662E+00 1.922E-01
  3.591746E+00 1.900E-01
  3.591787E+00 1.841E-01
  3.591828E+00 1.673E-01
  3.591911E+00 1.227E-01
  3.591952E+00 1.082E-01
  3.591993E+00 9.960E-02
  3.592034E+00 9.551E-02
  3.592075E+00 9.473E-02
  3.592115E+00 9.664E-02
  3.592156E+00 1.011E-01
  3.592196E+00 1.081E-01
  3.592237E+00 1.179E-01
  3.592317E+00 1.460E-01
  3.592397E+00 1.794E-01
  3.592437E+00 1.926E-01
  3.592477E+00 2.001E-01
  3.592517E+00 2.012E-01
  3.592596E+00 1.889E-01
  3.592753E+00 1.526E-01
  3.592870E+00 1.346E-01
  3.592986E+00 1.246E-01
  3.593102E+00 1.209E-01
  3.593178E+00 1.232E-01
  3.593216E+00 1.276E-01
  3.593254E+00 1.367E-01
  3.593292E+00 1.567E-01
  3.593330E+00 2.026E-01
  3.593367E+00 2.974E-01
  3.593405E+00 3.838E-01
  3.593443E+00 3.478E-01
  3.593480E+00 2.843E-01
  3.593517E+00 2.448E-01
  3.593555E+00 2.236E-01
  3.593592E+00 2.128E-01
  3.593666E+00 2.074E-01
  3.593740E+00 2.137E-01
  3.593850E+00 2.376E-01
  3.593959E+00 2.779E-01
  3.594068E+00 3.369E-01
  3.594175E+00 4.162E-01
  3.594354E+00 5.618E-01
  3.594459E+00 6.099E-01
  3.594669E+00 6.307E-01
  3.594738E+00 6.718E-01
  3.594773E+00 7.092E-01
  3.594807E+00 7.632E-01
  3.594841E+00 8.465E-01
  3.594876E+00 1.025E+00
  3.594910E+00 3.134E+00
  3.594944E+00 1.046E+00
  3.594978E+00 8.814E-01
  3.595046E+00 9.069E-01
  3.595113E+00 8.624E-01
  3.595314E+00 5.697E-01
  3.595413E+00 4.625E-01
  3.595512E+00 3.900E-01
  3.595610E+00 3.426E-01
  3.595707E+00 3.132E-01
  3.595836E+00 2.956E-01
  3.595932E+00 2.978E-01
  3.596027E+00 3.168E-01
  3.596090E+00 3.438E-01
  3.596153E+00 3.905E-01
  3.596185E+00 4.260E-01
  3.596216E+00 4.742E-01
  3.596247E+00 5.417E-01
  3.596278E+00 6.391E-01
  3.596309E+00 7.855E-01
  3.596340E+00 1.014E+00
  3.596371E+00 1.371E+00
  3.596402E+00 1.874E+00
  3.596433E+00 2.288E+00
  3.596463E+00 2.170E+00
  3.596494E+00 1.713E+00
  3.596525E+00 1.365E+00
  3.596555E+00 1.225E+00
  3.596586E+00 1.275E+00
  3.596616E+00 1.547E+00
  3.596646E+00 2.184E+00
  3.596707E+00 4.614E+00
  3.596737E+00 3.174E+00
  3.596767E+00 1.503E+00
  3.596797E+00 7.381E-01
  3.596827E+00 4.035E-01
  3.596857E+00 2.421E-01
  3.596887E+00 1.566E-01
  3.596916E+00 1.084E-01
  3.596946E+00 8.104E-02
  3.596976E+00 6.765E-02
  3.597005E+00 6.786E-02
  3.597035E+00 8.921E-02
  3.597064E+00 1.531E-01
  3.597093E+00 2.672E-01
  3.597123E+00 3.027E-01
  3.597152E+00 2.306E-01
  3.597181E+00 1.654E-01
  3.597210E+00 1.254E-01
  3.597239E+00 1.010E-01
  3.597268E+00 8.539E-02
  3.597297E+00 7.483E-02
  3.597326E+00 6.735E-02
  3.597355E+00 6.188E-02
  3.597412E+00 5.457E-02
  3.597498E+00 4.853E-02
  3.597611E+00 4.495E-02
  3.597807E+00 4.402E-02
  3.597835E+00 4.318E-02
  3.597863E+00 4.139E-02
  3.597890E+00 3.838E-02
  3.597918E+00 3.417E-02
  3.597973E+00 2.423E-02
  3.598000E+00 1.977E-02
  3.598028E+00 1.633E-02
  3.598055E+00 1.456E-02
  3.598082E+00 1.603E-02
  3.598110E+00 2.531E-02
  3.598137E+00 5.793E-02
  3.598164E+00 1.851E-01
  3.598191E+00 1.033E+00
  3.598218E+00 2.915E+01
  3.598245E+00 1.898E+00
  3.598272E+00 6.545E-01
  3.598298E+00 3.777E-01
  3.598325E+00 2.687E-01
  3.598352E+00 2.133E-01
  3.598378E+00 1.810E-01
  3.598405E+00 1.602E-01
  3.598458E+00 1.334E-01
  3.598511E+00 1.119E-01
  3.598537E+00 1.039E-01
  3.598563E+00 9.875E-02
  3.598616E+00 9.452E-02
  3.598668E+00 9.555E-02
  3.598720E+00 1.011E-01
  3.598771E+00 1.124E-01
  3.598823E+00 1.308E-01
  3.598874E+00 1.526E-01
  3.598900E+00 1.607E-01
  3.598925E+00 1.641E-01
  3.598951E+00 1.622E-01
  3.599027E+00 1.391E-01
  3.599102E+00 1.186E-01
  3.599177E+00 1.077E-01
  3.599252E+00 1.036E-01
  3.599326E+00 1.044E-01
  3.599376E+00 1.084E-01
  3.599400E+00 1.123E-01
  3.599425E+00 1.189E-01
  3.599449E+00 1.307E-01
  3.599473E+00 1.532E-01
  3.599522E+00 2.286E-01
  3.599546E+00 2.228E-01
  3.599571E+00 1.996E-01
  3.599595E+00 1.836E-01
  3.599619E+00 1.760E-01
  3.599643E+00 1.738E-01
  3.599691E+00 1.788E-01
  3.599762E+00 2.012E-01
  3.599833E+00 2.390E-01
  3.599904E+00 2.942E-01
  3.599974E+00 3.681E-01
  3.600068E+00 4.762E-01
  3.600114E+00 5.142E-01
  3.600160E+00 5.302E-01
  3.600297E+00 5.181E-01
  3.600342E+00 5.412E-01
  3.600388E+00 6.005E-01
  3.600410E+00 6.504E-01
  3.600433E+00 7.263E-01
  3.600455E+00 8.909E-01
  3.600477E+00 3.318E+00
  3.600500E+00 8.444E-01
  3.600522E+00 7.426E-01
  3.600566E+00 7.618E-01
  3.600611E+00 7.214E-01
  3.600743E+00 4.844E-01
  3.600808E+00 4.001E-01
  3.600873E+00 3.440E-01
  3.600938E+00 3.090E-01
  3.601002E+00 2.900E-01
  3.601066E+00 2.852E-01
  3.601129E+00 2.959E-01
  3.601171E+00 3.150E-01
  3.601213E+00 3.492E-01
  3.601234E+00 3.751E-01
  3.601255E+00 4.096E-01
  3.601276E+00 4.564E-01
  3.601297E+00 5.213E-01
  3.601317E+00 6.134E-01
  3.601338E+00 7.471E-01
  3.601359E+00 9.434E-01
  3.601379E+00 1.220E+00
  3.601400E+00 1.543E+00
  3.601421E+00 1.743E+00
  3.601441E+00 1.640E+00
  3.601482E+00 1.114E+00
  3.601502E+00 9.793E-01
  3.601523E+00 9.521E-01
  3.601543E+00 1.031E+00
  3.601563E+00 1.248E+00
  3.601584E+00 1.693E+00
  3.601604E+00 2.536E+00
  3.601624E+00 3.688E+00
  3.601644E+00 3.553E+00
  3.601664E+00 2.056E+00
  3.601684E+00 1.056E+00
  3.601704E+00 5.796E-01
  3.601724E+00 3.475E-01
  3.601744E+00 2.246E-01
  3.601764E+00 1.543E-01
  3.601784E+00 1.116E-01
  3.601804E+00 8.470E-02
  3.601824E+00 6.795E-02
  3.601844E+00 5.934E-02
  3.601863E+00 6.056E-02
  3.601883E+00 8.050E-02
  3.601903E+00 1.404E-01
  3.601922E+00 2.232E-01
  3.601942E+00 2.129E-01
  3.601961E+00 1.580E-01
  3.601981E+00 1.192E-01
  3.602000E+00 9.566E-02
  3.602020E+00 8.091E-02
  3.602039E+00 7.110E-02
  3.602058E+00 6.423E-02
  3.602097E+00 5.543E-02
  3.602136E+00 5.019E-02
  3.602193E+00 4.564E-02
  3.602269E+00 4.278E-02
  3.602363E+00 4.239E-02
  3.602419E+00 4.242E-02
  3.602438E+00 4.155E-02
  3.602457E+00 3.967E-02
  3.602475E+00 3.654E-02
  3.602494E+00 3.231E-02
  3.602531E+00 2.272E-02
  3.602549E+00 1.853E-02
  3.602568E+00 1.539E-02
  3.602586E+00 1.402E-02
  3.602604E+00 1.629E-02
  3.602623E+00 2.775E-02
  3.602641E+00 6.813E-02
  3.602659E+00 2.359E-01
  3.602677E+00 1.615E+00
  3.602696E+00 1.614E+01
  3.602714E+00 1.383E+00
  3.602732E+00 5.532E-01
  3.602750E+00 3.350E-01
  3.602768E+00 2.427E-01
  3.602786E+00 1.935E-01
  3.602804E+00 1.634E-01
  3.602822E+00 1.430E-01
  3.602840E+00 1.282E-01
  3.602858E+00 1.174E-01
  3.602876E+00 1.099E-01
  3.602893E+00 1.050E-01
  3.602929E+00 1.002E-01
  3.602982E+00 9.963E-02
  3.603017E+00 1.035E-01
  3.603052E+00 1.119E-01
  3.603087E+00 1.259E-01
  3.603139E+00 1.497E-01
  3.603157E+00 1.519E-01
  3.603174E+00 1.492E-01
  3.603260E+00 1.114E-01
  3.603311E+00 9.984E-02
  3.603362E+00 9.577E-02
  3.603430E+00 9.763E-02
  3.603480E+00 1.054E-01
  3.603497E+00 1.107E-01
  3.603514E+00 1.193E-01
  3.603530E+00 1.336E-01
  3.603564E+00 1.771E-01
  3.603580E+00 1.780E-01
  3.603613E+00 1.601E-01
  3.603630E+00 1.575E-01
  3.603663E+00 1.620E-01
  3.603712E+00 1.834E-01
  3.603761E+00 2.193E-01
  3.603809E+00 2.719E-01
  3.603858E+00 3.421E-01
  3.603922E+00 4.429E-01
  3.603954E+00 4.759E-01
  3.603985E+00 4.867E-01
  3.604080E+00 4.601E-01
  3.604111E+00 4.751E-01
  3.604143E+00 5.206E-01
  3.604158E+00 5.590E-01
  3.604174E+00 6.136E-01
  3.604189E+00 7.037E-01
  3.604205E+00 9.894E-01
  3.604220E+00 8.245E+00
  3.604236E+00 6.748E-01
  3.604282E+00 6.821E-01
  3.604312E+00 6.367E-01
  3.604388E+00 4.593E-01
  3.604434E+00 3.804E-01
  3.604479E+00 3.279E-01
  3.604524E+00 2.957E-01
  3.604568E+00 2.793E-01
  3.604613E+00 2.774E-01
  3.604657E+00 2.924E-01
  3.604686E+00 3.163E-01
  3.604716E+00 3.586E-01
  3.604730E+00 3.907E-01
  3.604745E+00 4.341E-01
  3.604759E+00 4.936E-01
  3.604774E+00 5.767E-01
  3.604788E+00 6.945E-01
  3.604803E+00 8.612E-01
  3.604817E+00 1.084E+00
  3.604831E+00 1.330E+00
  3.604846E+00 1.480E+00
  3.604860E+00 1.416E+00
  3.604889E+00 1.011E+00
  3.604903E+00 8.866E-01
  3.604917E+00 8.424E-01
  3.604932E+00 8.772E-01
  3.604946E+00 1.005E+00
  3.604960E+00 1.272E+00
  3.604974E+00 1.780E+00
  3.605002E+00 3.533E+00
  3.605017E+00 2.921E+00
  3.605031E+00 1.641E+00
  3.605045E+00 8.778E-01
  3.605059E+00 5.047E-01
  3.605073E+00 3.146E-01
  3.605087E+00 2.101E-01
  3.605101E+00 1.484E-01
  3.605115E+00 1.099E-01
  3.605128E+00 8.482E-02
  3.605142E+00 6.843E-02
  3.605156E+00 5.861E-02
  3.605170E+00 5.580E-02
  3.605184E+00 6.509E-02
  3.605198E+00 1.019E-01
  3.605211E+00 1.770E-01
  3.605225E+00 2.016E-01
  3.605239E+00 1.570E-01
  3.605253E+00 1.182E-01
  3.605266E+00 9.431E-02
  3.605280E+00 7.951E-02
  3.605294E+00 6.979E-02
  3.605307E+00 6.304E-02
  3.605334E+00 5.444E-02
  3.605361E+00 4.932E-02
  3.605402E+00 4.481E-02
  3.605455E+00 4.180E-02
  3.605522E+00 4.100E-02
  3.605575E+00 4.141E-02
  3.605588E+00 4.073E-02
  3.605601E+00 3.912E-02
  3.605614E+00 3.632E-02
  3.605627E+00 3.238E-02
  3.605653E+00 2.307E-02
  3.605666E+00 1.886E-02
  3.605679E+00 1.556E-02
  3.605692E+00 1.379E-02
  3.605705E+00 1.510E-02
  3.605718E+00 2.391E-02
  3.605731E+00 5.523E-02
  3.605744E+00 1.778E-01
  3.605757E+00 9.944E-01
  3.605770E+00 2.547E+01
  3.605782E+00 1.801E+00
  3.605795E+00 6.210E-01
  3.605808E+00 3.558E-01
  3.605821E+00 2.503E-01
  3.605834E+00 1.960E-01
  3.605846E+00 1.635E-01
  3.605859E+00 1.425E-01
  3.605872E+00 1.286E-01
  3.605884E+00 1.196E-01
  3.605910E+00 1.103E-01
  3.605947E+00 1.043E-01
  3.605985E+00 1.051E-01
  3.606010E+00 1.104E-01
  3.606035E+00 1.206E-01
  3.606072E+00 1.420E-01
  3.606084E+00 1.462E-01
  3.606096E+00 1.460E-01
  3.606109E+00 1.410E-01
  3.606145E+00 1.157E-01
  3.606170E+00 1.032E-01
  3.606194E+00 9.598E-02
  3.606231E+00 9.167E-02
  3.606279E+00 9.324E-02
  3.606315E+00 9.953E-02
  3.606339E+00 1.087E-01
  3.606351E+00 1.170E-01
  3.606374E+00 1.463E-01
  3.606386E+00 1.571E-01
  3.606398E+00 1.554E-01
  3.606422E+00 1.480E-01
  3.606445E+00 1.524E-01
  3.606469E+00 1.647E-01
  3.606504E+00 1.947E-01
  3.606539E+00 2.397E-01
  3.606573E+00 3.021E-01
  3.606631E+00 4.224E-01
  3.606654E+00 4.523E-01
  3.606676E+00 4.600E-01
  3.606744E+00 4.256E-01
  3.606767E+00 4.362E-01
  3.606789E+00 4.741E-01
  3.606801E+00 5.066E-01
  3.606812E+00 5.520E-01
  3.606823E+00 6.206E-01
  3.606834E+00 7.714E-01
  3.606845E+00 3.354E+00
  3.606856E+00 6.954E-01
  3.606867E+00 6.221E-01
  3.606890E+00 6.388E-01
  3.606912E+00 6.054E-01
  3.606978E+00 4.153E-01
  3.606999E+00 3.679E-01
  3.607032E+00 3.174E-01
  3.607064E+00 2.867E-01
  3.607097E+00 2.717E-01
  3.607129E+00 2.713E-01
  3.607161E+00 2.886E-01
  3.607182E+00 3.150E-01
  3.607193E+00 3.350E-01
  3.607214E+00 3.972E-01
  3.607224E+00 4.453E-01
  3.607235E+00 5.114E-01
  3.607245E+00 6.035E-01
  3.607256E+00 7.318E-01
  3.607287E+00 1.292E+00
  3.607298E+00 1.330E+00
  3.607308E+00 1.205E+00
  3.607318E+00 1.024E+00
  3.607329E+00 8.792E-01
  3.607339E+00 8.004E-01
  3.607350E+00 7.883E-01
  3.607360E+00 8.460E-01
  3.607370E+00 9.937E-01
  3.607381E+00 1.283E+00
  3.607391E+00 1.821E+00
  3.607401E+00 2.699E+00
  3.607411E+00 3.349E+00
  3.607422E+00 2.565E+00
  3.607432E+00 1.430E+00
  3.607442E+00 7.822E-01
  3.607452E+00 4.604E-01
  3.607462E+00 2.929E-01
  3.607473E+00 1.990E-01
  3.607483E+00 1.427E-01
  3.607493E+00 1.070E-01
  3.607503E+00 8.357E-02
  3.607513E+00 6.795E-02
  3.607523E+00 5.817E-02
  3.607533E+00 5.437E-02
  3.607543E+00 6.028E-02
  3.607553E+00 8.820E-02
  3.607563E+00 1.545E-01
  3.607581E+00 1.708E-01
  3.617571E+00 3.596E-01
  3.617581E+00 4.380E-01
  3.642524E+00 2.988E-01
  3.667467E+00 2.102E-01
  3.692411E+00 1.546E-01
  3.717354E+00 1.237E-01
  3.742297E+00 1.066E-01
  3.767241E+00 9.681E-02
  3.792184E+00 9.122E-02
  3.842071E+00 8.670E-02
  3.941844E+00 8.610E-02
  4.266107E+00 9.224E-02
  4.465653E+00 8.963E-02
  5.588102E+00 5.671E-02
  6.062025E+00 4.598E-02
  6.184487E+00 4.330E-02
  6.309420E+00 4.078E-02
  6.436877E+00 3.841E-02
  6.566914E+00 3.617E-02
  6.699575E+00 3.406E-02
  6.834913E+00 3.208E-02
  6.972985E+00 3.021E-02
  7.113850E+00 2.845E-02
  7.257559E+00 2.679E-02
  7.404176E+00 2.523E-02
  7.553747E+00 2.376E-02
  7.706342E+00 2.238E-02
  7.862023E+00 2.108E-02
  8.020844E+00 1.985E-02
  8.182875E+00 1.869E-02
  8.348182E+00 1.761E-02
  8.516825E+00 1.658E-02
  8.688879E+00 1.561E-02
  8.864403E+00 1.471E-02
  9.043481E+00 1.385E-02
  9.226167E+00 1.304E-02
  9.412546E+00 1.228E-02
  9.602696E+00 1.157E-02
  9.796684E+00 1.089E-02
  9.994586E+00 1.026E-02
  1.019649E+01 9.662E-03
  1.040248E+01 9.099E-03
  1.061262E+01 8.569E-03
  1.082701E+01 8.070E-03
  1.104573E+01 7.600E-03
  1.126887E+01 7.158E-03
  1.149651E+01 6.741E-03
  1.172876E+01 6.348E-03
  1.196570E+01 5.979E-03
  1.220742E+01 5.631E-03
  1.245402E+01 5.303E-03
  1.270562E+01 4.994E-03
  1.296228E+01 4.703E-03
  1.322414E+01 4.429E-03
  1.349129E+01 4.171E-03
  1.376382E+01 3.928E-03
  1.404187E+01 3.700E-03
  1.432554E+01 3.484E-03
  1.461493E+01 3.281E-03
  1.491018E+01 3.090E-03
  1.521138E+01 2.910E-03
  1.551867E+01 2.741E-03
  1.583217E+01 2.581E-03
  1.615199E+01 2.431E-03
  1.647829E+01 2.289E-03
  1.681116E+01 2.156E-03
  1.715077E+01 2.030E-03
  1.749724E+01 1.912E-03
  1.785071E+01 1.801E-03
  1.821132E+01 1.696E-03
  1.857921E+01 1.597E-03
  1.895453E+01 1.504E-03
  1.933745E+01 1.417E-03
  1.972807E+01 1.334E-03
  2.012662E+01 1.256E-03
  2.053319E+01 1.183E-03
  2.094801E+01 1.114E-03
  2.137117E+01 1.049E-03
  2.180290E+01 9.883E-04
  2.224335E+01 9.307E-04
  2.269270E+01 8.765E-04
  2.315111E+01 8.255E-04
  2.361880E+01 7.774E-04
  2.409593E+01 7.321E-04
  2.458270E+01 6.895E-04
  2.507930E+01 6.493E-04
  2.558594E+01 6.115E-04
  2.610280E+01 5.759E-04
  2.663013E+01 5.424E-04