  1.273008E-01 8.595E+00
  1.373008E-01 7.946E+00
  1.885855E-01 5.328E+00
  2.385663E-01 3.769E+00
  2.872870E-01 2.846E+00
  3.347897E-01 2.262E+00
  3.811145E-01 1.853E+00
  4.263001E-01 1.539E+00
  4.703837E-01 1.291E+00
  5.134006E-01 1.093E+00
  5.553851E-01 9.379E-01
  5.963699E-01 8.185E-01
  6.363865E-01 7.267E-01
  7.136350E-01 5.980E-01
  8.229658E-01 4.698E-01
  9.575967E-01 3.444E-01
  1.051007E+00 2.789E-01
  1.138539E+00 2.362E-01
  1.246932E+00 2.021E-01
  1.621784E+00 1.191E-01
  1.744381E+00 1.001E-01
  1.867116E+00 8.883E-02
  2.259368E+00 6.792E-02
  2.409574E+00 6.043E-02
  2.484017E+00 5.993E-02
  2.529059E+00 6.294E-02
  2.552097E+00 6.732E-02
  2.569598E+00 7.428E-02
  2.578055E+00 8.028E-02
  2.586325E+00 8.983E-02
  2.590391E+00 9.702E-02
  2.594413E+00 1.071E-01
  2.598390E+00 1.220E-01
  2.602324E+00 1.461E-01
  2.606215E+00 1.912E-01
  2.610063E+00 2.987E-01
  2.613870E+00 7.536E-01
  2.617636E+00 4.493E+01
  2.621361E+00 2.172E-01
  2.625047E+00 1.509E-02
  2.628693E+00 8.955E-05
  2.632300E+00 2.208E-03
  2.635869E+00 6.527E-03
  2.639400E+00 1.067E-02
  2.642894E+00 1.424E-02
  2.646352E+00 1.727E-02
  2.653159E+00 2.199E-02
  2.663107E+00 2.688E-02
  2.675901E+00 3.111E-02
  2.699984E+00 3.605E-02
  2.752544E+00 4.226E-02
  2.824195E+00 5.027E-02
  2.860904E+00 5.742E-02
  2.884040E+00 6.539E-02
  2.900980E+00 7.531E-02
  2.913126E+00 8.702E-02
  2.922380E+00 1.012E-01
  2.930133E+00 1.199E-01
  2.935676E+00 1.404E-01
  2.940127E+00 1.647E-01
  2.944432E+00 2.000E-01
  2.947775E+00 2.414E-01
  2.950226E+00 2.854E-01
  2.952629E+00 3.472E-01
  2.954206E+00 4.039E-01
  2.955763E+00 4.797E-01
  2.957300E+00 5.846E-01
  2.958061E+00 6.531E-01
  2.958817E+00 7.365E-01
  2.959569E+00 8.396E-01
  2.960315E+00 9.693E-01
  2.961057E+00 1.136E+00
  2.961795E+00 1.356E+00
  2.962528E+00 1.653E+00
  2.963256E+00 2.072E+00
  2.963980E+00 2.690E+00
  2.964699E+00 3.657E+00
  2.965414E+00 5.303E+00
  2.966124E+00 8.459E+00
  2.966830E+00 1.578E+01
  2.967531E+00 4.001E+01
  2.968228E+00 2.461E+02
  2.968921E+00 7.135E+02
  2.969610E+00 5.661E+01
  2.970295E+00 1.878E+01
  2.970975E+00 9.247E+00
  2.971651E+00 5.501E+00
  2.972323E+00 3.665E+00
  2.972991E+00 2.641E+00
  2.973655E+00 2.019E+00
  2.974315E+00 1.623E+00
  2.974971E+00 1.366E+00
  2.975623E+00 1.207E+00
  2.976271E+00 1.128E+00
  2.976915E+00 1.138E+00
  2.977555E+00 1.293E+00
  2.978191E+00 1.849E+00
  2.978824E+00 5.033E+00
  2.979453E+00 7.960E+01
  2.980078E+00 6.550E-01
  2.980700E+00 6.639E-02
  2.981317E+00 5.317E-03
  2.981931E+00 1.392E-04
  2.982542E+00 3.133E-03
  2.983149E+00 6.436E-03
  2.983752E+00 8.750E-03
  2.984352E+00 1.008E-02
  2.984948E+00 1.066E-02
  2.985541E+00 1.072E-02
  2.986130E+00 1.043E-02
  2.987299E+00 9.302E-03
  2.990162E+00 5.819E-03
  2.991840E+00 4.080E-03
  2.992943E+00 3.139E-03
  2.994034E+00 2.362E-03
  2.995112E+00 1.732E-03
  2.996178E+00 1.230E-03
  2.996706E+00 1.022E-03
  2.997232E+00 8.386E-04
  2.997755E+00 6.786E-04
  2.998274E+00 5.401E-04
  2.998791E+00 4.212E-04
  2.999305E+00 3.203E-04
  2.999816E+00 2.359E-04
  3.000325E+00 1.666E-04
  3.000830E+00 1.110E-04
  3.001333E+00 6.793E-05
  3.001833E+00 3.629E-05
  3.002330E+00 1.505E-05
  3.002824E+00 3.257E-06
  3.003316E+00 4.103E-08
  3.003805E+00 4.600E-06
  3.004291E+00 1.619E-05
  3.004775E+00 3.414E-05
  3.005256E+00 5.782E-05
  3.005734E+00 8.665E-05
  3.006210E+00 1.201E-04
  3.006683E+00 1.577E-04
  3.007622E+00 2.435E-04
  3.009012E+00 3.929E-04
  3.011278E+00 6.767E-04
  3.018959E+00 1.717E-03
  3.022927E+00 2.143E-03
  3.026330E+00 2.367E-03
  3.029229E+00 2.404E-03
  3.031673E+00 2.279E-03
  3.033368E+00 2.074E-03
  3.035023E+00 1.741E-03
  3.035997E+00 1.457E-03
  3.036958E+00 1.089E-03
  3.037590E+00 7.842E-04
  3.038217E+00 4.285E-04
  3.038528E+00 2.416E-04
  3.038838E+00 7.486E-05
  3.039146E+00 1.342E-06
  3.039452E+00 2.729E-04
  3.039758E+00 1.998E-03
  3.040062E+00 1.342E-02
  3.040364E+00 5.000E-01
  3.040665E+00 1.010E-01
  3.040965E+00 2.454E-02
  3.041263E+00 1.267E-02
  3.041560E+00 8.338E-03
  3.041855E+00 6.141E-03
  3.042150E+00 4.804E-03
  3.042442E+00 3.888E-03
  3.042734E+00 3.208E-03
  3.043024E+00 2.671E-03
  3.043313E+00 2.227E-03
  3.043600E+00 1.849E-03
  3.043886E+00 1.518E-03
  3.044171E+00 1.225E-03
  3.044454E+00 9.621E-04
  3.044737E+00 7.275E-04
  3.045018E+00 5.201E-04
  3.045297E+00 3.410E-04
  3.045576E+00 1.933E-04
  3.045853E+00 8.225E-05
  3.046129E+00 1.525E-05
  3.046403E+00 2.711E-06
  3.046677E+00 5.859E-05
  3.046949E+00 2.015E-04
  3.047220E+00 4.564E-04
  3.047489E+00 8.564E-04
  3.047758E+00 1.446E-03
  3.048025E+00 2.287E-03
  3.048291E+00 3.462E-03
  3.048556E+00 5.089E-03
  3.048820E+00 7.332E-03
  3.049082E+00 1.043E-02
  3.049344E+00 1.475E-02
  3.049604E+00 2.081E-02
  3.049863E+00 2.947E-02
  3.050121E+00 4.209E-02
  3.050378E+00 6.103E-02
  3.050634E+00 9.047E-02
  3.050888E+00 1.385E-01
  3.051141E+00 2.224E-01
  3.051394E+00 3.832E-01
  3.051645E+00 7.397E-01
  3.051895E+00 1.751E+00
  3.052144E+00 6.598E+00
  3.052392E+00 1.791E+02
  3.052639E+00 1.532E+01
  3.052885E+00 3.599E+00
  3.053129E+00 1.662E+00
  3.053373E+00 9.960E-01
  3.053615E+00 6.859E-01
  3.053857E+00 5.149E-01
  3.054097E+00 4.101E-01
  3.054337E+00 3.410E-01
  3.054575E+00 2.933E-01
  3.054813E+00 2.591E-01
  3.055049E+00 2.341E-01
  3.055284E+00 2.158E-01
  3.055752E+00 1.935E-01
  3.056216E+00 1.861E-01
  3.056446E+00 1.882E-01
  3.056675E+00 1.950E-01
  3.056904E+00 2.086E-01
  3.057131E+00 2.333E-01
  3.057358E+00 2.786E-01
  3.057583E+00 3.717E-01
  3.057808E+00 6.177E-01
  3.058031E+00 1.879E+00
  3.058254E+00 8.539E+01
  3.058476E+00 4.415E-01
  3.058697E+00 5.701E-02
  3.058917E+00 8.068E-03
  3.059135E+00 2.308E-04
  3.059353E+00 8.372E-04
  3.059571E+00 3.324E-03
  3.059787E+00 6.013E-03
  3.060002E+00 8.453E-03
  3.060217E+00 1.055E-02
  3.060430E+00 1.231E-02
  3.060855E+00 1.499E-02
  3.061485E+00 1.757E-02
  3.062313E+00 1.941E-02
  3.063729E+00 2.066E-02
  3.066633E+00 2.076E-02
  3.076386E+00 1.871E-02
  3.077424E+00 1.920E-02
  3.077861E+00 2.024E-02
  3.078006E+00 2.101E-02
  3.078150E+00 2.239E-02
  3.078294E+00 2.533E-02
  3.078437E+00 3.517E-02
  3.078579E+00 2.704E+00
  3.078721E+00 4.212E-03
  3.078863E+00 9.398E-03
  3.079004E+00 1.147E-02
  3.079144E+00 1.253E-02
  3.079424E+00 1.355E-02
  3.079976E+00 1.414E-02
  3.081059E+00 1.387E-02
  3.082369E+00 1.256E-02
  3.083384E+00 1.084E-02
  3.084128E+00 8.995E-03
  3.084735E+00 6.938E-03
  3.085214E+00 4.867E-03
  3.085686E+00 2.446E-03
  3.085920E+00 1.231E-03
  3.086036E+00 6.936E-04
  3.086152E+00 2.632E-04
  3.086267E+00 1.960E-05
  3.086382E+00 9.014E-05
  3.086497E+00 6.834E-04
  3.086611E+00 2.149E-03
  3.086725E+00 5.097E-03
  3.086839E+00 1.063E-02
  3.086952E+00 2.086E-02
  3.087065E+00 4.018E-02
  3.087177E+00 7.854E-02
  3.087289E+00 1.621E-01
  3.087401E+00 3.751E-01
  3.087512E+00 1.108E+00
  3.087623E+00 6.431E+00
  3.087733E+00 1.212E+02
  3.087844E+00 4.743E+00
  3.087953E+00 1.641E+00
  3.088063E+00 9.042E-01
  3.088172E+00 6.105E-01
  3.088281E+00 4.622E-01
  3.088389E+00 3.768E-01
  3.088497E+00 3.237E-01
  3.088605E+00 2.895E-01
  3.088712E+00 2.675E-01
  3.088819E+00 2.543E-01
  3.088925E+00 2.485E-01
  3.089031E+00 2.494E-01
  3.089137E+00 2.579E-01
  3.089243E+00 2.761E-01
  3.089348E+00 3.092E-01
  3.089453E+00 3.685E-01
  3.089557E+00 4.835E-01
  3.089661E+00 7.522E-01
  3.089765E+00 1.713E+00
  3.089869E+00 1.944E+01
  3.089972E+00 3.396E+00
  3.090075E+00 3.505E-01
  3.090177E+00 7.967E-02
  3.090279E+00 2.060E-02
  3.090381E+00 4.320E-03
  3.090482E+00 2.700E-04
  3.090583E+00 2.982E-04
  3.090684E+00 1.727E-03
  3.090885E+00 5.441E-03
  3.090985E+00 7.196E-03
  3.091183E+00 1.020E-02
  3.091381E+00 1.255E-02
  3.091674E+00 1.511E-02
  3.092062E+00 1.734E-02
  3.092633E+00 1.922E-02
  3.093654E+00 2.066E-02
  3.095762E+00 2.112E-02
  3.098035E+00 2.117E-02
  3.098421E+00 2.217E-02
  3.098574E+00 2.376E-02
  3.098650E+00 2.591E-02
  3.098726E+00 3.310E-02
  3.098801E+00 1.577E+01
  3.098877E+00 9.629E-03
  3.098952E+00 1.403E-02
  3.099027E+00 1.566E-02
  3.099102E+00 1.648E-02
  3.099325E+00 1.747E-02
  3.099910E+00 1.774E-02
  3.100901E+00 1.665E-02
  3.101653E+00 1.490E-02
  3.102186E+00 1.282E-02
  3.102577E+00 1.050E-02
  3.102834E+00 8.376E-03
  3.103026E+00 6.387E-03
  3.103215E+00 4.028E-03
  3.103403E+00 1.493E-03
  3.103465E+00 7.496E-04
  3.103528E+00 1.937E-04
  3.103589E+00 5.831E-06
  3.103651E+00 5.108E-04
  3.103713E+00 2.315E-03
  3.103774E+00 6.607E-03
  3.103836E+00 1.588E-02
  3.103897E+00 3.584E-02
  3.103958E+00 8.140E-02
  3.104019E+00 2.000E-01
  3.104079E+00 6.010E-01
  3.104140E+00 3.159E+00
  3.104200E+00 2.050E+02
  3.104260E+00 4.271E+00
  3.104320E+00 1.361E+00
  3.104380E+00 7.387E-01
  3.104439E+00 4.993E-01
  3.104499E+00 3.804E-01
  3.104558E+00 3.125E-01
  3.104617E+00 2.706E-01
  3.104676E+00 2.438E-01
  3.104735E+00 2.268E-01
  3.104794E+00 2.169E-01
  3.104852E+00 2.129E-01
  3.104911E+00 2.143E-01
  3.104969E+00 2.218E-01
  3.105027E+00 2.371E-01
  3.105085E+00 2.639E-01
  3.105143E+00 3.107E-01
  3.105200E+00 3.977E-01
  3.105258E+00 5.876E-01
  3.105315E+00 1.168E+00
  3.105372E+00 6.041E+00
  3.105429E+00 9.400E+00
  3.105486E+00 5.114E-01
  3.105543E+00 1.045E-01
  3.105599E+00 2.684E-02
  3.105655E+00 6.101E-03
  3.105712E+00 6.295E-04
  3.105768E+00 1.133E-04
  3.105824E+00 1.308E-03
  3.105990E+00 6.610E-03
  3.106101E+00 9.626E-03
  3.106211E+00 1.202E-02
  3.106375E+00 1.467E-02
  3.106591E+00 1.702E-02
  3.106911E+00 1.908E-02
  3.107434E+00 2.068E-02
  3.108489E+00 2.159E-02
  3.109765E+00 2.201E-02
  3.109992E+00 2.303E-02
  3.110082E+00 2.467E-02
  3.110127E+00 2.700E-02
  3.110172E+00 3.615E-02
  3.110216E+00 1.654E-03
  3.110261E+00 1.260E-02
  3.110305E+00 1.592E-02
  3.110350E+00 1.724E-02
  3.110438E+00 1.835E-02
  3.110657E+00 1.906E-02
  3.111255E+00 1.871E-02
  3.111874E+00 1.717E-02
  3.112275E+00 1.526E-02
  3.112550E+00 1.310E-02
  3.112743E+00 1.083E-02
  3.112858E+00 9.039E-03
  3.112972E+00 6.819E-03
  3.113086E+00 4.131E-03
  3.113161E+00 2.177E-03
  3.113198E+00 1.249E-03
  3.113236E+00 4.710E-04
  3.113273E+00 2.460E-05
  3.113310E+00 2.565E-04
  3.113347E+00 1.846E-03
  3.113384E+00 6.203E-03
  3.113421E+00 1.648E-02
  3.113458E+00 4.056E-02
  3.113495E+00 1.016E-01
  3.113532E+00 2.880E-01
  3.113568E+00 1.155E+00
  3.113605E+00 1.889E+01
  3.113641E+00 8.465E+00
  3.113677E+00 1.650E+00
  3.113714E+00 7.823E-01
  3.113750E+00 4.986E-01
  3.113786E+00 3.683E-01
  3.113822E+00 2.970E-01
  3.113858E+00 2.540E-01
  3.113894E+00 2.267E-01
  3.113930E+00 2.093E-01
  3.113965E+00 1.987E-01
  3.114001E+00 1.934E-01
  3.114036E+00 1.929E-01
  3.114072E+00 1.972E-01
  3.114107E+00 2.075E-01
  3.114142E+00 2.258E-01
  3.114178E+00 2.570E-01
  3.114213E+00 3.118E-01
  3.114248E+00 4.184E-01
  3.114283E+00 6.742E-01
  3.114318E+00 1.667E+00
  3.114352E+00 3.675E+01
  3.114387E+00 1.949E+00
  3.114422E+00 2.397E-01
  3.114456E+00 5.560E-02
  3.114491E+00 1.381E-02
  3.114525E+00 2.470E-03
  3.114560E+00 3.705E-05
  3.114594E+00 5.804E-04
  3.114628E+00 2.122E-03
  3.114696E+00 5.715E-03
  3.114730E+00 7.375E-03
  3.114798E+00 1.022E-02
  3.114865E+00 1.246E-02
  3.114965E+00 1.496E-02
  3.115098E+00 1.720E-02
  3.115328E+00 1.943E-02
  3.115682E+00 2.099E-02
  3.116425E+00 2.189E-02
  3.117015E+00 2.247E-02
  3.117130E+00 2.343E-02
  3.117159E+00 2.406E-02
  3.117188E+00 2.523E-02
  3.117216E+00 2.809E-02
  3.117244E+00 4.421E-02
  3.117273E+00 5.422E-03
  3.117301E+00 1.485E-02
  3.117329E+00 1.717E-02
  3.117358E+00 1.819E-02
  3.117442E+00 1.933E-02
  3.117691E+00 1.977E-02
  3.118176E+00 1.878E-02
  3.118541E+00 1.691E-02
  3.118745E+00 1.502E-02
  3.118896E+00 1.283E-02
  3.118995E+00 1.077E-02
  3.119069E+00 8.759E-03
  3.119143E+00 6.246E-03
  3.119192E+00 4.276E-03
  3.119240E+00 2.175E-03
  3.119265E+00 1.183E-03
  3.119289E+00 3.785E-04
  3.119313E+00 6.974E-07
  3.119337E+00 5.259E-04
  3.119361E+00 2.939E-03
  3.119385E+00 9.419E-03
  3.119409E+00 2.529E-02
  3.119433E+00 6.556E-02
  3.119457E+00 1.835E-01
  3.119481E+00 6.637E-01
  3.119504E+00 5.840E+00
  3.119528E+00 1.858E+01
  3.119552E+00 1.979E+00
  3.119575E+00 8.308E-01
  3.119599E+00 5.048E-01
  3.119622E+00 3.638E-01
  3.119646E+00 2.892E-01
  3.119669E+00 2.451E-01
  3.119693E+00 2.173E-01
  3.119716E+00 1.994E-01
  3.119739E+00 1.883E-01
  3.119763E+00 1.823E-01
  3.119786E+00 1.807E-01
  3.119809E+00 1.834E-01
  3.119832E+00 1.910E-01
  3.119855E+00 2.051E-01
  3.119878E+00 2.289E-01
  3.119901E+00 2.696E-01
  3.119924E+00 3.441E-01
  3.119947E+00 5.039E-01
  3.119970E+00 9.778E-01
  3.119992E+00 4.549E+00
  3.120015E+00 1.113E+01
  3.120038E+00 4.905E-01
  3.120061E+00 9.591E-02
  3.120083E+00 2.373E-02
  3.120106E+00 5.059E-03
  3.120128E+00 4.009E-04
  3.120151E+00 2.065E-04
  3.120173E+00 1.515E-03
  3.120196E+00 3.276E-03
  3.120240E+00 6.796E-03
  3.120262E+00 8.352E-03
  3.120307E+00 1.099E-02
  3.120373E+00 1.392E-02
  3.120439E+00 1.599E-02
  3.120548E+00 1.822E-02
  3.120720E+00 2.014E-02
  3.121015E+00 2.151E-02
  3.121738E+00 2.266E-02
  3.121815E+00 2.367E-02
  3.121835E+00 2.436E-02
  3.121854E+00 2.572E-02
  3.121873E+00 2.948E-02
  3.121892E+00 7.700E-02
  3.121911E+00 1.083E-02
  3.121930E+00 1.633E-02
  3.121949E+00 1.802E-02
  3.121987E+00 1.928E-02
  3.122082E+00 2.006E-02
  3.122377E+00 1.980E-02
  3.122683E+00 1.830E-02
  3.122875E+00 1.634E-02
  3.122996E+00 1.425E-02
  3.123081E+00 1.201E-02
  3.123131E+00 1.020E-02
  3.123182E+00 7.912E-03
  3.123215E+00 6.068E-03
  3.123249E+00 3.976E-03
  3.123265E+00 2.872E-03
  3.123282E+00 1.784E-03
  3.123299E+00 8.078E-04
  3.123315E+00 1.271E-04
  3.123332E+00 1.105E-04
  3.123348E+00 1.521E-03
  3.123365E+00 6.035E-03
  3.123381E+00 1.769E-02
  3.123397E+00 4.754E-02
  3.123414E+00 1.330E-01
  3.123430E+00 4.549E-01
  3.123446E+00 3.020E+00
  3.123463E+00 5.129E+01
  3.123479E+00 2.389E+00
  3.123495E+00 8.892E-01
  3.123511E+00 5.170E-01
  3.123528E+00 3.647E-01
  3.123544E+00 2.863E-01
  3.123560E+00 2.407E-01
  3.123576E+00 2.121E-01
  3.123592E+00 1.938E-01
  3.123608E+00 1.822E-01
  3.123624E+00 1.756E-01
  3.123640E+00 1.733E-01
  3.123656E+00 1.749E-01
  3.123672E+00 1.809E-01
  3.123688E+00 1.924E-01
  3.123704E+00 2.121E-01
  3.123720E+00 2.450E-01
  3.123735E+00 3.034E-01
  3.123751E+00 4.205E-01
  3.123767E+00 7.227E-01
  3.123783E+00 2.160E+00
  3.123798E+00 6.301E+02
  3.123814E+00 9.657E-01
  3.123830E+00 1.504E-01
  3.123845E+00 3.578E-02
  3.123861E+00 8.224E-03
  3.123876E+00 1.046E-03
  3.123892E+00 3.572E-05
  3.123907E+00 1.081E-03
  3.123923E+00 2.776E-03
  3.123938E+00 4.595E-03
  3.123969E+00 7.940E-03
  3.124000E+00 1.066E-02
  3.124031E+00 1.280E-02
  3.124076E+00 1.519E-02
  3.124152E+00 1.776E-02
  3.124257E+00 1.974E-02
  3.124434E+00 2.128E-02
  3.124985E+00 2.271E-02
  3.125039E+00 2.361E-02
  3.125053E+00 2.418E-02
  3.125066E+00 2.527E-02
  3.125080E+00 2.795E-02
  3.125093E+00 4.449E-02
  3.125107E+00 8.112E-03
  3.125120E+00 1.608E-02
  3.125134E+00 1.808E-02
  3.125147E+00 1.897E-02
  3.125187E+00 1.997E-02
  3.125319E+00 2.038E-02
  3.125577E+00 1.933E-02
  3.125753E+00 1.750E-02
  3.125864E+00 1.532E-02
  3.125937E+00 1.297E-02
  3.125985E+00 1.070E-02
  3.126021E+00 8.446E-03
  3.126045E+00 6.621E-03
  3.126069E+00 4.524E-03
  3.126093E+00 2.260E-03
  3.126105E+00 1.190E-03
  3.126116E+00 3.366E-04
  3.126128E+00 4.331E-06
  3.126140E+00 8.216E-04
  3.126152E+00 4.165E-03
  3.126164E+00 1.331E-02
  3.126175E+00 3.705E-02
  3.126187E+00 1.041E-01
  3.126199E+00 3.441E-01
  3.126210E+00 1.943E+00
  3.126222E+00 1.394E+02
  3.126234E+00 2.893E+00
  3.126245E+00 9.541E-01
  3.126257E+00 5.324E-01
  3.126269E+00 3.683E-01
  3.126280E+00 2.860E-01
  3.126292E+00 2.386E-01
  3.126303E+00 2.093E-01
  3.126315E+00 1.904E-01
  3.126326E+00 1.784E-01
  3.126338E+00 1.714E-01
  3.126349E+00 1.684E-01
  3.126361E+00 1.693E-01
  3.126372E+00 1.742E-01
  3.126383E+00 1.841E-01
  3.126395E+00 2.011E-01
  3.126406E+00 2.293E-01
  3.126418E+00 2.782E-01
  3.126429E+00 3.723E-01
  3.126440E+00 5.953E-01
  3.126452E+00 1.440E+00
  3.126463E+00 2.589E+01
  3.126474E+00 1.889E+00
  3.126485E+00 2.204E-01
  3.126497E+00 4.956E-02
  3.126508E+00 1.177E-02
  3.126519E+00 1.870E-03
  3.126530E+00 1.736E-06
  3.126541E+00 7.668E-04
  3.126553E+00 2.384E-03
  3.126575E+00 5.971E-03
  3.126586E+00 7.605E-03
  3.126608E+00 1.039E-02
  3.126630E+00 1.258E-02
  3.126663E+00 1.504E-02
  3.126707E+00 1.725E-02
  3.126772E+00 1.925E-02
  3.126890E+00 2.102E-02
  3.127130E+00 2.213E-02
  3.127301E+00 2.262E-02
  3.130661E+00 7.313E-01
  3.133991E+00 7.192E-01
  3.137291E+00 6.765E-01
  3.137301E+00 7.223E-01
  3.153501E+00 6.023E-01
  3.172773E+00 5.034E-01
  3.198065E+00 4.155E-01
  3.231115E+00 3.372E-01
  3.266581E+00 2.785E-01
  3.305449E+00 2.356E-01
  3.343402E+00 2.105E-01
  3.366932E+00 2.079E-01
  3.379576E+00 2.175E-01
  3.388163E+00 2.347E-01
  3.394780E+00 2.595E-01
  3.399603E+00 2.891E-01
  3.404309E+00 3.341E-01
  3.407384E+00 3.773E-01
  3.410411E+00 4.368E-01
  3.413389E+00 5.207E-01
  3.414860E+00 5.757E-01
  3.416320E+00 6.427E-01
  3.417769E+00 7.250E-01
  3.419206E+00 8.276E-01
  3.420632E+00 9.570E-01
  3.422046E+00 1.123E+00
  3.423450E+00 1.340E+00
  3.424843E+00 1.629E+00
  3.426225E+00 2.024E+00
  3.427597E+00 2.580E+00
  3.428957E+00 3.389E+00
  3.430308E+00 4.609E+00
  3.431648E+00 6.518E+00
  3.432978E+00 9.584E+00
  3.434298E+00 1.439E+01
  3.435607E+00 2.062E+01
  3.436907E+00 2.455E+01
  3.438197E+00 2.194E+01
  3.439477E+00 1.607E+01
  3.440748E+00 1.113E+01
  3.442009E+00 7.838E+00
  3.443260E+00 5.730E+00
  3.444503E+00 4.353E+00
  3.445736E+00 3.420E+00
  3.446960E+00 2.765E+00
  3.448174E+00 2.290E+00
  3.449380E+00 1.936E+00
  3.450577E+00 1.665E+00
  3.451765E+00 1.452E+00
  3.452945E+00 1.283E+00
  3.454115E+00 1.146E+00
  3.456431E+00 9.399E-01
  3.458714E+00 7.938E-01
  3.462076E+00 6.429E-01
  3.465366E+00 5.412E-01
  3.469645E+00 4.494E-01
  3.474826E+00 3.746E-01
  3.480808E+00 3.165E-01
  3.488409E+00 2.676E-01
  3.497348E+00 2.305E-01
  3.505714E+00 2.108E-01
  3.510478E+00 2.099E-01
  3.513554E+00 2.196E-01
  3.515810E+00 2.397E-01
  3.517291E+00 2.658E-01
  3.518024E+00 2.855E-01
  3.518753E+00 3.122E-01
  3.519477E+00 3.487E-01
  3.520197E+00 4.000E-01
  3.520912E+00 4.738E-01
  3.521623E+00 5.835E-01
  3.522329E+00 7.528E-01
  3.523031E+00 1.025E+00
  3.523729E+00 1.479E+00
  3.524422E+00 2.236E+00
  3.525111E+00 3.337E+00
  3.525796E+00 4.241E+00
  3.526477E+00 3.983E+00
  3.527153E+00 2.985E+00
  3.527826E+00 2.108E+00
  3.528494E+00 1.528E+00
  3.529159E+00 1.159E+00
  3.529819E+00 9.200E-01
  3.530475E+00 7.582E-01
  3.531127E+00 6.446E-01
  3.531776E+00 5.619E-01
  3.532420E+00 4.998E-01
  3.533061E+00 4.520E-01
  3.534331E+00 3.841E-01
  3.535586E+00 3.388E-01
  3.537440E+00 2.942E-01
  3.539862E+00 2.578E-01
  3.543390E+00 2.263E-01
  3.548458E+00 2.013E-01
  3.555335E+00 1.848E-01
  3.561733E+00 1.824E-01
  3.565904E+00 1.921E-01
  3.568575E+00 2.096E-01
  3.570309E+00 2.311E-01
  3.571586E+00 2.564E-01
  3.572843E+00 2.954E-01
  3.573670E+00 3.336E-01
  3.574489E+00 3.875E-01
  3.575299E+00 4.662E-01
  3.575701E+00 5.197E-01
  3.576101E+00 5.867E-01
  3.576499E+00 6.721E-01
  3.576895E+00 7.829E-01
  3.577289E+00 9.302E-01
  3.577680E+00 1.132E+00
  3.578070E+00 1.417E+00
  3.578458E+00 1.843E+00
  3.578844E+00 2.526E+00
  3.579228E+00 3.755E+00
  3.579610E+00 6.488E+00
  3.579990E+00 1.617E+01
  3.580368E+00 1.887E+02
  3.580745E+00 4.229E+01
  3.581119E+00 8.893E+00
  3.581492E+00 4.945E+00
  3.581862E+00 3.594E+00
  3.582231E+00 2.807E+00
  3.582598E+00 2.247E+00
  3.582964E+00 1.827E+00
  3.583327E+00 1.510E+00
  3.583688E+00 1.268E+00
  3.584048E+00 1.081E+00
  3.584406E+00 9.355E-01
  3.584763E+00 8.203E-01
  3.585117E+00 7.280E-01
  3.585821E+00 5.916E-01
  3.586518E+00 4.976E-01
  3.587208E+00 4.303E-01
  3.588231E+00 3.602E-01
  3.589238E+00 3.127E-01
  3.590560E+00 2.698E-01
  3.592495E+00 2.296E-01
  3.594991E+00 1.984E-01
  3.598274E+00 1.743E-01
  3.603031E+00 1.552E-01
  3.608182E+00 1.461E-01
  3.611529E+00 1.482E-01
  3.613577E+00 1.580E-01
  3.614681E+00 1.711E-01
  3.615548E+00 1.912E-01
  3.616189E+00 2.186E-01
  3.616612E+00 2.489E-01
  3.616822E+00 2.703E-01
  3.617031E+00 2.982E-01
  3.617240E+00 3.355E-01
  3.617447E+00 3.869E-01
  3.617654E+00 4.603E-01
  3.617860E+00 5.702E-01
  3.618065E+00 7.442E-01
  3.618269E+00 1.039E+00
  3.618472E+00 1.581E+00
  3.618674E+00 2.652E+00
  3.619077E+00 6.709E+00
  3.619277E+00 5.705E+00
  3.619476E+00 3.709E+00
  3.619674E+00 2.504E+00
  3.619872E+00 1.891E+00
  3.620069E+00 1.595E+00
  3.620265E+00 1.488E+00
  3.620460E+00 1.528E+00
  3.620654E+00 1.737E+00
  3.620848E+00 2.231E+00
  3.621041E+00 3.389E+00
  3.621233E+00 6.848E+00
  3.621424E+00 2.740E+01
  3.621615E+00 2.856E+02
  3.621804E+00 1.238E+01
  3.621993E+00 3.407E+00
  3.622182E+00 1.530E+00
  3.622369E+00 8.642E-01
  3.622556E+00 5.598E-01
  3.622742E+00 3.980E-01
  3.622927E+00 3.028E-01
  3.623112E+00 2.426E-01
  3.623296E+00 2.023E-01
  3.623479E+00 1.741E-01
  3.623661E+00 1.537E-01
  3.623843E+00 1.384E-01
  3.624204E+00 1.175E-01
  3.624562E+00 1.041E-01
  3.625094E+00 9.116E-02
  3.625968E+00 7.840E-02
  3.628161E+00 5.821E-02
  3.629934E+00 4.067E-02
  3.630561E+00 3.441E-02
  3.630870E+00 3.248E-02
  3.631024E+00 3.227E-02
  3.631178E+00 3.292E-02
  3.631331E+00 3.489E-02
  3.631483E+00 3.884E-02
  3.631635E+00 4.588E-02
  3.631786E+00 5.774E-02
  3.631937E+00 7.732E-02
  3.632087E+00 1.096E-01
  3.632236E+00 1.635E-01
  3.632385E+00 2.556E-01
  3.632534E+00 4.191E-01
  3.632682E+00 7.247E-01
  3.632829E+00 1.338E+00
  3.632976E+00 2.690E+00
  3.633122E+00 6.058E+00
  3.633268E+00 1.541E+01
  3.633413E+00 3.563E+01
  3.633557E+00 3.892E+01
  3.633702E+00 2.521E+01
  3.633845E+00 1.671E+01
  3.633988E+00 1.218E+01
  3.634131E+00 9.370E+00
  3.634273E+00 7.313E+00
  3.634414E+00 5.658E+00
  3.634555E+00 4.321E+00
  3.634696E+00 3.282E+00
  3.634836E+00 2.508E+00
  3.634975E+00 1.944E+00
  3.635114E+00 1.538E+00
  3.635253E+00 1.244E+00
  3.635391E+00 1.029E+00
  3.635528E+00 8.690E-01
  3.635665E+00 7.478E-01
  3.635802E+00 6.546E-01
  3.635938E+00 5.816E-01
  3.636074E+00 5.235E-01
  3.636343E+00 4.383E-01
  3.636611E+00 3.799E-01
  3.637009E+00 3.217E-01
  3.637403E+00 2.838E-01
  3.638050E+00 2.446E-01
  3.638812E+00 2.187E-01
  3.639435E+00 2.090E-01
  3.639681E+00 2.108E-01
  3.639803E+00 2.160E-01
  3.639925E+00 2.327E-01
  3.640047E+00 3.417E-01
  3.640168E+00 4.159E-01
  3.640288E+00 1.758E-01
  3.642393E+00 1.813E-01
  3.643287E+00 1.945E-01
  3.643943E+00 2.166E-01
  3.644373E+00 2.433E-01
  3.644691E+00 2.754E-01
  3.645007E+00 3.268E-01
  3.645216E+00 3.803E-01
  3.645319E+00 4.164E-01
  3.645423E+00 4.616E-01
  3.645526E+00 5.192E-01
  3.645629E+00 5.943E-01
  3.645731E+00 6.948E-01
  3.645833E+00 8.337E-01
  3.645935E+00 1.034E+00
  3.646037E+00 1.337E+00
  3.646138E+00 1.828E+00
  3.646239E+00 2.701E+00
  3.646339E+00 4.468E+00
  3.646439E+00 8.808E+00
  3.646539E+00 2.231E+01
  3.646639E+00 4.570E+01
  3.646738E+00 2.108E+01
  3.646837E+00 8.184E+00
  3.646935E+00 4.087E+00
  3.647034E+00 2.432E+00
  3.647131E+00 1.624E+00
  3.647229E+00 1.176E+00
  3.647326E+00 9.037E-01
  3.647423E+00 7.279E-01
  3.647520E+00 6.089E-01
  3.647616E+00 5.258E-01
  3.647712E+00 4.665E-01
  3.647808E+00 4.239E-01
  3.647904E+00 3.936E-01
  3.647999E+00 3.727E-01
  3.648188E+00 3.531E-01
  3.648376E+00 3.599E-01
  3.648470E+00 3.742E-01
  3.648563E+00 3.976E-01
  3.648657E+00 4.332E-01
  3.648749E+00 4.859E-01
  3.648842E+00 5.645E-01
  3.648934E+00 6.853E-01
  3.649026E+00 8.798E-01
  3.649118E+00 1.216E+00
  3.649209E+00 1.860E+00
  3.649300E+00 3.241E+00
  3.649391E+00 6.253E+00
  3.649481E+00 8.674E+00
  3.649571E+00 5.176E+00
  3.649661E+00 2.473E+00
  3.649751E+00 1.333E+00
  3.649840E+00 8.186E-01
  3.649929E+00 5.549E-01
  3.650018E+00 4.049E-01
  3.650107E+00 3.126E-01
  3.650195E+00 2.522E-01
  3.650283E+00 2.107E-01
  3.650371E+00 1.811E-01
  3.650458E+00 1.592E-01
  3.650545E+00 1.425E-01
  3.650632E+00 1.296E-01
  3.650805E+00 1.109E-01
  3.651063E+00 9.346E-02
  3.651402E+00 7.950E-02
  3.651904E+00 6.664E-02
  3.653198E+00 4.314E-02
  3.653434E+00 4.021E-02
  3.653590E+00 3.980E-02
  3.653668E+00 4.054E-02
  3.653745E+00 4.233E-02
  3.653823E+00 4.568E-02
  3.653900E+00 5.136E-02
  3.653977E+00 6.060E-02
  3.654053E+00 7.535E-02
  3.654129E+00 9.879E-02
  3.654205E+00 1.362E-01
  3.654281E+00 1.967E-01
  3.654357E+00 2.960E-01
  3.654432E+00 4.614E-01
  3.654508E+00 7.391E-01
  3.654583E+00 1.198E+00
  3.654657E+00 1.904E+00
  3.654806E+00 3.703E+00
  3.654880E+00 4.248E+00
  3.654954E+00 4.453E+00
  3.655101E+00 4.666E+00
  3.655175E+00 5.000E+00
  3.655248E+00 5.650E+00
  3.655321E+00 6.789E+00
  3.655393E+00 8.707E+00
  3.655466E+00 1.179E+01
  3.655538E+00 1.590E+01
  3.655610E+00 1.839E+01
  3.655681E+00 1.566E+01
  3.655753E+00 1.056E+01
  3.655824E+00 6.713E+00
  3.655896E+00 4.403E+00
  3.655967E+00 3.043E+00
  3.656037E+00 2.214E+00
  3.656108E+00 1.684E+00
  3.656178E+00 1.330E+00
  3.656248E+00 1.083E+00
  3.656318E+00 9.048E-01
  3.656388E+00 7.727E-01
  3.656458E+00 6.721E-01
  3.656527E+00 5.939E-01
  3.656596E+00 5.318E-01
  3.656734E+00 4.407E-01
  3.656871E+00 3.782E-01
  3.657075E+00 3.153E-01
  3.657277E+00 2.738E-01
  3.657610E+00 2.247E-01
  3.657676E+00 2.063E-01
  3.657742E+00 2.667E-01
  3.657808E+00 2.279E-01
  3.657938E+00 2.124E-01
  3.658327E+00 1.909E-01
  3.658897E+00 1.761E-01
  3.659453E+00 1.736E-01
  3.659877E+00 1.813E-01
  3.660174E+00 1.956E-01
  3.660409E+00 2.172E-01
  3.660584E+00 2.447E-01
  3.660699E+00 2.726E-01
  3.660814E+00 3.133E-01
  3.660872E+00 3.411E-01
  3.660929E+00 3.762E-01
  3.660986E+00 4.212E-01
  3.661042E+00 4.803E-01
  3.661099E+00 5.601E-01
  3.661156E+00 6.717E-01
  3.661212E+00 8.344E-01
  3.661268E+00 1.085E+00
  3.661324E+00 1.499E+00
  3.661380E+00 2.257E+00
  3.661436E+00 3.853E+00
  3.661492E+00 7.992E+00
  3.661547E+00 2.100E+01
  3.661602E+00 3.068E+01
  3.661658E+00 1.209E+01
  3.661713E+00 5.070E+00
  3.661767E+00 2.690E+00
  3.661822E+00 1.671E+00
  3.661877E+00 1.153E+00
  3.661931E+00 8.584E-01
  3.661986E+00 6.761E-01
  3.662040E+00 5.568E-01
  3.662094E+00 4.753E-01
  3.662148E+00 4.182E-01
  3.662201E+00 3.775E-01
  3.662255E+00 3.484E-01
  3.662308E+00 3.282E-01
  3.662415E+00 3.072E-01
  3.662521E+00 3.078E-01
  3.662574E+00 3.162E-01
  3.662626E+00 3.310E-01
  3.662679E+00 3.537E-01
  3.662731E+00 3.870E-01
  3.662783E+00 4.353E-01
  3.662835E+00 5.062E-01
  3.662887E+00 6.133E-01
  3.662939E+00 7.829E-01
  3.662991E+00 1.070E+00
  3.663042E+00 1.599E+00
  3.663094E+00 2.683E+00
  3.663145E+00 4.973E+00
  3.663196E+00 7.568E+00
  3.663247E+00 5.492E+00
  3.663298E+00 2.781E+00
  3.663349E+00 1.505E+00
  3.663400E+00 9.193E-01
  3.663450E+00 6.198E-01
  3.663500E+00 4.504E-01
  3.663551E+00 3.465E-01
  3.663601E+00 2.788E-01
  3.663651E+00 2.323E-01
  3.663701E+00 1.991E-01
  3.663750E+00 1.746E-01
  3.663800E+00 1.560E-01
  3.663849E+00 1.415E-01
  3.663948E+00 1.208E-01
  3.664046E+00 1.067E-01
  3.664192E+00 9.260E-02
  3.664385E+00 8.050E-02
  3.664719E+00 6.699E-02
  3.665504E+00 4.337E-02
  3.665639E+00 4.103E-02
  3.665729E+00 4.160E-02
  3.665773E+00 4.324E-02
  3.665818E+00 4.639E-02
  3.665862E+00 5.188E-02
  3.665907E+00 6.095E-02
  3.665951E+00 7.568E-02
  3.665995E+00 9.948E-02
  3.666039E+00 1.382E-01
  3.666083E+00 2.018E-01
  3.666126E+00 3.079E-01
  3.666170E+00 4.858E-01
  3.666214E+00 7.803E-01
  3.666257E+00 1.236E+00
  3.666300E+00 1.831E+00
  3.666344E+00 2.385E+00
  3.666387E+00 2.677E+00
  3.666430E+00 2.700E+00
  3.666515E+00 2.521E+00
  3.666558E+00 2.505E+00
  3.666601E+00 2.585E+00
  3.666643E+00 2.791E+00
  3.666686E+00 3.167E+00
  3.666728E+00 3.798E+00
  3.666770E+00 4.846E+00
  3.666812E+00 6.624E+00
  3.666854E+00 9.672E+00
  3.666896E+00 1.443E+01
  3.666938E+00 1.871E+01
  3.666980E+00 1.684E+01
  3.667021E+00 1.120E+01
  3.667063E+00 6.948E+00
  3.667104E+00 4.484E+00
  3.667145E+00 3.076E+00
  3.667186E+00 2.231E+00
  3.667227E+00 1.696E+00
  3.667268E+00 1.339E+00
  3.667309E+00 1.091E+00
  3.667350E+00 9.114E-01
  3.667391E+00 7.779E-01
  3.667431E+00 6.755E-01
  3.667472E+00 5.949E-01
  3.667512E+00 5.294E-01
  3.667553E+00 4.735E-01
  3.667593E+00 4.315E-01
  3.667633E+00 5.251E-01
  3.667673E+00 4.111E-01
  3.667713E+00 3.745E-01
  3.667792E+00 3.282E-01
  3.667911E+00 2.829E-01
  3.668068E+00 2.444E-01
  3.668262E+00 2.146E-01
  3.668530E+00 1.907E-01
  3.668830E+00 1.775E-01
  3.669125E+00 1.753E-01
  3.669379E+00 1.844E-01
  3.669558E+00 2.027E-01
  3.669664E+00 2.230E-01
  3.669770E+00 2.571E-01
  3.669840E+00 2.936E-01
  3.669875E+00 3.188E-01
  3.669910E+00 3.506E-01
  3.669944E+00 3.918E-01
  3.669979E+00 4.464E-01
  3.670014E+00 5.207E-01
  3.670048E+00 6.257E-01
  3.670083E+00 7.809E-01
  3.670117E+00 1.024E+00
  3.670151E+00 1.436E+00
  3.670185E+00 2.217E+00
  3.670219E+00 3.950E+00
  3.670253E+00 8.805E+00
  3.670287E+00 2.394E+01
  3.670321E+00 2.266E+01
  3.670355E+00 8.143E+00
  3.670389E+00 3.634E+00
  3.670422E+00 2.025E+00
  3.670456E+00 1.304E+00
  3.670489E+00 9.255E-01
  3.670523E+00 7.052E-01
  3.670556E+00 5.671E-01
  3.670589E+00 4.759E-01
  3.670623E+00 4.134E-01
  3.670656E+00 3.698E-01
  3.670689E+00 3.391E-01
  3.670722E+00 3.178E-01
  3.670787E+00 2.957E-01
  3.670853E+00 2.954E-01
  3.670918E+00 3.172E-01
  3.670950E+00 3.389E-01
  3.670983E+00 3.707E-01
  3.671015E+00 4.168E-01
  3.671047E+00 4.844E-01
  3.671080E+00 5.865E-01
  3.671112E+00 7.476E-01
  3.671144E+00 1.019E+00
  3.671176E+00 1.513E+00
  3.671208E+00 2.507E+00
  3.671239E+00 4.529E+00
  3.671271E+00 6.769E+00
  3.671303E+00 5.122E+00
  3.671334E+00 2.697E+00
  3.671366E+00 1.486E+00
  3.671397E+00 9.164E-01
  3.671429E+00 6.216E-01
  3.671460E+00 4.538E-01
  3.671491E+00 3.504E-01
  3.671523E+00 2.828E-01
  3.671554E+00 2.362E-01
  3.671585E+00 2.029E-01
  3.671616E+00 1.783E-01
  3.671647E+00 1.596E-01
  3.671708E+00 1.334E-01
  3.671770E+00 1.162E-01
  3.671861E+00 9.957E-02
  3.671982E+00 8.584E-02
  3.672162E+00 7.307E-02
  3.672745E+00 4.496E-02
  3.672859E+00 4.077E-02
  3.672915E+00 4.041E-02
  3.672943E+00 4.128E-02
  3.672971E+00 4.334E-02
  3.672999E+00 4.724E-02
  3.673027E+00 5.400E-02
  3.673055E+00 6.530E-02
  3.673083E+00 8.391E-02
  3.673111E+00 1.146E-01
  3.673138E+00 1.656E-01
  3.673166E+00 2.513E-01
  3.673194E+00 3.969E-01
  3.673221E+00 6.413E-01
  3.673249E+00 1.027E+00
  3.673303E+00 2.034E+00
  3.673331E+00 2.286E+00
  3.673358E+00 2.284E+00
  3.673412E+00 2.056E+00
  3.673439E+00 1.997E+00
  3.673466E+00 2.008E+00
  3.673493E+00 2.101E+00
  3.673520E+00 2.296E+00
  3.673547E+00 2.629E+00
  3.673574E+00 3.171E+00
  3.673601E+00 4.055E+00
  3.673627E+00 5.537E+00
  3.673654E+00 8.099E+00
  3.673681E+00 1.238E+01
  3.673707E+00 1.756E+01
  3.673734E+00 1.811E+01
  3.673760E+00 1.291E+01
  3.673786E+00 8.054E+00
  3.673813E+00 5.140E+00
  3.673839E+00 3.491E+00
  3.673865E+00 2.532E+00
  3.673891E+00 2.052E+00
  3.673917E+00 1.397E+00
  3.673943E+00 1.151E+00
  3.673969E+00 9.655E-01
  3.673995E+00 8.246E-01
  3.674021E+00 7.166E-01
  3.674047E+00 6.322E-01
  3.674073E+00 5.651E-01
  3.674124E+00 4.665E-01
  3.674175E+00 3.986E-01
  3.674226E+00 3.499E-01
  3.674302E+00 2.989E-01
  3.674403E+00 2.550E-01
  3.674528E+00 2.213E-01
  3.674676E+00 1.973E-01
  3.674870E+00 1.807E-01
  3.675062E+00 1.765E-01
  3.675227E+00 1.843E-01
  3.675343E+00 2.017E-01
  3.675412E+00 2.217E-01
  3.675481E+00 2.558E-01
  3.675527E+00 2.930E-01
  3.675550E+00 3.190E-01
  3.675573E+00 3.522E-01
  3.675595E+00 3.957E-01
  3.675618E+00 4.541E-01
  3.675641E+00 5.351E-01
  3.675663E+00 6.521E-01
  3.675686E+00 8.302E-01
  3.675708E+00 1.120E+00
  3.675731E+00 1.639E+00
  3.675753E+00 2.700E+00
  3.675775E+00 5.354E+00
  3.675798E+00 1.391E+01
  3.675820E+00 2.826E+01
  3.675842E+00 1.212E+01
  3.675864E+00 4.695E+00
  3.675886E+00 2.377E+00
  3.675908E+00 1.440E+00
  3.675931E+00 9.823E-01
  3.675953E+00 7.280E-01
  3.675974E+00 5.738E-01
  3.675996E+00 4.745E-01
  3.676018E+00 4.077E-01
  3.676040E+00 3.617E-01
  3.676062E+00 3.296E-01
  3.676084E+00 3.074E-01
  3.676105E+00 2.927E-01
  3.676149E+00 2.808E-01
  3.676192E+00 2.894E-01
  3.676213E+00 3.022E-01
  3.676235E+00 3.222E-01
  3.676256E+00 3.517E-01
  3.676277E+00 3.946E-01
  3.676299E+00 4.576E-01
  3.676320E+00 5.524E-01
  3.676341E+00 7.017E-01
  3.676362E+00 9.514E-01
  3.676384E+00 1.404E+00
  3.676405E+00 2.299E+00
  3.676426E+00 4.088E+00
  3.676447E+00 6.110E+00
  3.676468E+00 4.807E+00
  3.676489E+00 2.598E+00
  3.676510E+00 1.445E+00
  3.676531E+00 8.952E-01
  3.676551E+00 6.090E-01
  3.676572E+00 4.457E-01
  3.676593E+00 3.450E-01
  3.676614E+00 2.790E-01
  3.676634E+00 2.337E-01
  3.676655E+00 2.012E-01
  3.676676E+00 1.771E-01
  3.676696E+00 1.588E-01
  3.676737E+00 1.332E-01
  3.676778E+00 1.164E-01
  3.676839E+00 1.001E-01
  3.676920E+00 8.662E-02
  3.677040E+00 7.412E-02
  3.677488E+00 4.277E-02
  3.677545E+00 3.987E-02
  3.677582E+00 3.969E-02
  3.677601E+00 4.078E-02
  3.677620E+00 4.325E-02
  3.677639E+00 4.786E-02
  3.677658E+00 5.587E-02
  3.677676E+00 6.935E-02
  3.677695E+00 9.185E-02
  3.677714E+00 1.295E-01
  3.677732E+00 1.932E-01
  3.677751E+00 3.019E-01
  3.677769E+00 4.875E-01
  3.677788E+00 7.926E-01
  3.677825E+00 1.732E+00
  3.677843E+00 2.060E+00
  3.677862E+00 2.122E+00
  3.677898E+00 1.900E+00
  3.677917E+00 1.812E+00
  3.677935E+00 1.783E+00
  3.677953E+00 1.820E+00
  3.677971E+00 1.933E+00
  3.677989E+00 2.144E+00
  3.678008E+00 2.489E+00
  3.678026E+00 3.042E+00
  3.678044E+00 3.939E+00
  3.678062E+00 5.449E+00
  3.678080E+00 8.080E+00
  3.678098E+00 1.255E+01
  3.678115E+00 1.815E+01
  3.678133E+00 1.965E+01
  3.678151E+00 9.602E+00
  3.678169E+00 7.497E+00
  3.678187E+00 4.902E+00
  3.678205E+00 3.353E+00
  3.678222E+00 2.420E+00
  3.678240E+00 1.831E+00
  3.678258E+00 1.441E+00
  3.678275E+00 1.170E+00
  3.678293E+00 9.760E-01
  3.678310E+00 8.320E-01
  3.678328E+00 7.223E-01
  3.678345E+00 6.370E-01
  3.678380E+00 5.145E-01
  3.678415E+00 4.325E-01
  3.678450E+00 3.748E-01
  3.678501E+00 3.155E-01
  3.678570E+00 2.655E-01
  3.678655E+00 2.276E-01
  3.678756E+00 2.011E-01
  3.678889E+00 1.828E-01
  3.679020E+00 1.777E-01
  3.679117E+00 1.833E-01
  3.679197E+00 1.984E-01
  3.679245E+00 2.161E-01
  3.679293E+00 2.463E-01
  3.679324E+00 2.791E-01
  3.679340E+00 3.018E-01
  3.679356E+00 3.307E-01
  3.679371E+00 3.683E-01
  3.679387E+00 4.183E-01
  3.679403E+00 4.869E-01
  3.679418E+00 5.845E-01
  3.679434E+00 7.303E-01
  3.679449E+00 9.620E-01
  3.679465E+00 1.363E+00
  3.679480E+00 2.143E+00
  3.679496E+00 3.959E+00
  3.679511E+00 9.412E+00
  3.679527E+00 2.516E+01
  3.679542E+00 1.641E+01
  3.679557E+00 5.816E+00
  3.679573E+00 2.715E+00
  3.679588E+00 1.565E+00
  3.679603E+00 1.033E+00
  3.679618E+00 7.481E-01
  3.679634E+00 5.801E-01
  3.679649E+00 4.739E-01
  3.679664E+00 4.036E-01
  3.679679E+00 3.555E-01
  3.679694E+00 3.221E-01
  3.679709E+00 2.991E-01
  3.679724E+00 2.838E-01
  3.679754E+00 2.706E-01
  3.679784E+00 2.773E-01
  3.679799E+00 2.887E-01
  3.679814E+00 3.069E-01
  3.679829E+00 3.339E-01
  3.679844E+00 3.732E-01
  3.679859E+00 4.308E-01
  3.679874E+00 5.172E-01
  3.679888E+00 6.525E-01
  3.679903E+00 8.770E-01
  3.679918E+00 1.279E+00
  3.679933E+00 2.064E+00
  3.679947E+00 3.626E+00
  3.679962E+00 5.578E+00
  3.679977E+00 4.714E+00
  3.679991E+00 2.616E+00
  3.680006E+00 1.456E+00
  3.680020E+00 8.976E-01
  3.680035E+00 6.084E-01
  3.680049E+00 4.441E-01
  3.680064E+00 3.433E-01
  3.680078E+00 2.774E-01
  3.680093E+00 2.323E-01
  3.680107E+00 2.000E-01
  3.680121E+00 1.761E-01
  3.680150E+00 1.439E-01
  3.680164E+00 1.327E-01
  3.680207E+00 1.099E-01
  3.680250E+00 9.611E-02
  3.680306E+00 8.434E-02
  3.680404E+00 7.143E-02
  3.680731E+00 4.018E-02
  3.680758E+00 3.884E-02
  3.680771E+00 3.887E-02
  3.680784E+00 3.973E-02
  3.680797E+00 4.188E-02
  3.680811E+00 4.606E-02
  3.680824E+00 5.348E-02
  3.680837E+00 6.614E-02
  3.680850E+00 8.749E-02
  3.680863E+00 1.235E-01
  3.680877E+00 1.849E-01
  3.680890E+00 2.904E-01
  3.680903E+00 4.715E-01
  3.680916E+00 7.699E-01
  3.680929E+00 1.203E+00
  3.680942E+00 1.673E+00
  3.680955E+00 1.970E+00
  3.680968E+00 2.011E+00
  3.680994E+00 1.786E+00
  3.681007E+00 1.701E+00
  3.681019E+00 1.672E+00
  3.681032E+00 1.704E+00
  3.681045E+00 1.806E+00
  3.681058E+00 1.995E+00
  3.681071E+00 2.307E+00
  3.681084E+00 2.807E+00
  3.681096E+00 3.630E+00
  3.681109E+00 5.103E+00
  3.681122E+00 9.594E+00
  3.681135E+00 8.849E+00
  3.681147E+00 1.451E+01
  3.681160E+00 1.738E+01
  3.681172E+00 1.386E+01
  3.681185E+00 8.920E+00
  3.681198E+00 5.664E+00
  3.681210E+00 3.788E+00
  3.681223E+00 2.686E+00
  3.681235E+00 2.004E+00
  3.681248E+00 1.559E+00
  3.681260E+00 1.254E+00
  3.681273E+00 1.038E+00
  3.681285E+00 8.793E-01
  3.681298E+00 7.593E-01
  3.681310E+00 6.665E-01
  3.681335E+00 5.343E-01
  3.681347E+00 4.863E-01
  3.681372E+00 4.132E-01
  3.681397E+00 3.610E-01
  3.681433E+00 3.067E-01
  3.681482E+00 2.602E-01
  3.681542E+00 2.246E-01
  3.681614E+00 1.995E-01
  3.681709E+00 1.825E-01
  3.681803E+00 1.790E-01
  3.681872E+00 1.869E-01
  3.681918E+00 2.010E-01
  3.681952E+00 2.204E-01
  3.681975E+00 2.405E-01
  3.681997E+00 2.706E-01
  3.682009E+00 2.914E-01
  3.682020E+00 3.176E-01
  3.682031E+00 3.516E-01
  3.682043E+00 3.966E-01
  3.682054E+00 4.578E-01
  3.682065E+00 5.441E-01
  3.682076E+00 6.714E-01
  3.682087E+00 8.703E-01
  3.682099E+00 1.207E+00
  3.682110E+00 1.841E+00
  3.682121E+00 3.250E+00
  3.682132E+00 7.225E+00
  3.682143E+00 2.038E+01
  3.682154E+00 2.015E+01
  3.682165E+00 6.938E+00
  3.682176E+00 3.033E+00
  3.682187E+00 1.677E+00
  3.682198E+00 1.078E+00
  3.682209E+00 7.665E-01
  3.682220E+00 5.866E-01
  3.682231E+00 4.746E-01
  3.682242E+00 4.011E-01
  3.682253E+00 3.513E-01
  3.682264E+00 3.169E-01
  3.682275E+00 2.931E-01
  3.682286E+00 2.772E-01
  3.682307E+00 2.628E-01
  3.682329E+00 2.679E-01
  3.682340E+00 2.782E-01
  3.682351E+00 2.947E-01
  3.682361E+00 3.195E-01
  3.682372E+00 3.556E-01
  3.682383E+00 4.085E-01
  3.682394E+00 4.876E-01
  3.682404E+00 6.106E-01
  3.682415E+00 8.130E-01
  3.682426E+00 1.171E+00
  3.682436E+00 1.862E+00
  3.682447E+00 3.236E+00
  3.682458E+00 5.139E+00
  3.682468E+00 4.706E+00
  3.682479E+00 2.691E+00
  3.682489E+00 1.493E+00
  3.682500E+00 9.136E-01
  3.682510E+00 6.152E-01
  3.682521E+00 4.469E-01
  3.682531E+00 3.443E-01
  3.682542E+00 2.776E-01
  3.682552E+00 2.321E-01
  3.682563E+00 1.997E-01
  3.682573E+00 1.758E-01
  3.682594E+00 1.436E-01
  3.682604E+00 1.324E-01
  3.682635E+00 1.097E-01
  3.682666E+00 9.605E-02
  3.682707E+00 8.441E-02
  3.682779E+00 7.169E-02
  3.682856E+00 6.149E-02
  3.692846E+00 1.577E+00
  3.692856E+00 1.167E+00
  3.717800E+00 1.033E+00
  3.817573E+00 8.249E-01
  3.867460E+00 7.913E-01
  3.942290E+00 7.655E-01
  4.017119E+00 7.233E-01
  4.166779E+00 6.838E-01
  4.590816E+00 5.497E-01
  5.089682E+00 4.211E-01
  5.613491E+00 3.227E-01
  6.012584E+00 2.652E-01
  6.137301E+00 2.513E-01
  6.261285E+00 2.367E-01
  6.387768E+00 2.229E-01
  6.516809E+00 2.099E-01
  6.648459E+00 1.977E-01
  6.782768E+00 1.862E-01
  6.919786E+00 1.753E-01
  7.059574E+00 1.651E-01
  7.202188E+00 1.555E-01
  7.347681E+00 1.464E-01
  7.496119E+00 1.379E-01
  7.647547E+00 1.299E-01
  7.802036E+00 1.223E-01
  7.959652E+00 1.152E-01
  8.120445E+00 1.085E-01
  8.284487E+00 1.022E-01
  8.451847E+00 9.622E-02
  8.622584E+00 9.062E-02
  8.796775E+00 8.534E-02
  8.974478E+00 8.037E-02
  9.155780E+00 7.569E-02
  9.340734E+00 7.128E-02
  9.529428E+00 6.713E-02
  9.721939E+00 6.322E-02
  9.918336E+00 5.954E-02
  1.011870E+01 5.607E-02
  1.032311E+01 5.281E-02
  1.053165E+01 4.973E-02
  1.074440E+01 4.684E-02
  1.096146E+01 4.411E-02
  1.118289E+01 4.154E-02
  1.140880E+01 3.912E-02
  1.163927E+01 3.684E-02
  1.187440E+01 3.470E-02
  1.211428E+01 3.268E-02
  1.235901E+01 3.077E-02
  1.260867E+01 2.898E-02
  1.286339E+01 2.729E-02
  1.312324E+01 2.570E-02
  1.338835E+01 2.421E-02
  1.365882E+01 2.280E-02
  1.393474E+01 2.147E-02
  1.421624E+01 2.022E-02
  1.450343E+01 1.904E-02
  1.479641E+01 1.793E-02
  1.509533E+01 1.689E-02
  1.540027E+01 1.591E-02
  1.571138E+01 1.498E-02
  1.602876E+01 1.411E-02
  1.635257E+01 1.329E-02
  1.668291E+01 1.251E-02
  1.701991E+01 1.178E-02
  1.736375E+01 1.110E-02
  1.771451E+01 1.045E-02
  1.807237E+01 9.842E-03
  1.843745E+01 9.269E-03
  1.880992E+01 8.729E-03
  1.918990E+01 8.221E-03
  1.957758E+01 7.742E-03
  1.997305E+01 7.291E-03
  2.037654E+01 6.866E-03
  2.078816E+01 6.467E-03
  2.120813E+01 6.090E-03
  2.163655E+01 5.735E-03
  2.207365E+01 5.401E-03
  2.251955E+01 5.087E-03
  2.297449E+01 4.791E-03
  2.343860E+01 4.512E-03
  2.391209E+01 4.249E-03
  2.439514E+01 4.001E-03